Parameters
100 3
F_el
0.00180000000000 0.10747923159836 0.00150000000000 0.02378961365419 0.04198655479592 0.00180000000000 0.02807324338435 0.00220000000000 0.00200000000000 0.04115870764832 0.00160000000000 0.01629284010201 0.03421212182628 0.00170000000000 0.01861182112861 0.00200000000000 
0.00160000000000 0.00120000000000 0.00200000000000 0.00130000000000 0.00160000000000 0.00120000000000 0.00190000000000 0.00120000000000 0.00150000000000 0.00120000000000 0.00180000000000 0.00120000000000 0.00150000000000 0.00120000000000 0.00180000000000 0.00120000000000 
0.00180000000000 0.00140000000000 0.00190000000000 0.00150000000000 0.00120000000000 0.00110000000000 0.00130000000000 0.00120000000000 0.00160000000000 0.00140000000000 0.00170000000000 0.00140000000000 0.00120000000000 0.00110000000000 0.00120000000000 0.00110000000000 
0.00150000000000 0.00140000000000 0.00110000000000 0.00110000000000 0.00200000000000 0.00190000000000 0.00120000000000 0.00120000000000 0.00120000000000 0.00120000000000 0.00110000000000 0.00110000000000 0.00130000000000 0.00130000000000 0.00110000000000 0.00110000000000 
0.01760827589742 0.02445853137174 0.01962101532481 0.00210000000000 0.05160541257178 0.01511574225701 0.00220000000000 0.00150000000000 0.01652842424777 0.01973753120593 0.01764240225114 0.00240000000000 0.07751099877454 0.01595450275957 0.00260000000000 0.00150000000000 
0.02297108572806 0.02121682810069 0.01759222345886 0.02932525759437 0.00710000000000 0.00180000000000 0.11956943146198 0.02906986502543 0.04369623183826 0.02743050959655 0.01386388959238 0.02003681800841 0.01773979559126 0.01421674852064 0.02050321121555 0.04675051849371 
0.00690000000000 0.00120000000000 0.02577030756242 0.00150000000000 0.00190000000000 0.00120000000000 0.02059801041121 0.00140000000000 0.03571460564154 0.00170000000000 0.01888311720981 0.01711480137973 0.02430022997844 0.00150000000000 0.02236964030810 0.01558867017493 
0.04973261965942 0.02978655691770 0.02410143787108 0.02050000815127 0.01602736743646 0.01706653756544 0.01842667096382 0.02006533910374 0.02119358206833 0.01967818581180 0.01777364732443 0.01491564926398 0.01770290037262 0.02017976186075 0.02120985414573 0.02466423141018 
0.00680000000000 0.02428148006614 0.00150000000000 0.00250000000000 0.00210000000000 0.10326414885445 0.00150000000000 0.00240000000000 0.01724250965690 0.00170000000000 0.03660999536323 0.00230000000000 0.01615320937950 0.00150000000000 0.10270635602973 0.00190000000000 
0.00140000000000 0.00120000000000 0.00140000000000 0.00120000000000 0.00110000000000 0.00100000000000 0.00110000000000 0.00100000000000 0.00110000000000 0.00110000000000 0.00110000000000 0.00110000000000 0.00100000000000 0.00100000000000 0.00100000000000 0.00100000000000 
0.02080542670595 0.01985670584597 0.01862638328103 0.02156777444447 0.01594860401177 0.00210000000000 0.02461492966099 0.10442184897495 0.01606101855089 0.00220000000000 0.02420168260206 0.10469511883855 0.00210000000000 0.00170000000000 0.10418515834589 0.11762408998123 
0.02358165858522 0.00180000000000 0.01960302665262 0.00210000000000 0.10304505560549 0.00150000000000 0.03791180927897 0.00160000000000 0.01554039641404 0.02018783765870 0.01458685494471 0.02432377147159 0.01895508125216 0.01552513976017 0.01715434210861 0.01714236334186 
0.01714700741168 0.00150000000000 0.00210000000000 0.00130000000000 0.02369112141106 0.02516038433857 0.10876595657918 0.01678288959617 0.01874095112328 0.00160000000000 0.01423588398906 0.00140000000000 0.02141231432107 0.03053876957502 0.04657569490955 0.01818122407375 
0.02368394735306 0.01665243870649 0.00190000000000 0.01510922692168 0.00150000000000 0.00130000000000 0.01688220009679 0.00250000000000 0.10553520192160 0.02437180593208 0.00190000000000 0.01642936020911 0.00190000000000 0.00150000000000 0.09524697619511 0.01764713292738 
0.00150000000000 0.00120000000000 0.01435447075137 0.00150000000000 0.00140000000000 0.00120000000000 0.01528392872650 0.00150000000000 0.00170000000000 0.00130000000000 0.01727255301416 0.00180000000000 0.00170000000000 0.00130000000000 0.01837358255538 0.00180000000000 
0.01664541505428 0.00180000000000 0.00160000000000 0.00130000000000 0.00200000000000 0.00140000000000 0.00140000000000 0.00120000000000 0.05583159475311 0.01698007189294 0.00250000000000 0.00160000000000 0.01899615199850 0.00210000000000 0.00170000000000 0.00140000000000 
0.00150000000000 0.00190000000000 0.00140000000000 0.00160000000000 0.00110000000000 0.00120000000000 0.00110000000000 0.00110000000000 0.00120000000000 0.00130000000000 0.00120000000000 0.00120000000000 0.00100000000000 0.00110000000000 0.00100000000000 0.00100000000000 
0.00220000000000 0.01740275762560 0.00120000000000 0.00130000000000 0.00170000000000 0.01443233653248 0.00110000000000 0.00120000000000 0.00160000000000 0.00550000000000 0.00110000000000 0.00120000000000 0.00140000000000 0.00180000000000 0.00110000000000 0.00110000000000 
0.01628049393431 0.00180000000000 0.02989806247289 0.01770639318427 0.01580800068223 0.00160000000000 0.02460361006732 0.01512731445527 0.02200074533948 0.01623869675110 0.04329502766984 0.02273466201579 0.01995192561247 0.01367101609549 0.03100900848561 0.02077402112384 
0.01492885309726 0.00170000000000 0.00660000000000 0.00160000000000 0.01669021282323 0.00170000000000 0.01584247099892 0.00160000000000 0.02535307310771 0.03225154230775 0.03791637889839 0.02171061530777 0.03709820824585 0.02813783539178 0.03677053041669 0.02251016797790 
0.00170000000000 0.00140000000000 0.01720957840916 0.01342420206812 0.02951729196983 0.02158304970927 0.09536809310517 0.02942480188183 0.00160000000000 0.00140000000000 0.01602099928325 0.00180000000000 0.02319260949702 0.01916400959237 0.04062524612999 0.02622753376776 
0.01412801279608 0.01457301145577 0.00120000000000 0.00120000000000 0.00150000000000 0.00150000000000 0.00110000000000 0.00110000000000 0.05947092564960 0.08364221846901 0.00160000000000 0.00170000000000 0.00690000000000 0.00730000000000 0.00130000000000 0.00130000000000 
0.00200000000000 0.06520519625796 0.00190000000000 0.03612577893665 0.02522655650792 0.01807682782769 0.02305764758808 0.01932286346561 0.00160000000000 0.01975684691241 0.00160000000000 0.01719466655833 0.00340000000000 0.00200000000000 0.00270000000000 0.00230000000000 
0.02050993031446 0.01498864975696 0.00160000000000 0.00490000000000 0.02522281944836 0.02026679790207 0.00590000000000 0.00570000000000 0.02286001696393 0.02208607864251 0.00170000000000 0.00550000000000 0.02651845117290 0.10235343729833 0.00580000000000 0.00600000000000 
0.00150000000000 0.00110000000000 0.00130000000000 0.00110000000000 0.00150000000000 0.00110000000000 0.00130000000000 0.00110000000000 0.00130000000000 0.00110000000000 0.00120000000000 0.00110000000000 0.00130000000000 0.00110000000000 0.00120000000000 0.00100000000000 
0.00220000000000 0.02022966386889 0.00200000000000 0.01624059242047 0.07104269218370 0.06423243473861 0.01587053129386 0.03190675224461 0.00160000000000 0.01693512925616 0.00160000000000 0.00630000000000 0.02031307028621 0.03017737242032 0.00710000000000 0.02761656055145 
0.00140000000000 0.00170000000000 0.00130000000000 0.00140000000000 0.01791422880797 0.02418138202170 0.01468855889437 0.01885163289785 0.00140000000000 0.00160000000000 0.00130000000000 0.00140000000000 0.01986284974905 0.02501503822824 0.01647667072387 0.01993357431077 
0.00200000000000 0.02991047380909 0.00150000000000 0.02541237322131 0.00150000000000 0.02016422681520 0.00130000000000 0.00740000000000 0.00140000000000 0.02235139919065 0.00130000000000 0.01610776849012 0.00130000000000 0.01291929042240 0.00120000000000 0.00170000000000 
0.05605477122755 0.01589586430576 0.06187851192365 0.01600320239127 0.00540000000000 0.00130000000000 0.00540000000000 0.00130000000000 0.10526269866014 0.00750000000000 0.10580261086744 0.00770000000000 0.00170000000000 0.00130000000000 0.00170000000000 0.00130000000000 
0.01524741607642 0.00210000000000 0.01619563480082 0.01548560564243 0.01490528914758 0.00210000000000 0.01526038392938 0.01427623394190 0.02132211332381 0.01580902916185 0.00190000000000 0.00200000000000 0.02147557529843 0.01535067320462 0.00180000000000 0.00190000000000 
0.01768903593953 0.01457658866543 0.01876476011097 0.01568155398527 0.00210000000000 0.00160000000000 0.01469947722116 0.00180000000000 0.00180000000000 0.00150000000000 0.00190000000000 0.00160000000000 0.00140000000000 0.00130000000000 0.00150000000000 0.00130000000000 
0.00150000000000 0.00160000000000 0.00130000000000 0.00130000000000 0.01630724930667 0.01446319210271 0.00170000000000 0.00170000000000 0.00140000000000 0.00140000000000 0.00120000000000 0.00130000000000 0.00210000000000 0.00230000000000 0.00150000000000 0.00150000000000 
0.01702737005137 0.02585028509807 0.01560404083669 0.05831874292298 0.00250000000000 0.11903120636129 0.00170000000000 0.03195734939983 0.03061784278521 0.01698600813991 0.02048149657668 0.02288906757126 0.02125569611529 0.02099515576464 0.01735185586866 0.11147515996642 
0.01471822135660 0.01503217517007 0.01897340922969 0.01978299186190 0.01675453826882 0.01729027903497 0.02755609577205 0.03175164981437 0.00230000000000 0.00670000000000 0.01698110899306 0.01761928613132 0.01533833194498 0.01576614607171 0.02210376897305 0.02387436937683 
0.00150000000000 0.00130000000000 0.00120000000000 0.00110000000000 0.00150000000000 0.00130000000000 0.00120000000000 0.00110000000000 0.00110000000000 0.00100000000000 0.00100000000000 0.00100000000000 0.00110000000000 0.00100000000000 0.00100000000000 0.00100000000000 
0.00180000000000 0.00140000000000 0.00180000000000 0.00130000000000 0.00120000000000 0.00110000000000 0.00120000000000 0.00110000000000 0.00150000000000 0.00120000000000 0.00160000000000 0.00120000000000 0.00110000000000 0.00110000000000 0.00110000000000 0.00110000000000 
0.00150000000000 0.00160000000000 0.00160000000000 0.00160000000000 0.00160000000000 0.00160000000000 0.00170000000000 0.00170000000000 0.01766883715399 0.01692695427348 0.01872541594495 0.01799992109991 0.01902875358251 0.01820251925038 0.02069224941891 0.02005228852421 
0.01595933479524 0.00170000000000 0.01501178831907 0.00150000000000 0.02017195590949 0.03316323355050 0.08846833982426 0.02277594578578 0.01600741727553 0.00250000000000 0.01687161735524 0.00180000000000 0.00160000000000 0.00180000000000 0.01923974235412 0.02944751786835 
0.01543231939144 0.01686191988525 0.02441837220080 0.01816936355979 0.00550000000000 0.00640000000000 0.03601982298178 0.07895021428033 0.00130000000000 0.00130000000000 0.01391727114941 0.00320000000000 0.00110000000000 0.00120000000000 0.00170000000000 0.00190000000000 
0.03159313207273 0.01833737889783 0.02635781987891 0.01738285463596 0.02138090624765 0.01798883852905 0.02035260535570 0.01558118199554 0.01334415033156 0.02021027527668 0.01580948286170 0.02073100978609 0.02397669712698 0.06269410018383 0.02510164534707 0.04391861576484 
0.00160000000000 0.00140000000000 0.03620866266189 0.00300000000000 0.02499520551429 0.01790180265308 0.00590000000000 0.00680000000000 0.00180000000000 0.00150000000000 0.00270000000000 0.00370000000000 0.02223423126130 0.02218655257756 0.00140000000000 0.00150000000000 
0.00140000000000 0.00120000000000 0.01507389789265 0.00540000000000 0.00150000000000 0.00120000000000 0.01407131671123 0.00580000000000 0.00130000000000 0.00110000000000 0.00180000000000 0.00140000000000 0.00130000000000 0.00120000000000 0.00190000000000 0.00140000000000 
0.00170000000000 0.01618623330674 0.00140000000000 0.00200000000000 0.00150000000000 0.00210000000000 0.00130000000000 0.00160000000000 0.04201983905111 0.01903682197097 0.01642622767654 0.00800000000000 0.01852916222840 0.02088232324447 0.00240000000000 0.03476441031516 
0.05424727316259 0.01532716495890 0.03821072103680 0.01706370957534 0.02775887281719 0.01761289693289 0.02482664723052 0.02138963089224 0.10519554884007 0.02692666429819 0.08713830199353 0.10806034676108 0.08000229848858 0.11642626217991 0.07675557080587 0.11700829403543 
0.03304870044480 0.02185941750478 0.00160000000000 0.00640000000000 0.02912997776576 0.02001107216664 0.00160000000000 0.00240000000000 0.02185734143489 0.03812577498914 0.00150000000000 0.00210000000000 0.02034544178280 0.03258897979096 0.00140000000000 0.00190000000000 
0.00160000000000 0.00110000000000 0.00150000000000 0.00110000000000 0.00170000000000 0.00110000000000 0.00150000000000 0.00110000000000 0.01618265328232 0.00130000000000 0.00220000000000 0.00120000000000 0.01735008982143 0.00130000000000 0.00250000000000 0.00120000000000 
0.01714018361185 0.01607846675249 0.02381174554721 0.02173965876407 0.10557650317397 0.06702391388156 0.02628591567954 0.02423474609975 0.01842518023943 0.01717347012968 0.02778851258272 0.02482757097648 0.10456467403359 0.04432656288015 0.02370771636103 0.02217533482820 
0.03902606967678 0.02100345103792 0.01627617786770 0.00180000000000 0.01845050917171 0.02806647645963 0.05062271549617 0.01842660777017 0.00140000000000 0.00160000000000 0.00680000000000 0.01812882705492 0.00120000000000 0.00130000000000 0.00150000000000 0.00180000000000 
0.00160000000000 0.00120000000000 0.01650169567844 0.00140000000000 0.02226265279775 0.00150000000000 0.02937440436241 0.01584948629861 0.00160000000000 0.00120000000000 0.01637959158315 0.00140000000000 0.02184428509238 0.00150000000000 0.03018986247824 0.01573145307269 
0.00170000000000 0.00660000000000 0.00230000000000 0.01614459865278 0.00230000000000 0.00920000000000 0.00640000000000 0.11636806483501 0.01808110516516 0.02481939279263 0.02165335677351 0.03918382543285 0.02545061748020 0.05569201560585 0.04502962730303 0.02927896678650 
0.01640024235207 0.01927808606167 0.01617970672051 0.01948848451374 0.01561668389759 0.01627248931975 0.01539810779931 0.01628415152445 0.01590744766419 0.00250000000000 0.01568233539849 0.00260000000000 0.01554707195294 0.00200000000000 0.00320000000000 0.00200000000000 
0.00160000000000 0.00160000000000 0.00160000000000 0.00160000000000 0.00170000000000 0.00160000000000 0.00170000000000 0.00170000000000 0.00140000000000 0.00140000000000 0.00140000000000 0.00140000000000 0.00140000000000 0.00140000000000 0.00150000000000 0.00150000000000 
0.02965782576333 0.10404554206343 0.02695645305169 0.07079001192765 0.00790000000000 0.05519181501289 0.00710000000000 0.03209195078758 0.02105846837150 0.02135580845698 0.01982823494609 0.02132213801312 0.01923176257195 0.02558943086039 0.01860503106922 0.02502360106497 
0.00140000000000 0.00170000000000 0.00130000000000 0.00150000000000 0.00150000000000 0.00540000000000 0.00130000000000 0.00160000000000 0.00140000000000 0.00160000000000 0.00130000000000 0.00150000000000 0.00140000000000 0.00530000000000 0.00130000000000 0.00150000000000 
0.01468199890136 0.02007942082576 0.00180000000000 0.01630783330906 0.00140000000000 0.00160000000000 0.00130000000000 0.00140000000000 0.00190000000000 0.01636804544130 0.00150000000000 0.00200000000000 0.00130000000000 0.00140000000000 0.00120000000000 0.00130000000000 
0.00240000000000 0.00910000000000 0.01799844625592 0.01912563588382 0.00150000000000 0.00510000000000 0.00240000000000 0.00830000000000 0.10313667774764 0.02769068962518 0.00280000000000 0.02407605831440 0.01621149234607 0.01764973877736 0.02284547377041 0.02483300967698 
0.00740000000000 0.00740000000000 0.00140000000000 0.00140000000000 0.02744654258326 0.02735540076703 0.00580000000000 0.00580000000000 0.00250000000000 0.00250000000000 0.00150000000000 0.00150000000000 0.00700000000000 0.00700000000000 0.00200000000000 0.00200000000000 
0.01702729454293 0.02020161281032 0.01478456880723 0.01612518158105 0.01519793001945 0.01654020007101 0.00200000000000 0.01427968922432 0.02223351071858 0.05900024827724 0.01709434489946 0.02101541267492 0.01815909577249 0.02355225178349 0.01524517628171 0.01639267637751 
0.02921307890701 0.00190000000000 0.06925917363955 0.01555939534477 0.01752399409807 0.01763697931337 0.01576800516929 0.02886885036274 0.02214485380335 0.00180000000000 0.03526631808421 0.01536439071053 0.02264442545550 0.01614165646804 0.01865284468999 0.02100021667145 
0.01693881711827 0.00150000000000 0.00610000000000 0.00130000000000 0.01744722751546 0.00160000000000 0.00630000000000 0.00130000000000 0.02226148943960 0.00180000000000 0.01571083212761 0.00140000000000 0.02401305158358 0.00180000000000 0.01580580992158 0.00140000000000 
0.08050052859357 0.01828497606106 0.07598948368685 0.01838265757192 0.02679847923454 0.01652005231765 0.02689692348214 0.01661307718124 0.01510425270784 0.00160000000000 0.01510902793123 0.00160000000000 0.00190000000000 0.00140000000000 0.00190000000000 0.00140000000000 
0.00180000000000 0.00190000000000 0.01425221406369 0.01432866548106 0.00120000000000 0.00120000000000 0.00120000000000 0.00130000000000 0.00180000000000 0.00180000000000 0.00210000000000 0.00210000000000 0.00120000000000 0.00120000000000 0.00120000000000 0.00130000000000 
0.01481506582044 0.00170000000000 0.03510869812251 0.02035432967613 0.00200000000000 0.00150000000000 0.10348446642800 0.02300249762043 0.03424085415625 0.02258186862747 0.01547319888963 0.02684401827897 0.10576741239594 0.02548635187695 0.01691002038456 0.10349151077003 
0.00220000000000 0.00120000000000 0.00220000000000 0.00120000000000 0.01593495588760 0.00130000000000 0.01594606854247 0.00130000000000 0.01421138918432 0.00120000000000 0.01421291233237 0.00120000000000 0.01713240662494 0.00130000000000 0.01723270324736 0.00130000000000 
0.01413463581258 0.00600000000000 0.10357176187160 0.02471543772516 0.01433196589109 0.00960000000000 0.10974073913979 0.02728387103403 0.00130000000000 0.00130000000000 0.00170000000000 0.00180000000000 0.00130000000000 0.00130000000000 0.00170000000000 0.00180000000000 
0.00180000000000 0.03792603675076 0.00650000000000 0.02609876544551 0.01793277636545 0.01927435087535 0.02704602952941 0.01486870026092 0.00240000000000 0.11781197731630 0.01541692881203 0.01813141193180 0.02305027300256 0.01800937089222 0.12161675296916 0.00740000000000 
0.04247778262786 0.10296413709018 0.01679916064583 0.01547228785926 0.00140000000000 0.00140000000000 0.00130000000000 0.00120000000000 0.05171867336986 0.10305235047889 0.01637114881883 0.01497536028982 0.00140000000000 0.00140000000000 0.00130000000000 0.00120000000000 
0.00140000000000 0.00120000000000 0.00110000000000 0.00100000000000 0.00140000000000 0.00120000000000 0.00110000000000 0.00100000000000 0.00180000000000 0.00140000000000 0.00110000000000 0.00110000000000 0.00200000000000 0.00150000000000 0.00110000000000 0.00110000000000 
0.00210000000000 0.00150000000000 0.00190000000000 0.00150000000000 0.09937719221519 0.02056575392518 0.02494184638202 0.01745106755341 0.00130000000000 0.00110000000000 0.00130000000000 0.00120000000000 0.01482408387814 0.00150000000000 0.00190000000000 0.00150000000000 
0.02038750616026 0.00230000000000 0.01524546742940 0.00150000000000 0.00150000000000 0.00130000000000 0.00120000000000 0.00110000000000 0.01784318535596 0.00170000000000 0.00170000000000 0.00130000000000 0.00130000000000 0.00120000000000 0.00110000000000 0.00110000000000 
0.00180000000000 0.03792673293361 0.12319840241185 0.01717615839825 0.01566131789754 0.11557032133573 0.02598798136311 0.01699057241248 0.01618979264324 0.08308574507357 0.01764899730521 0.00160000000000 0.02378418268364 0.06433903199392 0.01718411620022 0.00150000000000 
0.00170000000000 0.01875414097198 0.00170000000000 0.02029403020322 0.01781018031314 0.02433591611922 0.01905862750095 0.02331209635902 0.02757559181982 0.03027825597405 0.03037935712844 0.02981310560558 0.03172831674492 0.01601565524465 0.03050923105983 0.01592032340578 
0.00150000000000 0.00130000000000 0.00190000000000 0.00140000000000 0.00120000000000 0.00110000000000 0.00130000000000 0.00120000000000 0.00130000000000 0.00110000000000 0.00140000000000 0.00120000000000 0.00110000000000 0.00110000000000 0.00120000000000 0.00110000000000 
0.00170000000000 0.02410780788572 0.00170000000000 0.02595332588714 0.02245692476585 0.01746214615053 0.02409729693934 0.01661275393027 0.00130000000000 0.00210000000000 0.00130000000000 0.00220000000000 0.00180000000000 0.03705756406480 0.00190000000000 0.05031440750857 
0.00690000000000 0.05970963706494 0.00130000000000 0.01521093791639 0.01800765104967 0.00890000000000 0.01968418508273 0.03038826411193 0.01831550432845 0.00930000000000 0.01639880608511 0.03519592482999 0.00130000000000 0.00120000000000 0.00220000000000 0.00160000000000 
0.01414795670254 0.01778572550765 0.02318493605410 0.11348675816248 0.00170000000000 0.01433406614894 0.01670986891746 0.02648777660215 0.00240000000000 0.01747330837851 0.10517947927174 0.06080413988844 0.00170000000000 0.00770000000000 0.01593239338291 0.10212566683247 
0.00210000000000 0.02709682235647 0.00150000000000 0.01541068542375 0.00200000000000 0.04094566440119 0.00150000000000 0.01367516838001 0.02746231169454 0.00200000000000 0.02462051410721 0.01778960361877 0.01581743035351 0.00170000000000 0.04516125142371 0.00590000000000 
0.00140000000000 0.00110000000000 0.00150000000000 0.00110000000000 0.00140000000000 0.00110000000000 0.00140000000000 0.00110000000000 0.00670000000000 0.00120000000000 0.01580574521700 0.00120000000000 0.00200000000000 0.00110000000000 0.01350824676263 0.00120000000000 
0.02010119367927 0.01958465520564 0.00180000000000 0.00180000000000 0.00190000000000 0.00190000000000 0.01465170786859 0.01453538198150 0.02002487257822 0.01944076559782 0.00180000000000 0.00180000000000 0.00200000000000 0.00200000000000 0.01414041067909 0.01402680552207 
0.01670713869664 0.00200000000000 0.00180000000000 0.00140000000000 0.01547651192648 0.00180000000000 0.00170000000000 0.00140000000000 0.01649087392092 0.00200000000000 0.00180000000000 0.00140000000000 0.01527461540812 0.00180000000000 0.00160000000000 0.00140000000000 
0.02596071226246 0.03520074727236 0.02616171476689 0.03560510047929 0.02949227469883 0.02422290678979 0.03326508762560 0.02596728058223 0.02977005774144 0.04806051728752 0.02987439183465 0.04799730423458 0.02431853243154 0.02142262852402 0.02616710379603 0.02236291573556 
0.04127314876834 0.02298061584145 0.00200000000000 0.00180000000000 0.01446347076338 0.00230000000000 0.00140000000000 0.00130000000000 0.01895182200538 0.01659825367314 0.00150000000000 0.00150000000000 0.00170000000000 0.00160000000000 0.00120000000000 0.00120000000000 
0.00170000000000 0.00120000000000 0.00170000000000 0.00120000000000 0.00170000000000 0.00120000000000 0.00160000000000 0.00120000000000 0.00130000000000 0.00110000000000 0.00130000000000 0.00110000000000 0.00130000000000 0.00110000000000 0.00130000000000 0.00110000000000 
0.02524302759440 0.03526443010880 0.00180000000000 0.00210000000000 0.00210000000000 0.00250000000000 0.00130000000000 0.00140000000000 0.00150000000000 0.00160000000000 0.00120000000000 0.00120000000000 0.00130000000000 0.00130000000000 0.00110000000000 0.00110000000000 
0.00230000000000 0.00160000000000 0.00220000000000 0.00160000000000 0.00620000000000 0.00200000000000 0.00410000000000 0.00200000000000 0.02389948562496 0.02668892533335 0.02082666406268 0.03317712088800 0.00210000000000 0.01588390631590 0.00190000000000 0.01482127342370 
0.00160000000000 0.00130000000000 0.01403221041103 0.00140000000000 0.00120000000000 0.00110000000000 0.00130000000000 0.00110000000000 0.02920563262383 0.00230000000000 0.11536984351625 0.01873300512532 0.00180000000000 0.00130000000000 0.01490917600181 0.00150000000000 
0.00170000000000 0.00170000000000 0.00150000000000 0.00150000000000 0.01511199088494 0.01501124340651 0.00210000000000 0.00200000000000 0.02947886319581 0.02758674735405 0.01805282983812 0.01751502949141 0.02028501185352 0.02121765808958 0.03063220381251 0.03466395536959 
0.00150000000000 0.01517539704755 0.04343010436408 0.01608161458305 0.00120000000000 0.00140000000000 0.00180000000000 0.02092851616900 0.00140000000000 0.00700000000000 0.02478418964977 0.01555945281332 0.00110000000000 0.00140000000000 0.00160000000000 0.01756229173656 
0.01905452891466 0.01673805463139 0.02008921912991 0.01652466408685 0.01953210310890 0.00150000000000 0.01827088133812 0.00140000000000 0.01914133131979 0.01801277282567 0.02008147267383 0.01769330546178 0.02484134324169 0.00150000000000 0.02189059931289 0.00150000000000 
0.02502858587524 0.02153173667968 0.00200000000000 0.01551483382611 0.01950772030795 0.02192704823673 0.00180000000000 0.00600000000000 0.04199657029721 0.01938870916772 0.00660000000000 0.03291346278261 0.02732975887073 0.01938324388293 0.00220000000000 0.01767326401324 
0.00190000000000 0.00750000000000 0.01895793933675 0.02181784985689 0.01735902844171 0.01993753647128 0.02704101224927 0.03419897068507 0.02223017614540 0.03701457451490 0.12371287612200 0.10816732168200 0.03977394769139 0.03723069146059 0.03274956754611 0.06243492227795 
0.00160000000000 0.00160000000000 0.00150000000000 0.00150000000000 0.00150000000000 0.00150000000000 0.00140000000000 0.00140000000000 0.00140000000000 0.00140000000000 0.00130000000000 0.00130000000000 0.00130000000000 0.00130000000000 0.00130000000000 0.00130000000000 
0.00200000000000 0.00190000000000 0.02347756173887 0.01978998507282 0.01446650948278 0.01263939546315 0.02766620701871 0.02163561865752 0.01695669181245 0.01632504543835 0.03800963333070 0.03161997756188 0.01896081686918 0.01763615986565 0.03149027716883 0.03983863935237 
0.00160000000000 0.00150000000000 0.00160000000000 0.00150000000000 0.00110000000000 0.00110000000000 0.00110000000000 0.00110000000000 0.00140000000000 0.00130000000000 0.00140000000000 0.00130000000000 0.00110000000000 0.00100000000000 0.00110000000000 0.00100000000000 
0.00140000000000 0.00140000000000 0.00230000000000 0.00210000000000 0.00140000000000 0.00140000000000 0.00660000000000 0.00220000000000 0.01504270783573 0.00250000000000 0.02694120268306 0.03728742759249 0.01506156526601 0.00270000000000 0.02773743913862 0.04099754210099 
0.01685478545888 0.01761165626712 0.01696937747319 0.01720179109657 0.01534903134617 0.01875321475042 0.01536501887708 0.01823567202159 0.01304901750652 0.02643633049941 0.01307948186742 0.02561917469256 0.01285223435006 0.03168687667926 0.01287467823380 0.03009536322789 
0.00160000000000 0.00140000000000 0.02113817956851 0.01862273024216 0.00120000000000 0.00120000000000 0.00850000000000 0.00840000000000 0.00140000000000 0.00130000000000 0.01632202191298 0.01544043199965 0.00110000000000 0.00110000000000 0.00160000000000 0.00130000000000 
0.02111843808591 0.00160000000000 0.00880000000000 0.00120000000000 0.03806756656939 0.01414673306592 0.01509754291174 0.00140000000000 0.02431861398350 0.00170000000000 0.00890000000000 0.00130000000000 0.04652192571126 0.01574237388432 0.01539730201596 0.00150000000000 
0.01595375060397 0.03180748850303 0.02196814552425 0.00180000000000 0.00140000000000 0.00230000000000 0.00220000000000 0.00450000000000 0.01466190858754 0.04611498584654 0.02825968280129 0.00210000000000 0.00130000000000 0.00190000000000 0.00200000000000 0.00630000000000 
0.11083497033833 0.00210000000000 0.00160000000000 0.00120000000000 0.00160000000000 0.00120000000000 0.00110000000000 0.00100000000000 0.00170000000000 0.00120000000000 0.00110000000000 0.00100000000000 0.00110000000000 0.00100000000000 0.00100000000000 0.00100000000000 
M_out
1 1 1 1 0 0 0 0 0 0 0 0 0 0 0 0 0 0 0 0 0 0 0 0 0 0 0 0 0 0 0 0 0 0 0 0 0 0 0 0 0 0 0 0 0 0 0 0 0 0 0 0 0 0 0 0 0 0 0 0 0 0 0 0 0 0 0 0 0 0 0 0 0 0 0 0 0 0 0 0 0 0 0 0 0 0 0 0 0 0 0 0 0 0 0 0 0 0 0 0 
0 1 1 1 1 0 0 0 0 0 0 0 0 0 0 0 0 0 0 0 0 0 0 0 0 0 0 0 0 0 0 0 0 0 0 0 0 0 0 0 0 0 0 0 0 0 0 0 0 0 0 0 0 0 0 0 0 0 0 0 0 0 0 0 0 0 0 0 0 0 0 0 0 0 0 0 0 0 0 0 0 0 0 0 0 0 0 0 0 0 0 0 0 0 0 0 0 0 0 0 
0 0 1 1 1 1 0 0 0 0 0 0 0 0 0 0 0 0 0 0 0 0 0 0 0 0 0 0 0 0 0 0 0 0 0 0 0 0 0 0 0 0 0 0 0 0 0 0 0 0 0 0 0 0 0 0 0 0 0 0 0 0 0 0 0 0 0 0 0 0 0 0 0 0 0 0 0 0 0 0 0 0 0 0 0 0 0 0 0 0 0 0 0 0 0 0 0 0 0 0 
0 0 0 1 1 1 1 0 0 0 0 0 0 0 0 0 0 0 0 0 0 0 0 0 0 0 0 0 0 0 0 0 0 0 0 0 0 0 0 0 0 0 0 0 0 0 0 0 0 0 0 0 0 0 0 0 0 0 0 0 0 0 0 0 0 0 0 0 0 0 0 0 0 0 0 0 0 0 0 0 0 0 0 0 0 0 0 0 0 0 0 0 0 0 0 0 0 0 0 0 
0 0 0 0 1 1 1 1 0 0 0 0 0 0 0 0 0 0 0 0 0 0 0 0 0 0 0 0 0 0 0 0 0 0 0 0 0 0 0 0 0 0 0 0 0 0 0 0 0 0 0 0 0 0 0 0 0 0 0 0 0 0 0 0 0 0 0 0 0 0 0 0 0 0 0 0 0 0 0 0 0 0 0 0 0 0 0 0 0 0 0 0 0 0 0 0 0 0 0 0 
0 0 0 0 0 1 1 1 1 0 0 0 0 0 0 0 0 0 0 0 0 0 0 0 0 0 0 0 0 0 0 0 0 0 0 0 0 0 0 0 0 0 0 0 0 0 0 0 0 0 0 0 0 0 0 0 0 0 0 0 0 0 0 0 0 0 0 0 0 0 0 0 0 0 0 0 0 0 0 0 0 0 0 0 0 0 0 0 0 0 0 0 0 0 0 0 0 0 0 0 
0 0 0 0 0 0 1 1 1 1 0 0 0 0 0 0 0 0 0 0 0 0 0 0 0 0 0 0 0 0 0 0 0 0 0 0 0 0 0 0 0 0 0 0 0 0 0 0 0 0 0 0 0 0 0 0 0 0 0 0 0 0 0 0 0 0 0 0 0 0 0 0 0 0 0 0 0 0 0 0 0 0 0 0 0 0 0 0 0 0 0 0 0 0 0 0 0 0 0 0 
0 0 0 0 0 0 0 1 1 1 1 0 0 0 0 0 0 0 0 0 0 0 0 0 0 0 0 0 0 0 0 0 0 0 0 0 0 0 0 0 0 0 0 0 0 0 0 0 0 0 0 0 0 0 0 0 0 0 0 0 0 0 0 0 0 0 0 0 0 0 0 0 0 0 0 0 0 0 0 0 0 0 0 0 0 0 0 0 0 0 0 0 0 0 0 0 0 0 0 0 
0 0 0 0 0 0 0 0 1 1 1 1 0 0 0 0 0 0 0 0 0 0 0 0 0 0 0 0 0 0 0 0 0 0 0 0 0 0 0 0 0 0 0 0 0 0 0 0 0 0 0 0 0 0 0 0 0 0 0 0 0 0 0 0 0 0 0 0 0 0 0 0 0 0 0 0 0 0 0 0 0 0 0 0 0 0 0 0 0 0 0 0 0 0 0 0 0 0 0 0 
0 0 0 0 0 0 0 0 0 1 1 1 1 0 0 0 0 0 0 0 0 0 0 0 0 0 0 0 0 0 0 0 0 0 0 0 0 0 0 0 0 0 0 0 0 0 0 0 0 0 0 0 0 0 0 0 0 0 0 0 0 0 0 0 0 0 0 0 0 0 0 0 0 0 0 0 0 0 0 0 0 0 0 0 0 0 0 0 0 0 0 0 0 0 0 0 0 0 0 0 
0 0 0 0 0 0 0 0 0 0 1 1 1 1 0 0 0 0 0 0 0 0 0 0 0 0 0 0 0 0 0 0 0 0 0 0 0 0 0 0 0 0 0 0 0 0 0 0 0 0 0 0 0 0 0 0 0 0 0 0 0 0 0 0 0 0 0 0 0 0 0 0 0 0 0 0 0 0 0 0 0 0 0 0 0 0 0 0 0 0 0 0 0 0 0 0 0 0 0 0 
0 0 0 0 0 0 0 0 0 0 0 1 1 1 1 0 0 0 0 0 0 0 0 0 0 0 0 0 0 0 0 0 0 0 0 0 0 0 0 0 0 0 0 0 0 0 0 0 0 0 0 0 0 0 0 0 0 0 0 0 0 0 0 0 0 0 0 0 0 0 0 0 0 0 0 0 0 0 0 0 0 0 0 0 0 0 0 0 0 0 0 0 0 0 0 0 0 0 0 0 
0 0 0 0 0 0 0 0 0 0 0 0 1 1 1 1 0 0 0 0 0 0 0 0 0 0 0 0 0 0 0 0 0 0 0 0 0 0 0 0 0 0 0 0 0 0 0 0 0 0 0 0 0 0 0 0 0 0 0 0 0 0 0 0 0 0 0 0 0 0 0 0 0 0 0 0 0 0 0 0 0 0 0 0 0 0 0 0 0 0 0 0 0 0 0 0 0 0 0 0 
0 0 0 0 0 0 0 0 0 0 0 0 0 1 1 1 1 0 0 0 0 0 0 0 0 0 0 0 0 0 0 0 0 0 0 0 0 0 0 0 0 0 0 0 0 0 0 0 0 0 0 0 0 0 0 0 0 0 0 0 0 0 0 0 0 0 0 0 0 0 0 0 0 0 0 0 0 0 0 0 0 0 0 0 0 0 0 0 0 0 0 0 0 0 0 0 0 0 0 0 
0 0 0 0 0 0 0 0 0 0 0 0 0 0 1 1 1 1 0 0 0 0 0 0 0 0 0 0 0 0 0 0 0 0 0 0 0 0 0 0 0 0 0 0 0 0 0 0 0 0 0 0 0 0 0 0 0 0 0 0 0 0 0 0 0 0 0 0 0 0 0 0 0 0 0 0 0 0 0 0 0 0 0 0 0 0 0 0 0 0 0 0 0 0 0 0 0 0 0 0 
0 0 0 0 0 0 0 0 0 0 0 0 0 0 0 1 1 1 1 0 0 0 0 0 0 0 0 0 0 0 0 0 0 0 0 0 0 0 0 0 0 0 0 0 0 0 0 0 0 0 0 0 0 0 0 0 0 0 0 0 0 0 0 0 0 0 0 0 0 0 0 0 0 0 0 0 0 0 0 0 0 0 0 0 0 0 0 0 0 0 0 0 0 0 0 0 0 0 0 0 
0 0 0 0 0 0 0 0 0 0 0 0 0 0 0 0 1 1 1 1 0 0 0 0 0 0 0 0 0 0 0 0 0 0 0 0 0 0 0 0 0 0 0 0 0 0 0 0 0 0 0 0 0 0 0 0 0 0 0 0 0 0 0 0 0 0 0 0 0 0 0 0 0 0 0 0 0 0 0 0 0 0 0 0 0 0 0 0 0 0 0 0 0 0 0 0 0 0 0 0 
0 0 0 0 0 0 0 0 0 0 0 0 0 0 0 0 0 1 1 1 1 0 0 0 0 0 0 0 0 0 0 0 0 0 0 0 0 0 0 0 0 0 0 0 0 0 0 0 0 0 0 0 0 0 0 0 0 0 0 0 0 0 0 0 0 0 0 0 0 0 0 0 0 0 0 0 0 0 0 0 0 0 0 0 0 0 0 0 0 0 0 0 0 0 0 0 0 0 0 0 
0 0 0 0 0 0 0 0 0 0 0 0 0 0 0 0 0 0 1 1 1 1 0 0 0 0 0 0 0 0 0 0 0 0 0 0 0 0 0 0 0 0 0 0 0 0 0 0 0 0 0 0 0 0 0 0 0 0 0 0 0 0 0 0 0 0 0 0 0 0 0 0 0 0 0 0 0 0 0 0 0 0 0 0 0 0 0 0 0 0 0 0 0 0 0 0 0 0 0 0 
0 0 0 0 0 0 0 0 0 0 0 0 0 0 0 0 0 0 0 1 1 1 1 0 0 0 0 0 0 0 0 0 0 0 0 0 0 0 0 0 0 0 0 0 0 0 0 0 0 0 0 0 0 0 0 0 0 0 0 0 0 0 0 0 0 0 0 0 0 0 0 0 0 0 0 0 0 0 0 0 0 0 0 0 0 0 0 0 0 0 0 0 0 0 0 0 0 0 0 0 
0 0 0 0 0 0 0 0 0 0 0 0 0 0 0 0 0 0 0 0 1 1 1 1 0 0 0 0 0 0 0 0 0 0 0 0 0 0 0 0 0 0 0 0 0 0 0 0 0 0 0 0 0 0 0 0 0 0 0 0 0 0 0 0 0 0 0 0 0 0 0 0 0 0 0 0 0 0 0 0 0 0 0 0 0 0 0 0 0 0 0 0 0 0 0 0 0 0 0 0 
0 0 0 0 0 0 0 0 0 0 0 0 0 0 0 0 0 0 0 0 0 1 1 1 1 0 0 0 0 0 0 0 0 0 0 0 0 0 0 0 0 0 0 0 0 0 0 0 0 0 0 0 0 0 0 0 0 0 0 0 0 0 0 0 0 0 0 0 0 0 0 0 0 0 0 0 0 0 0 0 0 0 0 0 0 0 0 0 0 0 0 0 0 0 0 0 0 0 0 0 
0 0 0 0 0 0 0 0 0 0 0 0 0 0 0 0 0 0 0 0 0 0 1 1 1 1 0 0 0 0 0 0 0 0 0 0 0 0 0 0 0 0 0 0 0 0 0 0 0 0 0 0 0 0 0 0 0 0 0 0 0 0 0 0 0 0 0 0 0 0 0 0 0 0 0 0 0 0 0 0 0 0 0 0 0 0 0 0 0 0 0 0 0 0 0 0 0 0 0 0 
0 0 0 0 0 0 0 0 0 0 0 0 0 0 0 0 0 0 0 0 0 0 0 1 1 1 1 0 0 0 0 0 0 0 0 0 0 0 0 0 0 0 0 0 0 0 0 0 0 0 0 0 0 0 0 0 0 0 0 0 0 0 0 0 0 0 0 0 0 0 0 0 0 0 0 0 0 0 0 0 0 0 0 0 0 0 0 0 0 0 0 0 0 0 0 0 0 0 0 0 
0 0 0 0 0 0 0 0 0 0 0 0 0 0 0 0 0 0 0 0 0 0 0 0 1 1 1 1 0 0 0 0 0 0 0 0 0 0 0 0 0 0 0 0 0 0 0 0 0 0 0 0 0 0 0 0 0 0 0 0 0 0 0 0 0 0 0 0 0 0 0 0 0 0 0 0 0 0 0 0 0 0 0 0 0 0 0 0 0 0 0 0 0 0 0 0 0 0 0 0 
0 0 0 0 0 0 0 0 0 0 0 0 0 0 0 0 0 0 0 0 0 0 0 0 0 1 1 1 1 0 0 0 0 0 0 0 0 0 0 0 0 0 0 0 0 0 0 0 0 0 0 0 0 0 0 0 0 0 0 0 0 0 0 0 0 0 0 0 0 0 0 0 0 0 0 0 0 0 0 0 0 0 0 0 0 0 0 0 0 0 0 0 0 0 0 0 0 0 0 0 
0 0 0 0 0 0 0 0 0 0 0 0 0 0 0 0 0 0 0 0 0 0 0 0 0 0 1 1 1 1 0 0 0 0 0 0 0 0 0 0 0 0 0 0 0 0 0 0 0 0 0 0 0 0 0 0 0 0 0 0 0 0 0 0 0 0 0 0 0 0 0 0 0 0 0 0 0 0 0 0 0 0 0 0 0 0 0 0 0 0 0 0 0 0 0 0 0 0 0 0 
0 0 0 0 0 0 0 0 0 0 0 0 0 0 0 0 0 0 0 0 0 0 0 0 0 0 0 1 1 1 1 0 0 0 0 0 0 0 0 0 0 0 0 0 0 0 0 0 0 0 0 0 0 0 0 0 0 0 0 0 0 0 0 0 0 0 0 0 0 0 0 0 0 0 0 0 0 0 0 0 0 0 0 0 0 0 0 0 0 0 0 0 0 0 0 0 0 0 0 0 
0 0 0 0 0 0 0 0 0 0 0 0 0 0 0 0 0 0 0 0 0 0 0 0 0 0 0 0 1 1 1 1 0 0 0 0 0 0 0 0 0 0 0 0 0 0 0 0 0 0 0 0 0 0 0 0 0 0 0 0 0 0 0 0 0 0 0 0 0 0 0 0 0 0 0 0 0 0 0 0 0 0 0 0 0 0 0 0 0 0 0 0 0 0 0 0 0 0 0 0 
0 0 0 0 0 0 0 0 0 0 0 0 0 0 0 0 0 0 0 0 0 0 0 0 0 0 0 0 0 1 1 1 1 0 0 0 0 0 0 0 0 0 0 0 0 0 0 0 0 0 0 0 0 0 0 0 0 0 0 0 0 0 0 0 0 0 0 0 0 0 0 0 0 0 0 0 0 0 0 0 0 0 0 0 0 0 0 0 0 0 0 0 0 0 0 0 0 0 0 0 
0 0 0 0 0 0 0 0 0 0 0 0 0 0 0 0 0 0 0 0 0 0 0 0 0 0 0 0 0 0 1 1 1 1 0 0 0 0 0 0 0 0 0 0 0 0 0 0 0 0 0 0 0 0 0 0 0 0 0 0 0 0 0 0 0 0 0 0 0 0 0 0 0 0 0 0 0 0 0 0 0 0 0 0 0 0 0 0 0 0 0 0 0 0 0 0 0 0 0 0 
0 0 0 0 0 0 0 0 0 0 0 0 0 0 0 0 0 0 0 0 0 0 0 0 0 0 0 0 0 0 0 1 1 1 1 0 0 0 0 0 0 0 0 0 0 0 0 0 0 0 0 0 0 0 0 0 0 0 0 0 0 0 0 0 0 0 0 0 0 0 0 0 0 0 0 0 0 0 0 0 0 0 0 0 0 0 0 0 0 0 0 0 0 0 0 0 0 0 0 0 
0 0 0 0 0 0 0 0 0 0 0 0 0 0 0 0 0 0 0 0 0 0 0 0 0 0 0 0 0 0 0 0 1 1 1 1 0 0 0 0 0 0 0 0 0 0 0 0 0 0 0 0 0 0 0 0 0 0 0 0 0 0 0 0 0 0 0 0 0 0 0 0 0 0 0 0 0 0 0 0 0 0 0 0 0 0 0 0 0 0 0 0 0 0 0 0 0 0 0 0 
0 0 0 0 0 0 0 0 0 0 0 0 0 0 0 0 0 0 0 0 0 0 0 0 0 0 0 0 0 0 0 0 0 1 1 1 1 0 0 0 0 0 0 0 0 0 0 0 0 0 0 0 0 0 0 0 0 0 0 0 0 0 0 0 0 0 0 0 0 0 0 0 0 0 0 0 0 0 0 0 0 0 0 0 0 0 0 0 0 0 0 0 0 0 0 0 0 0 0 0 
0 0 0 0 0 0 0 0 0 0 0 0 0 0 0 0 0 0 0 0 0 0 0 0 0 0 0 0 0 0 0 0 0 0 1 1 1 1 0 0 0 0 0 0 0 0 0 0 0 0 0 0 0 0 0 0 0 0 0 0 0 0 0 0 0 0 0 0 0 0 0 0 0 0 0 0 0 0 0 0 0 0 0 0 0 0 0 0 0 0 0 0 0 0 0 0 0 0 0 0 
0 0 0 0 0 0 0 0 0 0 0 0 0 0 0 0 0 0 0 0 0 0 0 0 0 0 0 0 0 0 0 0 0 0 0 1 1 1 1 0 0 0 0 0 0 0 0 0 0 0 0 0 0 0 0 0 0 0 0 0 0 0 0 0 0 0 0 0 0 0 0 0 0 0 0 0 0 0 0 0 0 0 0 0 0 0 0 0 0 0 0 0 0 0 0 0 0 0 0 0 
0 0 0 0 0 0 0 0 0 0 0 0 0 0 0 0 0 0 0 0 0 0 0 0 0 0 0 0 0 0 0 0 0 0 0 0 1 1 1 1 0 0 0 0 0 0 0 0 0 0 0 0 0 0 0 0 0 0 0 0 0 0 0 0 0 0 0 0 0 0 0 0 0 0 0 0 0 0 0 0 0 0 0 0 0 0 0 0 0 0 0 0 0 0 0 0 0 0 0 0 
0 0 0 0 0 0 0 0 0 0 0 0 0 0 0 0 0 0 0 0 0 0 0 0 0 0 0 0 0 0 0 0 0 0 0 0 0 1 1 1 1 0 0 0 0 0 0 0 0 0 0 0 0 0 0 0 0 0 0 0 0 0 0 0 0 0 0 0 0 0 0 0 0 0 0 0 0 0 0 0 0 0 0 0 0 0 0 0 0 0 0 0 0 0 0 0 0 0 0 0 
0 0 0 0 0 0 0 0 0 0 0 0 0 0 0 0 0 0 0 0 0 0 0 0 0 0 0 0 0 0 0 0 0 0 0 0 0 0 1 1 1 1 0 0 0 0 0 0 0 0 0 0 0 0 0 0 0 0 0 0 0 0 0 0 0 0 0 0 0 0 0 0 0 0 0 0 0 0 0 0 0 0 0 0 0 0 0 0 0 0 0 0 0 0 0 0 0 0 0 0 
0 0 0 0 0 0 0 0 0 0 0 0 0 0 0 0 0 0 0 0 0 0 0 0 0 0 0 0 0 0 0 0 0 0 0 0 0 0 0 1 1 1 1 0 0 0 0 0 0 0 0 0 0 0 0 0 0 0 0 0 0 0 0 0 0 0 0 0 0 0 0 0 0 0 0 0 0 0 0 0 0 0 0 0 0 0 0 0 0 0 0 0 0 0 0 0 0 0 0 0 
0 0 0 0 0 0 0 0 0 0 0 0 0 0 0 0 0 0 0 0 0 0 0 0 0 0 0 0 0 0 0 0 0 0 0 0 0 0 0 0 1 1 1 1 0 0 0 0 0 0 0 0 0 0 0 0 0 0 0 0 0 0 0 0 0 0 0 0 0 0 0 0 0 0 0 0 0 0 0 0 0 0 0 0 0 0 0 0 0 0 0 0 0 0 0 0 0 0 0 0 
0 0 0 0 0 0 0 0 0 0 0 0 0 0 0 0 0 0 0 0 0 0 0 0 0 0 0 0 0 0 0 0 0 0 0 0 0 0 0 0 0 1 1 1 1 0 0 0 0 0 0 0 0 0 0 0 0 0 0 0 0 0 0 0 0 0 0 0 0 0 0 0 0 0 0 0 0 0 0 0 0 0 0 0 0 0 0 0 0 0 0 0 0 0 0 0 0 0 0 0 
0 0 0 0 0 0 0 0 0 0 0 0 0 0 0 0 0 0 0 0 0 0 0 0 0 0 0 0 0 0 0 0 0 0 0 0 0 0 0 0 0 0 1 1 1 1 0 0 0 0 0 0 0 0 0 0 0 0 0 0 0 0 0 0 0 0 0 0 0 0 0 0 0 0 0 0 0 0 0 0 0 0 0 0 0 0 0 0 0 0 0 0 0 0 0 0 0 0 0 0 
0 0 0 0 0 0 0 0 0 0 0 0 0 0 0 0 0 0 0 0 0 0 0 0 0 0 0 0 0 0 0 0 0 0 0 0 0 0 0 0 0 0 0 1 1 1 1 0 0 0 0 0 0 0 0 0 0 0 0 0 0 0 0 0 0 0 0 0 0 0 0 0 0 0 0 0 0 0 0 0 0 0 0 0 0 0 0 0 0 0 0 0 0 0 0 0 0 0 0 0 
0 0 0 0 0 0 0 0 0 0 0 0 0 0 0 0 0 0 0 0 0 0 0 0 0 0 0 0 0 0 0 0 0 0 0 0 0 0 0 0 0 0 0 0 1 1 1 1 0 0 0 0 0 0 0 0 0 0 0 0 0 0 0 0 0 0 0 0 0 0 0 0 0 0 0 0 0 0 0 0 0 0 0 0 0 0 0 0 0 0 0 0 0 0 0 0 0 0 0 0 
0 0 0 0 0 0 0 0 0 0 0 0 0 0 0 0 0 0 0 0 0 0 0 0 0 0 0 0 0 0 0 0 0 0 0 0 0 0 0 0 0 0 0 0 0 1 1 1 1 0 0 0 0 0 0 0 0 0 0 0 0 0 0 0 0 0 0 0 0 0 0 0 0 0 0 0 0 0 0 0 0 0 0 0 0 0 0 0 0 0 0 0 0 0 0 0 0 0 0 0 
0 0 0 0 0 0 0 0 0 0 0 0 0 0 0 0 0 0 0 0 0 0 0 0 0 0 0 0 0 0 0 0 0 0 0 0 0 0 0 0 0 0 0 0 0 0 1 1 1 1 0 0 0 0 0 0 0 0 0 0 0 0 0 0 0 0 0 0 0 0 0 0 0 0 0 0 0 0 0 0 0 0 0 0 0 0 0 0 0 0 0 0 0 0 0 0 0 0 0 0 
0 0 0 0 0 0 0 0 0 0 0 0 0 0 0 0 0 0 0 0 0 0 0 0 0 0 0 0 0 0 0 0 0 0 0 0 0 0 0 0 0 0 0 0 0 0 0 1 1 1 1 0 0 0 0 0 0 0 0 0 0 0 0 0 0 0 0 0 0 0 0 0 0 0 0 0 0 0 0 0 0 0 0 0 0 0 0 0 0 0 0 0 0 0 0 0 0 0 0 0 
0 0 0 0 0 0 0 0 0 0 0 0 0 0 0 0 0 0 0 0 0 0 0 0 0 0 0 0 0 0 0 0 0 0 0 0 0 0 0 0 0 0 0 0 0 0 0 0 1 1 1 1 0 0 0 0 0 0 0 0 0 0 0 0 0 0 0 0 0 0 0 0 0 0 0 0 0 0 0 0 0 0 0 0 0 0 0 0 0 0 0 0 0 0 0 0 0 0 0 0 
0 0 0 0 0 0 0 0 0 0 0 0 0 0 0 0 0 0 0 0 0 0 0 0 0 0 0 0 0 0 0 0 0 0 0 0 0 0 0 0 0 0 0 0 0 0 0 0 0 1 1 1 1 0 0 0 0 0 0 0 0 0 0 0 0 0 0 0 0 0 0 0 0 0 0 0 0 0 0 0 0 0 0 0 0 0 0 0 0 0 0 0 0 0 0 0 0 0 0 0 
0 0 0 0 0 0 0 0 0 0 0 0 0 0 0 0 0 0 0 0 0 0 0 0 0 0 0 0 0 0 0 0 0 0 0 0 0 0 0 0 0 0 0 0 0 0 0 0 0 0 1 1 1 1 0 0 0 0 0 0 0 0 0 0 0 0 0 0 0 0 0 0 0 0 0 0 0 0 0 0 0 0 0 0 0 0 0 0 0 0 0 0 0 0 0 0 0 0 0 0 
0 0 0 0 0 0 0 0 0 0 0 0 0 0 0 0 0 0 0 0 0 0 0 0 0 0 0 0 0 0 0 0 0 0 0 0 0 0 0 0 0 0 0 0 0 0 0 0 0 0 0 1 1 1 1 0 0 0 0 0 0 0 0 0 0 0 0 0 0 0 0 0 0 0 0 0 0 0 0 0 0 0 0 0 0 0 0 0 0 0 0 0 0 0 0 0 0 0 0 0 
0 0 0 0 0 0 0 0 0 0 0 0 0 0 0 0 0 0 0 0 0 0 0 0 0 0 0 0 0 0 0 0 0 0 0 0 0 0 0 0 0 0 0 0 0 0 0 0 0 0 0 0 1 1 1 1 0 0 0 0 0 0 0 0 0 0 0 0 0 0 0 0 0 0 0 0 0 0 0 0 0 0 0 0 0 0 0 0 0 0 0 0 0 0 0 0 0 0 0 0 
0 0 0 0 0 0 0 0 0 0 0 0 0 0 0 0 0 0 0 0 0 0 0 0 0 0 0 0 0 0 0 0 0 0 0 0 0 0 0 0 0 0 0 0 0 0 0 0 0 0 0 0 0 1 1 1 1 0 0 0 0 0 0 0 0 0 0 0 0 0 0 0 0 0 0 0 0 0 0 0 0 0 0 0 0 0 0 0 0 0 0 0 0 0 0 0 0 0 0 0 
0 0 0 0 0 0 0 0 0 0 0 0 0 0 0 0 0 0 0 0 0 0 0 0 0 0 0 0 0 0 0 0 0 0 0 0 0 0 0 0 0 0 0 0 0 0 0 0 0 0 0 0 0 0 1 1 1 1 0 0 0 0 0 0 0 0 0 0 0 0 0 0 0 0 0 0 0 0 0 0 0 0 0 0 0 0 0 0 0 0 0 0 0 0 0 0 0 0 0 0 
0 0 0 0 0 0 0 0 0 0 0 0 0 0 0 0 0 0 0 0 0 0 0 0 0 0 0 0 0 0 0 0 0 0 0 0 0 0 0 0 0 0 0 0 0 0 0 0 0 0 0 0 0 0 0 1 1 1 1 0 0 0 0 0 0 0 0 0 0 0 0 0 0 0 0 0 0 0 0 0 0 0 0 0 0 0 0 0 0 0 0 0 0 0 0 0 0 0 0 0 
0 0 0 0 0 0 0 0 0 0 0 0 0 0 0 0 0 0 0 0 0 0 0 0 0 0 0 0 0 0 0 0 0 0 0 0 0 0 0 0 0 0 0 0 0 0 0 0 0 0 0 0 0 0 0 0 1 1 1 1 0 0 0 0 0 0 0 0 0 0 0 0 0 0 0 0 0 0 0 0 0 0 0 0 0 0 0 0 0 0 0 0 0 0 0 0 0 0 0 0 
0 0 0 0 0 0 0 0 0 0 0 0 0 0 0 0 0 0 0 0 0 0 0 0 0 0 0 0 0 0 0 0 0 0 0 0 0 0 0 0 0 0 0 0 0 0 0 0 0 0 0 0 0 0 0 0 0 1 1 1 1 0 0 0 0 0 0 0 0 0 0 0 0 0 0 0 0 0 0 0 0 0 0 0 0 0 0 0 0 0 0 0 0 0 0 0 0 0 0 0 
0 0 0 0 0 0 0 0 0 0 0 0 0 0 0 0 0 0 0 0 0 0 0 0 0 0 0 0 0 0 0 0 0 0 0 0 0 0 0 0 0 0 0 0 0 0 0 0 0 0 0 0 0 0 0 0 0 0 1 1 1 1 0 0 0 0 0 0 0 0 0 0 0 0 0 0 0 0 0 0 0 0 0 0 0 0 0 0 0 0 0 0 0 0 0 0 0 0 0 0 
0 0 0 0 0 0 0 0 0 0 0 0 0 0 0 0 0 0 0 0 0 0 0 0 0 0 0 0 0 0 0 0 0 0 0 0 0 0 0 0 0 0 0 0 0 0 0 0 0 0 0 0 0 0 0 0 0 0 0 1 1 1 1 0 0 0 0 0 0 0 0 0 0 0 0 0 0 0 0 0 0 0 0 0 0 0 0 0 0 0 0 0 0 0 0 0 0 0 0 0 
0 0 0 0 0 0 0 0 0 0 0 0 0 0 0 0 0 0 0 0 0 0 0 0 0 0 0 0 0 0 0 0 0 0 0 0 0 0 0 0 0 0 0 0 0 0 0 0 0 0 0 0 0 0 0 0 0 0 0 0 1 1 1 1 0 0 0 0 0 0 0 0 0 0 0 0 0 0 0 0 0 0 0 0 0 0 0 0 0 0 0 0 0 0 0 0 0 0 0 0 
0 0 0 0 0 0 0 0 0 0 0 0 0 0 0 0 0 0 0 0 0 0 0 0 0 0 0 0 0 0 0 0 0 0 0 0 0 0 0 0 0 0 0 0 0 0 0 0 0 0 0 0 0 0 0 0 0 0 0 0 0 1 1 1 1 0 0 0 0 0 0 0 0 0 0 0 0 0 0 0 0 0 0 0 0 0 0 0 0 0 0 0 0 0 0 0 0 0 0 0 
0 0 0 0 0 0 0 0 0 0 0 0 0 0 0 0 0 0 0 0 0 0 0 0 0 0 0 0 0 0 0 0 0 0 0 0 0 0 0 0 0 0 0 0 0 0 0 0 0 0 0 0 0 0 0 0 0 0 0 0 0 0 1 1 1 1 0 0 0 0 0 0 0 0 0 0 0 0 0 0 0 0 0 0 0 0 0 0 0 0 0 0 0 0 0 0 0 0 0 0 
0 0 0 0 0 0 0 0 0 0 0 0 0 0 0 0 0 0 0 0 0 0 0 0 0 0 0 0 0 0 0 0 0 0 0 0 0 0 0 0 0 0 0 0 0 0 0 0 0 0 0 0 0 0 0 0 0 0 0 0 0 0 0 1 1 1 1 0 0 0 0 0 0 0 0 0 0 0 0 0 0 0 0 0 0 0 0 0 0 0 0 0 0 0 0 0 0 0 0 0 
0 0 0 0 0 0 0 0 0 0 0 0 0 0 0 0 0 0 0 0 0 0 0 0 0 0 0 0 0 0 0 0 0 0 0 0 0 0 0 0 0 0 0 0 0 0 0 0 0 0 0 0 0 0 0 0 0 0 0 0 0 0 0 0 1 1 1 1 0 0 0 0 0 0 0 0 0 0 0 0 0 0 0 0 0 0 0 0 0 0 0 0 0 0 0 0 0 0 0 0 
0 0 0 0 0 0 0 0 0 0 0 0 0 0 0 0 0 0 0 0 0 0 0 0 0 0 0 0 0 0 0 0 0 0 0 0 0 0 0 0 0 0 0 0 0 0 0 0 0 0 0 0 0 0 0 0 0 0 0 0 0 0 0 0 0 1 1 1 1 0 0 0 0 0 0 0 0 0 0 0 0 0 0 0 0 0 0 0 0 0 0 0 0 0 0 0 0 0 0 0 
0 0 0 0 0 0 0 0 0 0 0 0 0 0 0 0 0 0 0 0 0 0 0 0 0 0 0 0 0 0 0 0 0 0 0 0 0 0 0 0 0 0 0 0 0 0 0 0 0 0 0 0 0 0 0 0 0 0 0 0 0 0 0 0 0 0 1 1 1 1 0 0 0 0 0 0 0 0 0 0 0 0 0 0 0 0 0 0 0 0 0 0 0 0 0 0 0 0 0 0 
0 0 0 0 0 0 0 0 0 0 0 0 0 0 0 0 0 0 0 0 0 0 0 0 0 0 0 0 0 0 0 0 0 0 0 0 0 0 0 0 0 0 0 0 0 0 0 0 0 0 0 0 0 0 0 0 0 0 0 0 0 0 0 0 0 0 0 1 1 1 1 0 0 0 0 0 0 0 0 0 0 0 0 0 0 0 0 0 0 0 0 0 0 0 0 0 0 0 0 0 
0 0 0 0 0 0 0 0 0 0 0 0 0 0 0 0 0 0 0 0 0 0 0 0 0 0 0 0 0 0 0 0 0 0 0 0 0 0 0 0 0 0 0 0 0 0 0 0 0 0 0 0 0 0 0 0 0 0 0 0 0 0 0 0 0 0 0 0 1 1 1 1 0 0 0 0 0 0 0 0 0 0 0 0 0 0 0 0 0 0 0 0 0 0 0 0 0 0 0 0 
0 0 0 0 0 0 0 0 0 0 0 0 0 0 0 0 0 0 0 0 0 0 0 0 0 0 0 0 0 0 0 0 0 0 0 0 0 0 0 0 0 0 0 0 0 0 0 0 0 0 0 0 0 0 0 0 0 0 0 0 0 0 0 0 0 0 0 0 0 1 1 1 1 0 0 0 0 0 0 0 0 0 0 0 0 0 0 0 0 0 0 0 0 0 0 0 0 0 0 0 
0 0 0 0 0 0 0 0 0 0 0 0 0 0 0 0 0 0 0 0 0 0 0 0 0 0 0 0 0 0 0 0 0 0 0 0 0 0 0 0 0 0 0 0 0 0 0 0 0 0 0 0 0 0 0 0 0 0 0 0 0 0 0 0 0 0 0 0 0 0 1 1 1 1 0 0 0 0 0 0 0 0 0 0 0 0 0 0 0 0 0 0 0 0 0 0 0 0 0 0 
0 0 0 0 0 0 0 0 0 0 0 0 0 0 0 0 0 0 0 0 0 0 0 0 0 0 0 0 0 0 0 0 0 0 0 0 0 0 0 0 0 0 0 0 0 0 0 0 0 0 0 0 0 0 0 0 0 0 0 0 0 0 0 0 0 0 0 0 0 0 0 1 1 1 1 0 0 0 0 0 0 0 0 0 0 0 0 0 0 0 0 0 0 0 0 0 0 0 0 0 
0 0 0 0 0 0 0 0 0 0 0 0 0 0 0 0 0 0 0 0 0 0 0 0 0 0 0 0 0 0 0 0 0 0 0 0 0 0 0 0 0 0 0 0 0 0 0 0 0 0 0 0 0 0 0 0 0 0 0 0 0 0 0 0 0 0 0 0 0 0 0 0 1 1 1 1 0 0 0 0 0 0 0 0 0 0 0 0 0 0 0 0 0 0 0 0 0 0 0 0 
0 0 0 0 0 0 0 0 0 0 0 0 0 0 0 0 0 0 0 0 0 0 0 0 0 0 0 0 0 0 0 0 0 0 0 0 0 0 0 0 0 0 0 0 0 0 0 0 0 0 0 0 0 0 0 0 0 0 0 0 0 0 0 0 0 0 0 0 0 0 0 0 0 1 1 1 1 0 0 0 0 0 0 0 0 0 0 0 0 0 0 0 0 0 0 0 0 0 0 0 
0 0 0 0 0 0 0 0 0 0 0 0 0 0 0 0 0 0 0 0 0 0 0 0 0 0 0 0 0 0 0 0 0 0 0 0 0 0 0 0 0 0 0 0 0 0 0 0 0 0 0 0 0 0 0 0 0 0 0 0 0 0 0 0 0 0 0 0 0 0 0 0 0 0 1 1 1 1 0 0 0 0 0 0 0 0 0 0 0 0 0 0 0 0 0 0 0 0 0 0 
0 0 0 0 0 0 0 0 0 0 0 0 0 0 0 0 0 0 0 0 0 0 0 0 0 0 0 0 0 0 0 0 0 0 0 0 0 0 0 0 0 0 0 0 0 0 0 0 0 0 0 0 0 0 0 0 0 0 0 0 0 0 0 0 0 0 0 0 0 0 0 0 0 0 0 1 1 1 1 0 0 0 0 0 0 0 0 0 0 0 0 0 0 0 0 0 0 0 0 0 
0 0 0 0 0 0 0 0 0 0 0 0 0 0 0 0 0 0 0 0 0 0 0 0 0 0 0 0 0 0 0 0 0 0 0 0 0 0 0 0 0 0 0 0 0 0 0 0 0 0 0 0 0 0 0 0 0 0 0 0 0 0 0 0 0 0 0 0 0 0 0 0 0 0 0 0 1 1 1 1 0 0 0 0 0 0 0 0 0 0 0 0 0 0 0 0 0 0 0 0 
0 0 0 0 0 0 0 0 0 0 0 0 0 0 0 0 0 0 0 0 0 0 0 0 0 0 0 0 0 0 0 0 0 0 0 0 0 0 0 0 0 0 0 0 0 0 0 0 0 0 0 0 0 0 0 0 0 0 0 0 0 0 0 0 0 0 0 0 0 0 0 0 0 0 0 0 0 1 1 1 1 0 0 0 0 0 0 0 0 0 0 0 0 0 0 0 0 0 0 0 
0 0 0 0 0 0 0 0 0 0 0 0 0 0 0 0 0 0 0 0 0 0 0 0 0 0 0 0 0 0 0 0 0 0 0 0 0 0 0 0 0 0 0 0 0 0 0 0 0 0 0 0 0 0 0 0 0 0 0 0 0 0 0 0 0 0 0 0 0 0 0 0 0 0 0 0 0 0 1 1 1 1 0 0 0 0 0 0 0 0 0 0 0 0 0 0 0 0 0 0 
0 0 0 0 0 0 0 0 0 0 0 0 0 0 0 0 0 0 0 0 0 0 0 0 0 0 0 0 0 0 0 0 0 0 0 0 0 0 0 0 0 0 0 0 0 0 0 0 0 0 0 0 0 0 0 0 0 0 0 0 0 0 0 0 0 0 0 0 0 0 0 0 0 0 0 0 0 0 0 1 1 1 1 0 0 0 0 0 0 0 0 0 0 0 0 0 0 0 0 0 
0 0 0 0 0 0 0 0 0 0 0 0 0 0 0 0 0 0 0 0 0 0 0 0 0 0 0 0 0 0 0 0 0 0 0 0 0 0 0 0 0 0 0 0 0 0 0 0 0 0 0 0 0 0 0 0 0 0 0 0 0 0 0 0 0 0 0 0 0 0 0 0 0 0 0 0 0 0 0 0 1 1 1 1 0 0 0 0 0 0 0 0 0 0 0 0 0 0 0 0 
0 0 0 0 0 0 0 0 0 0 0 0 0 0 0 0 0 0 0 0 0 0 0 0 0 0 0 0 0 0 0 0 0 0 0 0 0 0 0 0 0 0 0 0 0 0 0 0 0 0 0 0 0 0 0 0 0 0 0 0 0 0 0 0 0 0 0 0 0 0 0 0 0 0 0 0 0 0 0 0 0 1 1 1 1 0 0 0 0 0 0 0 0 0 0 0 0 0 0 0 
0 0 0 0 0 0 0 0 0 0 0 0 0 0 0 0 0 0 0 0 0 0 0 0 0 0 0 0 0 0 0 0 0 0 0 0 0 0 0 0 0 0 0 0 0 0 0 0 0 0 0 0 0 0 0 0 0 0 0 0 0 0 0 0 0 0 0 0 0 0 0 0 0 0 0 0 0 0 0 0 0 0 1 1 1 1 0 0 0 0 0 0 0 0 0 0 0 0 0 0 
0 0 0 0 0 0 0 0 0 0 0 0 0 0 0 0 0 0 0 0 0 0 0 0 0 0 0 0 0 0 0 0 0 0 0 0 0 0 0 0 0 0 0 0 0 0 0 0 0 0 0 0 0 0 0 0 0 0 0 0 0 0 0 0 0 0 0 0 0 0 0 0 0 0 0 0 0 0 0 0 0 0 0 1 1 1 1 0 0 0 0 0 0 0 0 0 0 0 0 0 
0 0 0 0 0 0 0 0 0 0 0 0 0 0 0 0 0 0 0 0 0 0 0 0 0 0 0 0 0 0 0 0 0 0 0 0 0 0 0 0 0 0 0 0 0 0 0 0 0 0 0 0 0 0 0 0 0 0 0 0 0 0 0 0 0 0 0 0 0 0 0 0 0 0 0 0 0 0 0 0 0 0 0 0 1 1 1 1 0 0 0 0 0 0 0 0 0 0 0 0 
0 0 0 0 0 0 0 0 0 0 0 0 0 0 0 0 0 0 0 0 0 0 0 0 0 0 0 0 0 0 0 0 0 0 0 0 0 0 0 0 0 0 0 0 0 0 0 0 0 0 0 0 0 0 0 0 0 0 0 0 0 0 0 0 0 0 0 0 0 0 0 0 0 0 0 0 0 0 0 0 0 0 0 0 0 1 1 1 1 0 0 0 0 0 0 0 0 0 0 0 
0 0 0 0 0 0 0 0 0 0 0 0 0 0 0 0 0 0 0 0 0 0 0 0 0 0 0 0 0 0 0 0 0 0 0 0 0 0 0 0 0 0 0 0 0 0 0 0 0 0 0 0 0 0 0 0 0 0 0 0 0 0 0 0 0 0 0 0 0 0 0 0 0 0 0 0 0 0 0 0 0 0 0 0 0 0 1 1 1 1 0 0 0 0 0 0 0 0 0 0 
0 0 0 0 0 0 0 0 0 0 0 0 0 0 0 0 0 0 0 0 0 0 0 0 0 0 0 0 0 0 0 0 0 0 0 0 0 0 0 0 0 0 0 0 0 0 0 0 0 0 0 0 0 0 0 0 0 0 0 0 0 0 0 0 0 0 0 0 0 0 0 0 0 0 0 0 0 0 0 0 0 0 0 0 0 0 0 1 1 1 1 0 0 0 0 0 0 0 0 0 
0 0 0 0 0 0 0 0 0 0 0 0 0 0 0 0 0 0 0 0 0 0 0 0 0 0 0 0 0 0 0 0 0 0 0 0 0 0 0 0 0 0 0 0 0 0 0 0 0 0 0 0 0 0 0 0 0 0 0 0 0 0 0 0 0 0 0 0 0 0 0 0 0 0 0 0 0 0 0 0 0 0 0 0 0 0 0 0 1 1 1 1 0 0 0 0 0 0 0 0 
0 0 0 0 0 0 0 0 0 0 0 0 0 0 0 0 0 0 0 0 0 0 0 0 0 0 0 0 0 0 0 0 0 0 0 0 0 0 0 0 0 0 0 0 0 0 0 0 0 0 0 0 0 0 0 0 0 0 0 0 0 0 0 0 0 0 0 0 0 0 0 0 0 0 0 0 0 0 0 0 0 0 0 0 0 0 0 0 0 1 1 1 1 0 0 0 0 0 0 0 
0 0 0 0 0 0 0 0 0 0 0 0 0 0 0 0 0 0 0 0 0 0 0 0 0 0 0 0 0 0 0 0 0 0 0 0 0 0 0 0 0 0 0 0 0 0 0 0 0 0 0 0 0 0 0 0 0 0 0 0 0 0 0 0 0 0 0 0 0 0 0 0 0 0 0 0 0 0 0 0 0 0 0 0 0 0 0 0 0 0 1 1 1 1 0 0 0 0 0 0 
0 0 0 0 0 0 0 0 0 0 0 0 0 0 0 0 0 0 0 0 0 0 0 0 0 0 0 0 0 0 0 0 0 0 0 0 0 0 0 0 0 0 0 0 0 0 0 0 0 0 0 0 0 0 0 0 0 0 0 0 0 0 0 0 0 0 0 0 0 0 0 0 0 0 0 0 0 0 0 0 0 0 0 0 0 0 0 0 0 0 0 1 1 1 1 0 0 0 0 0 
0 0 0 0 0 0 0 0 0 0 0 0 0 0 0 0 0 0 0 0 0 0 0 0 0 0 0 0 0 0 0 0 0 0 0 0 0 0 0 0 0 0 0 0 0 0 0 0 0 0 0 0 0 0 0 0 0 0 0 0 0 0 0 0 0 0 0 0 0 0 0 0 0 0 0 0 0 0 0 0 0 0 0 0 0 0 0 0 0 0 0 0 1 1 1 1 0 0 0 0 
0 0 0 0 0 0 0 0 0 0 0 0 0 0 0 0 0 0 0 0 0 0 0 0 0 0 0 0 0 0 0 0 0 0 0 0 0 0 0 0 0 0 0 0 0 0 0 0 0 0 0 0 0 0 0 0 0 0 0 0 0 0 0 0 0 0 0 0 0 0 0 0 0 0 0 0 0 0 0 0 0 0 0 0 0 0 0 0 0 0 0 0 0 1 1 1 1 0 0 0 
0 0 0 0 0 0 0 0 0 0 0 0 0 0 0 0 0 0 0 0 0 0 0 0 0 0 0 0 0 0 0 0 0 0 0 0 0 0 0 0 0 0 0 0 0 0 0 0 0 0 0 0 0 0 0 0 0 0 0 0 0 0 0 0 0 0 0 0 0 0 0 0 0 0 0 0 0 0 0 0 0 0 0 0 0 0 0 0 0 0 0 0 0 0 1 1 1 1 0 0 
0 0 0 0 0 0 0 0 0 0 0 0 0 0 0 0 0 0 0 0 0 0 0 0 0 0 0 0 0 0 0 0 0 0 0 0 0 0 0 0 0 0 0 0 0 0 0 0 0 0 0 0 0 0 0 0 0 0 0 0 0 0 0 0 0 0 0 0 0 0 0 0 0 0 0 0 0 0 0 0 0 0 0 0 0 0 0 0 0 0 0 0 0 0 0 1 1 1 1 0 
0 0 0 0 0 0 0 0 0 0 0 0 0 0 0 0 0 0 0 0 0 0 0 0 0 0 0 0 0 0 0 0 0 0 0 0 0 0 0 0 0 0 0 0 0 0 0 0 0 0 0 0 0 0 0 0 0 0 0 0 0 0 0 0 0 0 0 0 0 0 0 0 0 0 0 0 0 0 0 0 0 0 0 0 0 0 0 0 0 0 0 0 0 0 0 0 1 1 1 1 
1 0 0 0 0 0 0 0 0 0 0 0 0 0 0 0 0 0 0 0 0 0 0 0 0 0 0 0 0 0 0 0 0 0 0 0 0 0 0 0 0 0 0 0 0 0 0 0 0 0 0 0 0 0 0 0 0 0 0 0 0 0 0 0 0 0 0 0 0 0 0 0 0 0 0 0 0 0 0 0 0 0 0 0 0 0 0 0 0 0 0 0 0 0 0 0 0 1 1 1 
1 1 0 0 0 0 0 0 0 0 0 0 0 0 0 0 0 0 0 0 0 0 0 0 0 0 0 0 0 0 0 0 0 0 0 0 0 0 0 0 0 0 0 0 0 0 0 0 0 0 0 0 0 0 0 0 0 0 0 0 0 0 0 0 0 0 0 0 0 0 0 0 0 0 0 0 0 0 0 0 0 0 0 0 0 0 0 0 0 0 0 0 0 0 0 0 0 0 1 1 
1 1 1 0 0 0 0 0 0 0 0 0 0 0 0 0 0 0 0 0 0 0 0 0 0 0 0 0 0 0 0 0 0 0 0 0 0 0 0 0 0 0 0 0 0 0 0 0 0 0 0 0 0 0 0 0 0 0 0 0 0 0 0 0 0 0 0 0 0 0 0 0 0 0 0 0 0 0 0 0 0 0 0 0 0 0 0 0 0 0 0 0 0 0 0 0 0 0 0 1 
