Parameters
100 4
F_el
0.00140000000000 0.00120000000000 0.00140000000000 0.00110000000000 0.00140000000000 0.00120000000000 0.00140000000000 0.00110000000000 0.00150000000000 0.00120000000000 0.00140000000000 0.00110000000000 0.00140000000000 0.00120000000000 0.00140000000000 0.00110000000000 0.00120000000000 0.00110000000000 0.00120000000000 0.00110000000000 0.00120000000000 0.00110000000000 0.00120000000000 0.00110000000000 0.00120000000000 0.00110000000000 0.00120000000000 0.00110000000000 0.00120000000000 0.00110000000000 0.00120000000000 0.00110000000000 
0.01502977396076 0.00570000000000 0.02381655276104 0.00660000000000 0.01668067723166 0.00560000000000 0.00750000000000 0.00170000000000 0.01536660646769 0.00580000000000 0.02227007719997 0.00640000000000 0.01745474916478 0.00610000000000 0.00240000000000 0.00160000000000 0.00140000000000 0.00150000000000 0.00730000000000 0.00580000000000 0.00170000000000 0.00190000000000 0.02180766360072 0.00790000000000 0.00140000000000 0.00160000000000 0.00940000000000 0.00600000000000 0.00170000000000 0.00190000000000 0.02749227070367 0.00740000000000 
0.03449143202590 0.00170000000000 0.01609154633822 0.00280000000000 0.00160000000000 0.00120000000000 0.00240000000000 0.00130000000000 0.00180000000000 0.00120000000000 0.00640000000000 0.00130000000000 0.00120000000000 0.00100000000000 0.00130000000000 0.00110000000000 0.03274593560268 0.02464340888313 0.01923773471095 0.04151708965533 0.05352474589126 0.00170000000000 0.07385069161189 0.01276995752912 0.02412102320538 0.00950000000000 0.04609926399502 0.01297640921364 0.00180000000000 0.00120000000000 0.00640000000000 0.00130000000000 
0.01751788806472 0.01700274820666 0.02357500127251 0.04203946176998 0.01888552510249 0.01807626150310 0.02134762752552 0.03208460150755 0.01960775694956 0.01861278107540 0.02336507583582 0.03550097164853 0.02144342937088 0.02004913791564 0.02144395644953 0.02976370999590 0.00770000000000 0.00670000000000 0.01481819720929 0.01789067701462 0.00900000000000 0.00740000000000 0.01396459397600 0.01673475487138 0.01648650725143 0.00840000000000 0.01527491621324 0.01851444627923 0.01822844041672 0.01642708141326 0.01472314162463 0.01735659893427 
0.01546083622693 0.00700000000000 0.01686593058260 0.01534965061926 0.00730000000000 0.00200000000000 0.01557169964342 0.00700000000000 0.00650000000000 0.00580000000000 0.00760000000000 0.00640000000000 0.00280000000000 0.00220000000000 0.00640000000000 0.00280000000000 0.00220000000000 0.00190000000000 0.01552839498099 0.00220000000000 0.00190000000000 0.00170000000000 0.00220000000000 0.00190000000000 0.00240000000000 0.00210000000000 0.00620000000000 0.00240000000000 0.00210000000000 0.00190000000000 0.00250000000000 0.00210000000000 
0.01578980649500 0.00170000000000 0.00160000000000 0.00130000000000 0.01611207404993 0.00170000000000 0.00160000000000 0.00130000000000 0.01538893821275 0.00590000000000 0.00190000000000 0.00140000000000 0.01550481888461 0.00580000000000 0.00180000000000 0.00140000000000 0.02139545741242 0.00220000000000 0.00210000000000 0.00150000000000 0.02147339922821 0.00220000000000 0.00200000000000 0.00150000000000 0.01970255113017 0.00640000000000 0.00270000000000 0.00170000000000 0.01972517518238 0.00640000000000 0.00270000000000 0.00170000000000 
0.01511179027983 0.01575259132214 0.02327522200520 0.02315555290838 0.00850000000000 0.01556393467778 0.02573520026615 0.02540847069147 0.01893870759621 0.01937032970593 0.03112862133057 0.02963199722804 0.02290903443445 0.02265595944942 0.03325535154395 0.03175312381096 0.00150000000000 0.00150000000000 0.00210000000000 0.01477950279737 0.00150000000000 0.00150000000000 0.00220000000000 0.00770000000000 0.00170000000000 0.00170000000000 0.01684058027800 0.01727483182727 0.00170000000000 0.00180000000000 0.00830000000000 0.01579341927906 
0.01977691799053 0.05547454903393 0.02120857539679 0.05386395829324 0.04810798831630 0.02828348304557 0.07559632511177 0.02613022564163 0.02728327520521 0.02449058024499 0.02865074794788 0.01787090521906 0.01802460358010 0.01553549040857 0.01855147934059 0.01570877565501 0.02234721489196 0.05707125717643 0.02421261426048 0.05889124749318 0.03255328950088 0.02830064264240 0.03516967907222 0.02584281835860 0.02431576648660 0.01920356573734 0.02527871153168 0.01715014462279 0.01782040066829 0.01519421950688 0.01543313104247 0.01543083428033 
0.01444771484077 0.01403349710354 0.00130000000000 0.00130000000000 0.00180000000000 0.00180000000000 0.00120000000000 0.00120000000000 0.00160000000000 0.00160000000000 0.00110000000000 0.00110000000000 0.00140000000000 0.00140000000000 0.00110000000000 0.00110000000000 0.01445179538499 0.01403723539880 0.00130000000000 0.00130000000000 0.00180000000000 0.00180000000000 0.00120000000000 0.00120000000000 0.00160000000000 0.00160000000000 0.00110000000000 0.00110000000000 0.00140000000000 0.00140000000000 0.00110000000000 0.00110000000000 
0.01772824953079 0.02420963334115 0.01516559341967 0.00150000000000 0.05668437078416 0.01709399264052 0.00210000000000 0.00130000000000 0.03375430606715 0.01386245684839 0.00160000000000 0.00120000000000 0.01996892991677 0.00170000000000 0.00140000000000 0.00110000000000 0.01765386762385 0.02285293349533 0.01511742079831 0.00150000000000 0.04659516869388 0.01699725699832 0.01271683619788 0.00130000000000 0.03028276560638 0.01358555621948 0.00160000000000 0.00120000000000 0.01967450873618 0.00170000000000 0.00140000000000 0.00110000000000 
0.09892664337508 0.01539523642010 0.01670152119265 0.00920000000000 0.01739080011437 0.00910000000000 0.00190000000000 0.00130000000000 0.09195445704023 0.01539850524022 0.01670443920291 0.00920000000000 0.01730367524843 0.00910000000000 0.00190000000000 0.00130000000000 0.02945665026143 0.01498762463886 0.01513235663532 0.00150000000000 0.01578504743122 0.00160000000000 0.00170000000000 0.00120000000000 0.02934811779223 0.01499017545589 0.01513527176063 0.00150000000000 0.01578713786609 0.00160000000000 0.00170000000000 0.00120000000000 
0.02535795678637 0.10497396828348 0.00180000000000 0.01683290369331 0.02199626397764 0.02260493878756 0.00940000000000 0.01627477363013 0.01798507978642 0.00180000000000 0.02397204068987 0.10361911687791 0.01781372853322 0.00680000000000 0.02221171335302 0.03567493687443 0.03131260335560 0.06998839719346 0.01294692050936 0.01748286869196 0.02493413303848 0.02028893757807 0.00950000000000 0.01691900324714 0.01756630032987 0.00170000000000 0.02661477406228 0.03520094120702 0.01739687279859 0.00680000000000 0.02402164342613 0.02740981458810 
0.02257522668695 0.01307459725981 0.02226272103872 0.01302422912926 0.02236659972089 0.02202197746785 0.02226212533691 0.02182317524819 0.01884844799271 0.00170000000000 0.01874655811542 0.00170000000000 0.02693913767125 0.01976183028397 0.02664127151672 0.01966400342812 0.03570674469266 0.01664573296280 0.03274837556924 0.01655712840684 0.02472458711238 0.02707300791742 0.02440894770234 0.02655687676281 0.02464553955112 0.01297478766429 0.02401784807841 0.01293391737591 0.03140706561471 0.02296301942556 0.03028322761745 0.02274910884413 
0.01821642914434 0.01897569261161 0.02013552550577 0.02069983714118 0.00170000000000 0.00170000000000 0.02937854543982 0.03574102858088 0.07428831106228 0.06458667814724 0.02785601885619 0.02745899597032 0.01790777628731 0.01646931627273 0.11007677749519 0.08375189173062 0.00220000000000 0.00210000000000 0.00590000000000 0.00260000000000 0.00150000000000 0.00140000000000 0.00770000000000 0.00760000000000 0.04126140274725 0.01709650325042 0.01969111971835 0.00550000000000 0.00170000000000 0.00170000000000 0.06524784723389 0.02063586887383 
0.00700000000000 0.00150000000000 0.00150000000000 0.00120000000000 0.00220000000000 0.00150000000000 0.00140000000000 0.00120000000000 0.00180000000000 0.00140000000000 0.00130000000000 0.00120000000000 0.00190000000000 0.00140000000000 0.00130000000000 0.00120000000000 0.00160000000000 0.00130000000000 0.00130000000000 0.00110000000000 0.00170000000000 0.00130000000000 0.00130000000000 0.00110000000000 0.00150000000000 0.00130000000000 0.00120000000000 0.00110000000000 0.00160000000000 0.00130000000000 0.00120000000000 0.00110000000000 
0.01446564427832 0.00210000000000 0.05426489934233 0.02480039792952 0.00170000000000 0.00160000000000 0.02105641759130 0.00210000000000 0.00190000000000 0.00180000000000 0.02064447601262 0.02032998794800 0.00160000000000 0.00150000000000 0.00200000000000 0.00180000000000 0.01457291401694 0.00210000000000 0.05373577655058 0.02470182156232 0.00170000000000 0.00160000000000 0.02085904925344 0.00210000000000 0.00190000000000 0.00180000000000 0.02048307297929 0.02015883223702 0.00160000000000 0.00150000000000 0.00200000000000 0.00180000000000 
0.03983657157455 0.03809559223952 0.02784589549058 0.02743140776118 0.03600261636734 0.03638774439749 0.02833128226423 0.02830834998823 0.09126811891141 0.05233498476035 0.03877056830420 0.04033045512907 0.07646940713710 0.04862654006785 0.03836917808478 0.04032266814244 0.06452243309847 0.05980249069580 0.03167198563793 0.03135934592549 0.04630298232804 0.05074742193978 0.03155972506422 0.03175968190823 0.04949398557153 0.03963199021195 0.04919430131585 0.06132796992269 0.04555511940560 0.03806234053371 0.04762955366483 0.06161790517474 
0.00230000000000 0.01622834084062 0.00190000000000 0.01568296779182 0.01555515861985 0.01778820729919 0.01403761743955 0.01739847187617 0.01517117715331 0.01747136085934 0.00220000000000 0.01695232093374 0.01673539255154 0.01890135210145 0.01647992664241 0.01842179287628 0.00130000000000 0.00150000000000 0.00130000000000 0.00140000000000 0.00140000000000 0.00160000000000 0.00130000000000 0.00150000000000 0.00140000000000 0.00160000000000 0.00130000000000 0.00150000000000 0.00140000000000 0.00520000000000 0.00140000000000 0.00160000000000 
0.00150000000000 0.00140000000000 0.00140000000000 0.00140000000000 0.00150000000000 0.00140000000000 0.00150000000000 0.00140000000000 0.00150000000000 0.00140000000000 0.00140000000000 0.00140000000000 0.00150000000000 0.00140000000000 0.00150000000000 0.00140000000000 0.00150000000000 0.00140000000000 0.00150000000000 0.00140000000000 0.00160000000000 0.00150000000000 0.00150000000000 0.00150000000000 0.00150000000000 0.00140000000000 0.00150000000000 0.00140000000000 0.00160000000000 0.00150000000000 0.00150000000000 0.00150000000000 
0.00160000000000 0.00150000000000 0.00160000000000 0.00150000000000 0.00760000000000 0.00190000000000 0.01476909199427 0.00190000000000 0.02398270540759 0.01857871084356 0.02579986134124 0.01989367767419 0.02563678106339 0.02454559388988 0.02377951497857 0.02118582829259 0.01393107877271 0.00200000000000 0.01436241730249 0.00190000000000 0.02278642518034 0.01619861622231 0.02440828367419 0.01736798772690 0.02640901572473 0.02586482184046 0.02476572843138 0.02311836926751 0.01696544375018 0.00270000000000 0.01430099500372 0.00230000000000 
0.01535582463395 0.01597973760423 0.02357943658115 0.02500100864240 0.00160000000000 0.00160000000000 0.00620000000000 0.00630000000000 0.02052908005334 0.02123153556241 0.02773820014821 0.02601331125083 0.00220000000000 0.00210000000000 0.01685689562139 0.01747336909962 0.03383058841121 0.03571554031140 0.04079692134605 0.03908743454234 0.01815256062679 0.01864548783395 0.02790817847770 0.02929396132539 0.05439647333904 0.04980162346523 0.02750950078506 0.02700509289157 0.02397735451635 0.02494959933558 0.09990760382814 0.07793597099288 
0.01542346314220 0.00140000000000 0.00200000000000 0.00130000000000 0.01564130541724 0.00140000000000 0.00210000000000 0.00130000000000 0.01530657221837 0.00140000000000 0.00200000000000 0.00130000000000 0.01552258091318 0.00140000000000 0.00210000000000 0.00130000000000 0.00140000000000 0.00110000000000 0.00130000000000 0.00110000000000 0.00140000000000 0.00110000000000 0.00130000000000 0.00110000000000 0.00140000000000 0.00110000000000 0.00130000000000 0.00110000000000 0.00140000000000 0.00110000000000 0.00130000000000 0.00110000000000 
0.02030418112519 0.00670000000000 0.03462813122802 0.01954467340173 0.04759835424914 0.04044025741712 0.02869661653351 0.04134738845806 0.03073582738446 0.01494267934548 0.02021491730816 0.02880046051259 0.03327609345039 0.07080491971959 0.02511027372057 0.03152474185873 0.00870000000000 0.00200000000000 0.03653349898186 0.00900000000000 0.04899080905227 0.03081418672216 0.02848161125884 0.04580978562482 0.01697399129382 0.00620000000000 0.01694655149598 0.01742609555548 0.03366291104255 0.05618759666069 0.02440175270696 0.03162036143915 
0.01502719656202 0.01724805163808 0.00190000000000 0.00630000000000 0.02140130337719 0.03866828593385 0.00800000000000 0.01960400522101 0.00640000000000 0.01488169311653 0.00180000000000 0.00230000000000 0.01677928038631 0.04234587650143 0.00700000000000 0.01444903931938 0.03010708384420 0.02183909102606 0.10562953366473 0.01829987583758 0.01606364860879 0.00190000000000 0.00210000000000 0.00180000000000 0.02978563654271 0.02059475053342 0.03458023949174 0.01699479194559 0.00230000000000 0.00190000000000 0.00200000000000 0.00170000000000 
0.01557383497029 0.00170000000000 0.11741268410502 0.00770000000000 0.02178915257624 0.00190000000000 0.10431181000771 0.01850904748908 0.02431168247651 0.01665759662287 0.00170000000000 0.00160000000000 0.02646730624192 0.02134274219790 0.00210000000000 0.00160000000000 0.10626749515059 0.00670000000000 0.01613115333771 0.00210000000000 0.11243246235703 0.02276539180991 0.10253289828288 0.00230000000000 0.01881576796417 0.00190000000000 0.00140000000000 0.00130000000000 0.02110752665329 0.00210000000000 0.00140000000000 0.00130000000000 
0.01423437055935 0.01694352080164 0.01455626525985 0.01727886475091 0.00130000000000 0.00140000000000 0.00130000000000 0.00140000000000 0.00180000000000 0.01512526341272 0.00180000000000 0.01545359818836 0.00120000000000 0.00130000000000 0.00120000000000 0.00130000000000 0.03027981466629 0.12026436424230 0.03039015334569 0.11775580719290 0.00160000000000 0.01371747162929 0.00160000000000 0.01378957660348 0.02224316645191 0.10054155951977 0.02278435542116 0.10305889693837 0.00140000000000 0.00160000000000 0.00140000000000 0.00160000000000 
0.01588305940498 0.01739987108147 0.02705009467873 0.03255503427565 0.11399572672764 0.12403026965269 0.10347335997473 0.10660360666343 0.03691535885913 0.06169616917218 0.01893800483119 0.01966908810096 0.01664424417688 0.01791801165970 0.00170000000000 0.00170000000000 0.01555674973426 0.01641946382261 0.02070699275457 0.02257280946743 0.11883657420770 0.12854518057211 0.02029010386009 0.02122370910673 0.02292147096673 0.02578885178647 0.01887353387319 0.01948581482571 0.01568879554032 0.01633058048697 0.01420068210403 0.01472186909383 
0.01413694041405 0.00140000000000 0.02325077927152 0.00230000000000 0.00200000000000 0.00140000000000 0.01960832317087 0.00200000000000 0.00190000000000 0.00130000000000 0.02101092165990 0.00190000000000 0.00170000000000 0.00130000000000 0.01514765977987 0.00170000000000 0.03867675696543 0.01620926467477 0.01629631800657 0.02795521680152 0.02713777301570 0.01427736844512 0.01707440586026 0.02266974162825 0.10531257880203 0.00210000000000 0.00240000000000 0.02439691093715 0.10268727745073 0.00190000000000 0.01000000000000 0.01752103636596 
0.02726927381271 0.03098235651562 0.02203205963872 0.02367745349604 0.00700000000000 0.01567869840166 0.00650000000000 0.00660000000000 0.02412556321355 0.02299224770319 0.04328396844952 0.03819533210761 0.00640000000000 0.00620000000000 0.01711387188778 0.01594268723150 0.00210000000000 0.00220000000000 0.00180000000000 0.00190000000000 0.00180000000000 0.00190000000000 0.00160000000000 0.00170000000000 0.02366106259403 0.02575910164891 0.01993283991570 0.02096844272755 0.00660000000000 0.00680000000000 0.00250000000000 0.00270000000000 
0.00740000000000 0.01559346391812 0.01471031126933 0.01514491802119 0.02617521648415 0.01966539865044 0.02479332475179 0.01925237507078 0.01598831884158 0.01754431727446 0.01505251805932 0.01665563665602 0.02242947366244 0.01803178869278 0.02089868336600 0.01766380312424 0.00180000000000 0.00210000000000 0.00220000000000 0.00580000000000 0.00310000000000 0.00230000000000 0.00990000000000 0.00680000000000 0.00210000000000 0.00260000000000 0.00590000000000 0.00650000000000 0.00250000000000 0.00200000000000 0.00860000000000 0.00630000000000 
0.00170000000000 0.00160000000000 0.00150000000000 0.00150000000000 0.00190000000000 0.00180000000000 0.00170000000000 0.00160000000000 0.00170000000000 0.00160000000000 0.00150000000000 0.00150000000000 0.00190000000000 0.00180000000000 0.00170000000000 0.00160000000000 0.00120000000000 0.00120000000000 0.00110000000000 0.00110000000000 0.00120000000000 0.00120000000000 0.00120000000000 0.00120000000000 0.00120000000000 0.00120000000000 0.00110000000000 0.00110000000000 0.00120000000000 0.00120000000000 0.00120000000000 0.00120000000000 
0.09053777973410 0.01514591880660 0.05401891843085 0.01451565435120 0.09630510224107 0.02132467217951 0.08001803971451 0.02029479677369 0.02091205779477 0.00170000000000 0.01958210985703 0.00160000000000 0.03169991467501 0.01632945310016 0.02872811428071 0.01298786667967 0.01978763699385 0.00160000000000 0.01866299460014 0.00160000000000 0.02891826449821 0.01605826967268 0.02658169923918 0.00200000000000 0.00220000000000 0.00130000000000 0.00190000000000 0.00130000000000 0.02038930307268 0.00140000000000 0.01666152114531 0.00140000000000 
0.01725810474828 0.01790158645466 0.01832444583226 0.01904398710029 0.02657449851107 0.02387419627577 0.02870027719062 0.02565920626781 0.01771835601893 0.01699703610629 0.01844396149722 0.01772226884250 0.00140000000000 0.00130000000000 0.00140000000000 0.00130000000000 0.00170000000000 0.00170000000000 0.00170000000000 0.00180000000000 0.02152931687014 0.02244072732011 0.02256332800943 0.02357684983364 0.09520709713316 0.04295483432867 0.08352634444862 0.04650333504106 0.01353828642626 0.01339710950293 0.01354801376525 0.01338746418747 
0.02132291049233 0.01957140217676 0.01467610829299 0.01383353391764 0.01373794032097 0.00210000000000 0.02010170940157 0.01887542565740 0.01997891019128 0.01842660988804 0.01436001546455 0.00230000000000 0.01655200957798 0.01377231249981 0.02131286395353 0.01989829327910 0.10270818832420 0.05951228460262 0.01776548310971 0.01596470794450 0.00160000000000 0.00150000000000 0.01503253377765 0.00220000000000 0.05843258576932 0.05280838401362 0.01672024306743 0.01522785700959 0.00160000000000 0.00160000000000 0.01557453668211 0.01471825657033 
0.00170000000000 0.00130000000000 0.00130000000000 0.00110000000000 0.00120000000000 0.00110000000000 0.00110000000000 0.00100000000000 0.00120000000000 0.00110000000000 0.00110000000000 0.00100000000000 0.00110000000000 0.00100000000000 0.00100000000000 0.00100000000000 0.00130000000000 0.00110000000000 0.00110000000000 0.00100000000000 0.00110000000000 0.00100000000000 0.00100000000000 0.00100000000000 0.00110000000000 0.00100000000000 0.00100000000000 0.00100000000000 0.00100000000000 0.00100000000000 0.00100000000000 0.00100000000000 
0.00170000000000 0.01664073373176 0.00130000000000 0.00180000000000 0.00150000000000 0.01473395862363 0.00130000000000 0.00160000000000 0.01761448746287 0.01651224555757 0.00200000000000 0.01718897117088 0.01481627942848 0.01821841993051 0.00180000000000 0.00830000000000 0.01659095247037 0.02837946308541 0.00170000000000 0.01573350013487 0.01488526913557 0.06129516383416 0.00160000000000 0.00760000000000 0.01853875270936 0.00170000000000 0.01710225568896 0.01455106786059 0.02124685668283 0.00190000000000 0.00910000000000 0.01561607762867 
0.01998473192430 0.01651592105207 0.01997961400706 0.01643107232616 0.00150000000000 0.00140000000000 0.00150000000000 0.00140000000000 0.02338988789385 0.01790711258583 0.02329771129058 0.01790405261103 0.00160000000000 0.00140000000000 0.00160000000000 0.00140000000000 0.00160000000000 0.00140000000000 0.00160000000000 0.00140000000000 0.00120000000000 0.00110000000000 0.00120000000000 0.00110000000000 0.00170000000000 0.00150000000000 0.00170000000000 0.00150000000000 0.00120000000000 0.00110000000000 0.00120000000000 0.00110000000000 
0.02368711481238 0.02007702203429 0.01862199780216 0.02770603951068 0.00680000000000 0.00130000000000 0.01640899286855 0.00150000000000 0.00140000000000 0.01796333683182 0.00130000000000 0.00210000000000 0.02188574488163 0.02071301076714 0.01769667015610 0.02981893233417 0.02252392642119 0.01976480161602 0.01738720227829 0.02854764459260 0.00640000000000 0.00130000000000 0.01574792884348 0.00150000000000 0.00140000000000 0.01692901714923 0.00130000000000 0.01541886050137 0.02051819639115 0.02039327463909 0.01661711598261 0.03139668079241 
0.01456340353824 0.01735399464318 0.10319023241561 0.07080719916725 0.00130000000000 0.00140000000000 0.01487263880296 0.01842667480622 0.01412790595026 0.01665742131352 0.10571050631717 0.10167000865030 0.00130000000000 0.00130000000000 0.01432651376658 0.01771114063911 0.00210000000000 0.01570067279710 0.10663424543181 0.06571446232013 0.00120000000000 0.00130000000000 0.00230000000000 0.01634747792552 0.00200000000000 0.01505915997492 0.10230057537385 0.01795452517029 0.00120000000000 0.00130000000000 0.00210000000000 0.01557432219453 
0.01476799938532 0.00140000000000 0.00170000000000 0.00130000000000 0.01560111133049 0.00150000000000 0.00190000000000 0.00130000000000 0.00170000000000 0.00130000000000 0.00140000000000 0.00120000000000 0.00190000000000 0.00130000000000 0.00150000000000 0.00120000000000 0.07477092088738 0.01524099666365 0.02039786471068 0.00180000000000 0.06006716018204 0.01719239538726 0.02275460843755 0.00220000000000 0.07455130239197 0.00180000000000 0.01444443920701 0.00150000000000 0.02539344504897 0.00220000000000 0.01699673423807 0.00160000000000 
0.00180000000000 0.10628639063579 0.00200000000000 0.05103106408899 0.01634890944679 0.02658182187468 0.01774593844573 0.02743987294796 0.00180000000000 0.10419848353542 0.00210000000000 0.04265946340715 0.01656544710014 0.02584166210788 0.01804718553508 0.02681491968682 0.00180000000000 0.02286633917677 0.00210000000000 0.02552411565684 0.01517311798775 0.01938690855249 0.00930000000000 0.00500000000000 0.00190000000000 0.02191604518905 0.00210000000000 0.02292585602311 0.01549251622584 0.01907294895093 0.00950000000000 0.00500000000000 
0.00190000000000 0.00230000000000 0.00160000000000 0.00170000000000 0.01800130237844 0.01974629633247 0.01444519889937 0.01633319861003 0.00200000000000 0.00220000000000 0.00160000000000 0.00180000000000 0.01694058465925 0.01972168759725 0.00750000000000 0.01523078898174 0.00200000000000 0.01391719235726 0.00160000000000 0.00170000000000 0.01874520270614 0.01995607745149 0.01540061173183 0.01707792981302 0.00200000000000 0.00230000000000 0.00160000000000 0.00170000000000 0.01799505817695 0.01985988385044 0.00720000000000 0.01623625707939 
0.11103500307843 0.10684231715460 0.01815512044425 0.01849830477026 0.02276696583614 0.02797390317897 0.00710000000000 0.00700000000000 0.06469742215318 0.11069428287676 0.01719650681284 0.01724469411581 0.02074636324433 0.02362189290441 0.00640000000000 0.00640000000000 0.02258651023028 0.02073868564160 0.10644163731939 0.10783195100434 0.02299541924078 0.02001598991851 0.02326774554935 0.02847451088509 0.02257193510331 0.02061534731038 0.06887177696735 0.11149438408872 0.02288988084743 0.01969766284404 0.02123067699765 0.02403637774240 
0.01467552783980 0.02121621159537 0.01607146989721 0.02120712074865 0.00260000000000 0.02079902722201 0.01519533608871 0.02087341879581 0.01455528283335 0.01966975256280 0.01594028339588 0.02016640814429 0.00220000000000 0.01892012839408 0.01516228244898 0.01963036059765 0.01487323159050 0.02164686590373 0.01618695771890 0.02161029948793 0.01387913876042 0.02142175848608 0.01539653394336 0.02128651172961 0.01475029449576 0.02007270462546 0.01605248896898 0.02047207501193 0.00230000000000 0.01933170318636 0.01527456553206 0.01993989844177 
0.03356453910965 0.02064626675856 0.06175527950829 0.02614038317031 0.00200000000000 0.00170000000000 0.00690000000000 0.00190000000000 0.05842925786850 0.02261028669517 0.05143320884161 0.03242258140603 0.00230000000000 0.00180000000000 0.00730000000000 0.00210000000000 0.00230000000000 0.00190000000000 0.00550000000000 0.00210000000000 0.00140000000000 0.00130000000000 0.00140000000000 0.00130000000000 0.00580000000000 0.00210000000000 0.00580000000000 0.00250000000000 0.00140000000000 0.00130000000000 0.00150000000000 0.00140000000000 
0.00150000000000 0.00180000000000 0.03954387618531 0.10621777735435 0.00170000000000 0.00630000000000 0.12752212227189 0.11589432887245 0.00130000000000 0.00140000000000 0.00570000000000 0.03084805332987 0.00130000000000 0.00150000000000 0.00630000000000 0.04754519624724 0.00160000000000 0.00200000000000 0.10703536527768 0.11337772748021 0.00180000000000 0.00640000000000 0.12459515303782 0.10731985188112 0.00130000000000 0.00140000000000 0.00590000000000 0.03642407100165 0.00140000000000 0.00150000000000 0.00970000000000 0.09018577700220 
0.00200000000000 0.10447978564907 0.00180000000000 0.10605969828351 0.01643707400106 0.10354412675493 0.01630908509770 0.10550868160685 0.00160000000000 0.10249506566858 0.00150000000000 0.04588662109333 0.00810000000000 0.10794329111404 0.00790000000000 0.11620671837877 0.00120000000000 0.01575259526518 0.00120000000000 0.00200000000000 0.00150000000000 0.01970187929100 0.00150000000000 0.01949793807786 0.00110000000000 0.00160000000000 0.00110000000000 0.00160000000000 0.00130000000000 0.01594004814709 0.00130000000000 0.01592387157145 
0.00160000000000 0.00150000000000 0.00160000000000 0.00150000000000 0.00150000000000 0.00140000000000 0.00150000000000 0.00140000000000 0.00110000000000 0.00110000000000 0.00110000000000 0.00110000000000 0.00110000000000 0.00110000000000 0.00110000000000 0.00110000000000 0.01300484707187 0.00170000000000 0.01301938366315 0.00170000000000 0.00170000000000 0.00150000000000 0.00170000000000 0.00150000000000 0.00110000000000 0.00110000000000 0.00110000000000 0.00110000000000 0.00110000000000 0.00110000000000 0.00110000000000 0.00110000000000 
0.01542524715199 0.00640000000000 0.01694495559939 0.01385297772566 0.02349150233796 0.01675819697191 0.02999658865153 0.01955485731582 0.01432668815128 0.00210000000000 0.01561948103787 0.00670000000000 0.02244910546193 0.01529107516368 0.03148816291882 0.01737026625806 0.02033187974678 0.03579043475522 0.01805981065046 0.02251324173632 0.01491735310166 0.01702089369961 0.00680000000000 0.01577875505286 0.01810337670831 0.02513651327746 0.01621214735355 0.01982181235377 0.00650000000000 0.01577247494772 0.00210000000000 0.00850000000000 
0.00190000000000 0.00120000000000 0.03251324829944 0.00210000000000 0.00200000000000 0.00120000000000 0.03197931464338 0.00210000000000 0.00120000000000 0.00110000000000 0.00640000000000 0.00120000000000 0.00120000000000 0.00110000000000 0.00680000000000 0.00130000000000 0.00150000000000 0.00110000000000 0.02087149700642 0.00150000000000 0.00150000000000 0.00110000000000 0.02176988935885 0.00150000000000 0.00110000000000 0.00100000000000 0.00150000000000 0.00110000000000 0.00110000000000 0.00100000000000 0.00150000000000 0.00110000000000 
0.02790213946739 0.00170000000000 0.02787813960160 0.00180000000000 0.03720949060691 0.00150000000000 0.03972029287955 0.00150000000000 0.00160000000000 0.00110000000000 0.00160000000000 0.00110000000000 0.00140000000000 0.00110000000000 0.00140000000000 0.00110000000000 0.10229824903834 0.00140000000000 0.03427475582040 0.00140000000000 0.01778605980524 0.00130000000000 0.01886546229694 0.00130000000000 0.00130000000000 0.00110000000000 0.00140000000000 0.00110000000000 0.00120000000000 0.00100000000000 0.00120000000000 0.00100000000000 
0.00180000000000 0.01339605829567 0.00140000000000 0.00150000000000 0.02877424073756 0.04105940058965 0.01447512838324 0.01913046303351 0.04912967000400 0.04699975829949 0.01777755475167 0.02204119517716 0.01606564857302 0.01619375023556 0.02180666041796 0.02369767226127 0.08965746188533 0.03841541581030 0.00940000000000 0.01988215475998 0.00200000000000 0.01342788983515 0.01739161823957 0.02067113204348 0.01261970419249 0.00960000000000 0.01771988246153 0.01993415898649 0.00130000000000 0.00130000000000 0.00160000000000 0.00550000000000 
0.01714872013663 0.00150000000000 0.00130000000000 0.00110000000000 0.00160000000000 0.00120000000000 0.00110000000000 0.00100000000000 0.02555143485972 0.00180000000000 0.00140000000000 0.00120000000000 0.01306119867103 0.00130000000000 0.00120000000000 0.00110000000000 0.03306609829132 0.00620000000000 0.00170000000000 0.00120000000000 0.00940000000000 0.00150000000000 0.00130000000000 0.00110000000000 0.02097413029222 0.01608849292945 0.00590000000000 0.00130000000000 0.01782976445458 0.00540000000000 0.00140000000000 0.00110000000000 
0.01600054208697 0.00180000000000 0.00170000000000 0.00140000000000 0.00160000000000 0.00140000000000 0.00130000000000 0.00120000000000 0.02015523895330 0.00260000000000 0.00230000000000 0.00170000000000 0.00210000000000 0.00160000000000 0.00150000000000 0.00130000000000 0.01970615801091 0.00230000000000 0.00210000000000 0.00160000000000 0.00190000000000 0.00150000000000 0.00150000000000 0.00130000000000 0.00560000000000 0.00940000000000 0.00900000000000 0.00210000000000 0.00350000000000 0.00200000000000 0.00180000000000 0.00150000000000 
0.02081979175074 0.00190000000000 0.01487849041087 0.00150000000000 0.08051730736966 0.00980000000000 0.01718115935046 0.00550000000000 0.10333835563456 0.01591920368260 0.01996976314424 0.00190000000000 0.02666625497084 0.01760309078011 0.05298638162382 0.00950000000000 0.00170000000000 0.00130000000000 0.00140000000000 0.00120000000000 0.00650000000000 0.00150000000000 0.00170000000000 0.00130000000000 0.01478081885797 0.00140000000000 0.00170000000000 0.00130000000000 0.01687340934770 0.00540000000000 0.00630000000000 0.00140000000000 
0.00160000000000 0.01541980825667 0.00180000000000 0.03067292328988 0.00160000000000 0.01509388961354 0.00180000000000 0.02706918438120 0.00120000000000 0.00150000000000 0.00130000000000 0.00160000000000 0.00120000000000 0.00140000000000 0.00120000000000 0.00160000000000 0.01492842593514 0.02094986874748 0.01682645566073 0.03957810612134 0.01483057019015 0.02023799766582 0.01671949121282 0.03445622392970 0.00120000000000 0.00160000000000 0.00130000000000 0.00180000000000 0.00120000000000 0.00160000000000 0.00130000000000 0.00180000000000 
0.00210000000000 0.00170000000000 0.00230000000000 0.00190000000000 0.00120000000000 0.00110000000000 0.00120000000000 0.00120000000000 0.00180000000000 0.00150000000000 0.00200000000000 0.00160000000000 0.00120000000000 0.00110000000000 0.00120000000000 0.00110000000000 0.00210000000000 0.00180000000000 0.00240000000000 0.00190000000000 0.00120000000000 0.00110000000000 0.00120000000000 0.00120000000000 0.00180000000000 0.00150000000000 0.00210000000000 0.00160000000000 0.00120000000000 0.00110000000000 0.00120000000000 0.00110000000000 
0.00150000000000 0.00150000000000 0.01498764673526 0.01404253275470 0.00130000000000 0.00130000000000 0.00160000000000 0.00150000000000 0.00200000000000 0.00180000000000 0.02101033304152 0.01819868925555 0.00150000000000 0.00140000000000 0.00200000000000 0.00190000000000 0.00160000000000 0.00150000000000 0.00260000000000 0.00220000000000 0.00130000000000 0.00130000000000 0.00160000000000 0.00150000000000 0.00200000000000 0.00180000000000 0.02715397379482 0.01701017149427 0.00150000000000 0.00140000000000 0.00210000000000 0.00190000000000 
0.01402324041497 0.02091201863048 0.00170000000000 0.01560445029815 0.00210000000000 0.02279795171434 0.00160000000000 0.01655434439710 0.01511714260779 0.02627076301364 0.00170000000000 0.02120913292333 0.01302135939081 0.02935570058254 0.00160000000000 0.02504313037058 0.01747308421991 0.10229836904598 0.00190000000000 0.08520435691786 0.01703355889825 0.10237445734230 0.00180000000000 0.10240958552319 0.01802768776045 0.04296242705335 0.01522609147591 0.10865639793991 0.01761523807744 0.11001286922407 0.00200000000000 0.10352461241209 
0.01457068691404 0.01948987783326 0.02820684787872 0.03130829161226 0.00240000000000 0.01988199554096 0.00230000000000 0.10118724628095 0.00170000000000 0.00220000000000 0.00400000000000 0.00790000000000 0.00180000000000 0.00230000000000 0.00190000000000 0.00190000000000 0.01457428362497 0.01968555473615 0.02658690540645 0.03018269837568 0.00240000000000 0.02069779573380 0.00220000000000 0.10146039657621 0.00170000000000 0.00220000000000 0.00380000000000 0.00760000000000 0.00190000000000 0.00240000000000 0.00190000000000 0.00190000000000 
0.01949075124760 0.01843381147052 0.02661787125756 0.01883486882507 0.02122348432210 0.01936011700607 0.02905526370931 0.01945528883179 0.00670000000000 0.02245759019083 0.01724621669344 0.02087171005415 0.01483032275407 0.02401197763844 0.01832140004465 0.02179977865286 0.01930321938948 0.01802791264576 0.02641950222551 0.01854341074272 0.02102288587851 0.01895315570704 0.02893582101429 0.01915070981806 0.00670000000000 0.02163330226368 0.01715250804901 0.02045779293897 0.01473309934069 0.02317799138054 0.01822531639252 0.02138091101956 
0.01520005942356 0.01707694116322 0.01488908848312 0.01523596457996 0.00150000000000 0.00820000000000 0.00150000000000 0.00830000000000 0.00220000000000 0.00970000000000 0.00220000000000 0.00970000000000 0.00140000000000 0.00160000000000 0.00140000000000 0.00150000000000 0.00160000000000 0.00540000000000 0.00160000000000 0.00540000000000 0.00130000000000 0.00130000000000 0.00130000000000 0.00130000000000 0.00150000000000 0.00150000000000 0.00150000000000 0.00150000000000 0.00120000000000 0.00120000000000 0.00120000000000 0.00120000000000 
0.01977353472335 0.02472258444095 0.03710855974068 0.10954113308113 0.02527644355439 0.03089129722271 0.11248354039939 0.12114882088149 0.02266987107536 0.02830632672338 0.02554753149098 0.04942959006506 0.03345970026988 0.04034216149554 0.02968010615883 0.10759980335934 0.02922035776953 0.03398507566063 0.02215988114066 0.03224371292483 0.04597110168464 0.05032203717966 0.02379972977138 0.03815083067362 0.04228780698620 0.04443729453936 0.01971440302139 0.02678737374604 0.12118539396436 0.10864432577277 0.02089127353616 0.03028274836257 
0.01862727290855 0.01720725973233 0.02453279817016 0.02021867656203 0.01470123409959 0.00190000000000 0.01730896018751 0.01675701944651 0.00170000000000 0.00150000000000 0.00190000000000 0.00160000000000 0.00140000000000 0.00130000000000 0.00150000000000 0.00140000000000 0.00130000000000 0.00120000000000 0.00130000000000 0.00120000000000 0.00120000000000 0.00110000000000 0.00120000000000 0.00120000000000 0.00110000000000 0.00110000000000 0.00110000000000 0.00110000000000 0.00110000000000 0.00110000000000 0.00110000000000 0.00110000000000 
0.00150000000000 0.00150000000000 0.01462393607335 0.01442493014777 0.00260000000000 0.00260000000000 0.02949986920595 0.02824371953839 0.01460391815837 0.00740000000000 0.02797405859606 0.02694667181288 0.08039085109316 0.03561118852056 0.01696670884248 0.01537418329281 0.00150000000000 0.00160000000000 0.01733634146221 0.01692829072204 0.00570000000000 0.00570000000000 0.13661357934802 0.12476155966520 0.01751810987740 0.01691943936804 0.10669125246266 0.11350354002201 0.12641148040737 0.11575020875723 0.01918617460724 0.01882606632042 
0.02492931619034 0.01600031506491 0.02072601660620 0.01813698015012 0.00150000000000 0.02338845551420 0.00140000000000 0.02023407146668 0.02065091439995 0.01506084120789 0.01850879105698 0.01710550151250 0.00150000000000 0.02016238280936 0.00140000000000 0.01831444453504 0.00140000000000 0.01869231279283 0.00130000000000 0.01742394588731 0.00110000000000 0.00140000000000 0.00110000000000 0.00130000000000 0.00140000000000 0.01689800853191 0.00130000000000 0.01614174928593 0.00110000000000 0.00140000000000 0.00110000000000 0.00130000000000 
0.01873775568657 0.02671843122812 0.00130000000000 0.00150000000000 0.03041767082514 0.10289475491210 0.00130000000000 0.00150000000000 0.01874633225806 0.02682148654535 0.00130000000000 0.00150000000000 0.03114488945896 0.10290728563049 0.00130000000000 0.00150000000000 0.01634884917020 0.02127703142012 0.00130000000000 0.00140000000000 0.02118217196940 0.02637263271860 0.00130000000000 0.00140000000000 0.01635555889720 0.02136686792467 0.00130000000000 0.00140000000000 0.02118777156994 0.02647136788116 0.00130000000000 0.00140000000000 
0.02235011074682 0.00150000000000 0.10511836656605 0.00150000000000 0.00140000000000 0.00110000000000 0.00150000000000 0.00110000000000 0.02235475265044 0.00150000000000 0.10272066320367 0.00150000000000 0.00140000000000 0.00110000000000 0.00150000000000 0.00110000000000 0.01488048171695 0.00280000000000 0.01708004200526 0.00330000000000 0.00240000000000 0.00130000000000 0.00270000000000 0.00130000000000 0.01510011413209 0.00280000000000 0.01748242325880 0.00330000000000 0.00240000000000 0.00130000000000 0.00270000000000 0.00130000000000 
0.03861625075450 0.11937215106590 0.00200000000000 0.01837321445902 0.03136332000473 0.10393131582668 0.00210000000000 0.01738417717395 0.03190053389314 0.12327719398543 0.00200000000000 0.01796502399550 0.05617344664651 0.10456714680385 0.00200000000000 0.01716719827455 0.04822091482151 0.04461288336686 0.01843828840287 0.02378051225956 0.02845835312729 0.02910626604720 0.01682593682235 0.02373557321189 0.05590269985759 0.05316559415488 0.01822345052062 0.02305523937632 0.03123826228966 0.03090236708982 0.01649839930476 0.02292618644603 
0.01552663638887 0.01509993594768 0.01427792538401 0.01395423534622 0.00120000000000 0.00120000000000 0.00120000000000 0.00120000000000 0.01640519069278 0.01588829952718 0.01506409238407 0.01409781989646 0.00120000000000 0.00120000000000 0.00120000000000 0.00120000000000 0.01397071944496 0.00770000000000 0.00270000000000 0.00240000000000 0.00120000000000 0.00120000000000 0.00120000000000 0.00120000000000 0.01494243552944 0.01451551056509 0.00770000000000 0.00750000000000 0.00120000000000 0.00120000000000 0.00120000000000 0.00120000000000 
0.01567519817768 0.01493096980754 0.01512588927784 0.01361998060659 0.00230000000000 0.00240000000000 0.00190000000000 0.00190000000000 0.03040630884612 0.03238685282187 0.02424886481152 0.02437299275547 0.02914409842092 0.02355995342427 0.02264911112735 0.02277511616878 0.01614018103784 0.00230000000000 0.02522478067600 0.01318115433770 0.00310000000000 0.00210000000000 0.01851805835668 0.00320000000000 0.01933470727374 0.00600000000000 0.02353195523858 0.00930000000000 0.01345602343788 0.00200000000000 0.01539429760737 0.00620000000000 
0.01519858844174 0.00180000000000 0.01654856560374 0.00200000000000 0.01649703741680 0.00180000000000 0.01748158807903 0.01317096638896 0.03594490674550 0.01998736206654 0.03243706932105 0.02091821577245 0.03081619765593 0.02048938453190 0.02944741013562 0.02120906270757 0.00170000000000 0.00140000000000 0.00530000000000 0.00150000000000 0.00180000000000 0.00140000000000 0.00530000000000 0.00150000000000 0.01696201683034 0.00570000000000 0.01812262853644 0.00930000000000 0.01781286596027 0.00970000000000 0.01881452089984 0.01490554266844 
0.01708243750907 0.02184799738046 0.00200000000000 0.00680000000000 0.01566240889451 0.01922714947923 0.00170000000000 0.00600000000000 0.00180000000000 0.01833207312828 0.00150000000000 0.00160000000000 0.00160000000000 0.01665766320955 0.00140000000000 0.00150000000000 0.01771856807667 0.02244662547573 0.00200000000000 0.00710000000000 0.01599319883660 0.01962271193648 0.00170000000000 0.00600000000000 0.00180000000000 0.01872103810184 0.00150000000000 0.00170000000000 0.00160000000000 0.01663662756355 0.00140000000000 0.00150000000000 
0.05421137571298 0.03242662310750 0.03118996356375 0.10500372412113 0.01958896218620 0.02041535414097 0.03078553142841 0.02694032791742 0.05261114213762 0.03202945457536 0.03077643752248 0.10436906282241 0.01938255357149 0.02030447935126 0.03037151862690 0.02664868130025 0.02013648707748 0.03314131717726 0.01887557218987 0.02259912331862 0.03012619390390 0.04516955853931 0.02076650310617 0.02840798175082 0.02011968847886 0.03321982940939 0.01886082530491 0.02268445185596 0.03019417553438 0.04524787685604 0.02084117091653 0.02839417351977 
0.01465999611638 0.00150000000000 0.00670000000000 0.00140000000000 0.01726183037492 0.00160000000000 0.01555088689852 0.00150000000000 0.03478797317005 0.01474980550242 0.02327861747138 0.00200000000000 0.10852272518702 0.01776539096316 0.03069295511425 0.01573911016276 0.00170000000000 0.00130000000000 0.00160000000000 0.00130000000000 0.00180000000000 0.00140000000000 0.00170000000000 0.00130000000000 0.01371101075654 0.00170000000000 0.00710000000000 0.00150000000000 0.01757518736947 0.00180000000000 0.01481940097223 0.00160000000000 
0.01605969825655 0.01595309763193 0.00180000000000 0.00180000000000 0.11082614119389 0.11144045726608 0.01950021462140 0.02011416987454 0.00210000000000 0.00210000000000 0.00160000000000 0.00160000000000 0.11504723337613 0.11793615547820 0.00780000000000 0.00770000000000 0.02483225117436 0.02452787385829 0.01371367673240 0.01370235413808 0.03644782533081 0.03644369655619 0.01760346193500 0.01771785590470 0.01715341591346 0.01695403970061 0.00190000000000 0.00190000000000 0.05639909223888 0.06353903891976 0.01736016493985 0.01747600144777 
0.00170000000000 0.00160000000000 0.00160000000000 0.00150000000000 0.00170000000000 0.00160000000000 0.00160000000000 0.00150000000000 0.00170000000000 0.00160000000000 0.00160000000000 0.00150000000000 0.00170000000000 0.00160000000000 0.00160000000000 0.00150000000000 0.00590000000000 0.00170000000000 0.00190000000000 0.00160000000000 0.00590000000000 0.00170000000000 0.00190000000000 0.00160000000000 0.00580000000000 0.00160000000000 0.00190000000000 0.00160000000000 0.00580000000000 0.00160000000000 0.00190000000000 0.00160000000000 
0.01929217427245 0.01652119122594 0.01858972149187 0.01480027458413 0.01931807904638 0.01404610528822 0.01860452919981 0.00710000000000 0.01929681236265 0.01600200923694 0.01860725007386 0.01446813938510 0.01930903619428 0.01381646651329 0.01861335716586 0.00260000000000 0.01492955607584 0.01481209858172 0.00780000000000 0.00830000000000 0.00820000000000 0.00730000000000 0.00770000000000 0.00290000000000 0.01492070919456 0.01446364728229 0.00760000000000 0.00770000000000 0.00800000000000 0.00690000000000 0.00750000000000 0.00260000000000 
0.00190000000000 0.00150000000000 0.00180000000000 0.00150000000000 0.00200000000000 0.00160000000000 0.00180000000000 0.00150000000000 0.00190000000000 0.00160000000000 0.00180000000000 0.00150000000000 0.00200000000000 0.00160000000000 0.00180000000000 0.00150000000000 0.00150000000000 0.00130000000000 0.00150000000000 0.00130000000000 0.00160000000000 0.00140000000000 0.00150000000000 0.00130000000000 0.00150000000000 0.00140000000000 0.00150000000000 0.00130000000000 0.00160000000000 0.00140000000000 0.00150000000000 0.00130000000000 
0.03474272729901 0.04641012760118 0.09360532437042 0.09680640435741 0.03004462679830 0.03317950957983 0.05949766196112 0.06128744847728 0.01885239701335 0.01997935673911 0.02398288920509 0.02623287311533 0.02100617177693 0.02193654615555 0.02502946550637 0.02616506126847 0.03170143429103 0.03825233785706 0.08915038600671 0.09686858649239 0.02922775106613 0.03175188209035 0.05887960790659 0.05827714251704 0.01935323254600 0.02039468006306 0.02398138763108 0.02600358641014 0.02130173127407 0.02164734136216 0.02285800706942 0.02265098908426 
0.00190000000000 0.00180000000000 0.00170000000000 0.00160000000000 0.00140000000000 0.00140000000000 0.00130000000000 0.00130000000000 0.00200000000000 0.00180000000000 0.00170000000000 0.00160000000000 0.00140000000000 0.00140000000000 0.00130000000000 0.00130000000000 0.00130000000000 0.00120000000000 0.00120000000000 0.00120000000000 0.00110000000000 0.00110000000000 0.00110000000000 0.00110000000000 0.00130000000000 0.00120000000000 0.00120000000000 0.00120000000000 0.00110000000000 0.00110000000000 0.00110000000000 0.00110000000000 
0.00170000000000 0.00170000000000 0.00240000000000 0.00250000000000 0.00170000000000 0.00170000000000 0.00240000000000 0.00240000000000 0.00190000000000 0.00190000000000 0.01373075966160 0.00340000000000 0.00190000000000 0.00190000000000 0.01593023206002 0.00330000000000 0.00150000000000 0.00160000000000 0.00200000000000 0.00200000000000 0.00150000000000 0.00150000000000 0.00190000000000 0.00200000000000 0.00170000000000 0.00170000000000 0.00230000000000 0.00240000000000 0.00170000000000 0.00170000000000 0.00230000000000 0.00230000000000 
0.02339096372263 0.01855963687722 0.02329699445183 0.01844751094679 0.00250000000000 0.00510000000000 0.00250000000000 0.00510000000000 0.05570375187492 0.04798603690938 0.05330631039156 0.04987983690501 0.00150000000000 0.00180000000000 0.00150000000000 0.00180000000000 0.01591147685856 0.01346921277606 0.01570313380929 0.01335572364994 0.00570000000000 0.02952162967850 0.00590000000000 0.02974493346277 0.10214410087022 0.02676338448018 0.10358755121768 0.02686219972724 0.00430000000000 0.00440000000000 0.00430000000000 0.00440000000000 
0.01768065820918 0.00720000000000 0.00960000000000 0.10559216409153 0.11356313256469 0.10398642113955 0.00440000000000 0.00530000000000 0.01651567170086 0.00670000000000 0.03341608199087 0.03884714120504 0.10388212901786 0.10409197746529 0.00450000000000 0.02521211459363 0.00130000000000 0.00130000000000 0.00160000000000 0.00170000000000 0.00170000000000 0.00180000000000 0.00910000000000 0.01632220627388 0.00130000000000 0.00130000000000 0.00160000000000 0.00160000000000 0.00170000000000 0.00170000000000 0.00960000000000 0.01488548129911 
0.00140000000000 0.00600000000000 0.00140000000000 0.00600000000000 0.00160000000000 0.00930000000000 0.00160000000000 0.00940000000000 0.00110000000000 0.00140000000000 0.00110000000000 0.00140000000000 0.00110000000000 0.00150000000000 0.00110000000000 0.00160000000000 0.00140000000000 0.00590000000000 0.00140000000000 0.00590000000000 0.00160000000000 0.00890000000000 0.00160000000000 0.00900000000000 0.00110000000000 0.00130000000000 0.00110000000000 0.00130000000000 0.00110000000000 0.00150000000000 0.00110000000000 0.00150000000000 
0.03141949781006 0.05382642076709 0.01948544045031 0.05664530846609 0.10953194308195 0.03132553271685 0.02592418203932 0.03791007327515 0.03455719966732 0.02051814829378 0.01840535176929 0.03201632998151 0.02662675343701 0.02201049065232 0.03133086738815 0.02496844055289 0.00170000000000 0.00140000000000 0.00730000000000 0.00170000000000 0.00150000000000 0.00130000000000 0.00190000000000 0.00150000000000 0.00140000000000 0.00130000000000 0.00170000000000 0.00140000000000 0.00140000000000 0.00120000000000 0.00150000000000 0.00130000000000 
0.04309807026293 0.02372925987936 0.00180000000000 0.00160000000000 0.05016777309281 0.02418022658177 0.00180000000000 0.00160000000000 0.03520076972081 0.06837329646096 0.00220000000000 0.00190000000000 0.05119767366143 0.05184281945773 0.01401175879823 0.00190000000000 0.03506320642602 0.02640769705820 0.01541495450227 0.00610000000000 0.03670205980774 0.02682357434927 0.01563444272633 0.00600000000000 0.09383982248973 0.03489756477255 0.01704912562919 0.01491043445919 0.08095622943958 0.03552879047325 0.01735547757242 0.01512787281968 
0.00180000000000 0.00120000000000 0.00130000000000 0.00110000000000 0.00140000000000 0.00110000000000 0.00110000000000 0.00100000000000 0.02112442423832 0.00150000000000 0.00150000000000 0.00120000000000 0.01471731929877 0.00120000000000 0.00130000000000 0.00110000000000 0.00120000000000 0.00110000000000 0.00110000000000 0.00100000000000 0.00110000000000 0.00100000000000 0.00100000000000 0.00100000000000 0.00140000000000 0.00110000000000 0.00110000000000 0.00100000000000 0.00120000000000 0.00110000000000 0.00110000000000 0.00100000000000 
0.01498333435916 0.01781143023718 0.00130000000000 0.00130000000000 0.00210000000000 0.00200000000000 0.00120000000000 0.00120000000000 0.00120000000000 0.00120000000000 0.00100000000000 0.00100000000000 0.00120000000000 0.00120000000000 0.00100000000000 0.00100000000000 0.01521918286283 0.01821910840640 0.00130000000000 0.00130000000000 0.00220000000000 0.00200000000000 0.00130000000000 0.00120000000000 0.00120000000000 0.00120000000000 0.00110000000000 0.00100000000000 0.00120000000000 0.00120000000000 0.00100000000000 0.00100000000000 
0.00190000000000 0.02441451786224 0.00190000000000 0.02805300417041 0.01575451241876 0.01577149556790 0.01640653959458 0.01665037313899 0.00120000000000 0.00210000000000 0.00120000000000 0.00230000000000 0.00130000000000 0.01759141313313 0.00130000000000 0.01842454420534 0.00210000000000 0.02044726930627 0.00720000000000 0.02247054479871 0.01644844152079 0.01472913957460 0.01718493811070 0.01547574955149 0.00120000000000 0.01384200530866 0.00120000000000 0.01437378859076 0.00130000000000 0.01867921067017 0.00130000000000 0.01949291423490 
0.00200000000000 0.00180000000000 0.00120000000000 0.00120000000000 0.02049555521515 0.01480629926472 0.01787429999840 0.01519805805882 0.00140000000000 0.00140000000000 0.00110000000000 0.00110000000000 0.10797261445059 0.02081411252058 0.00170000000000 0.00160000000000 0.00270000000000 0.00240000000000 0.00130000000000 0.00130000000000 0.00200000000000 0.00160000000000 0.10340547886643 0.01942714956915 0.00150000000000 0.00150000000000 0.00120000000000 0.00120000000000 0.00710000000000 0.00240000000000 0.00210000000000 0.00200000000000 
0.00160000000000 0.00140000000000 0.00140000000000 0.00120000000000 0.00680000000000 0.00170000000000 0.00170000000000 0.00140000000000 0.00190000000000 0.00150000000000 0.00150000000000 0.00130000000000 0.01398579441060 0.00200000000000 0.00200000000000 0.00160000000000 0.00130000000000 0.00120000000000 0.00120000000000 0.00110000000000 0.00140000000000 0.00130000000000 0.00130000000000 0.00120000000000 0.00140000000000 0.00120000000000 0.00120000000000 0.00120000000000 0.00160000000000 0.00140000000000 0.00140000000000 0.00130000000000 
0.00150000000000 0.00210000000000 0.00190000000000 0.03739247161549 0.00120000000000 0.00130000000000 0.00130000000000 0.00160000000000 0.00150000000000 0.00480000000000 0.00520000000000 0.00830000000000 0.00120000000000 0.00130000000000 0.00130000000000 0.00160000000000 0.00150000000000 0.00240000000000 0.00210000000000 0.05616660699996 0.00120000000000 0.00140000000000 0.00140000000000 0.00170000000000 0.00160000000000 0.00510000000000 0.00540000000000 0.01561500006105 0.00120000000000 0.00140000000000 0.00130000000000 0.00170000000000 
0.00200000000000 0.00160000000000 0.00140000000000 0.00130000000000 0.00580000000000 0.00160000000000 0.00140000000000 0.00130000000000 0.00180000000000 0.00150000000000 0.00140000000000 0.00120000000000 0.00550000000000 0.00160000000000 0.00130000000000 0.00120000000000 0.00190000000000 0.00160000000000 0.00140000000000 0.00130000000000 0.00180000000000 0.00150000000000 0.00140000000000 0.00130000000000 0.00180000000000 0.00150000000000 0.00140000000000 0.00120000000000 0.00170000000000 0.00150000000000 0.00130000000000 0.00120000000000 
0.01403332467665 0.01403164444044 0.00140000000000 0.00140000000000 0.00180000000000 0.00180000000000 0.00130000000000 0.00130000000000 0.01894284338599 0.01893363071950 0.00160000000000 0.00160000000000 0.01677065969233 0.01668531501112 0.00150000000000 0.00150000000000 0.02246413325968 0.02265905242854 0.00670000000000 0.00660000000000 0.10289811356794 0.10302018463936 0.00260000000000 0.00260000000000 0.02194939125266 0.02204157090756 0.02841653012041 0.02820044108688 0.02539160272218 0.02549292744346 0.02135535752071 0.02126044308922 
0.00200000000000 0.00160000000000 0.01377681727019 0.00180000000000 0.01548667537552 0.00180000000000 0.01637651169057 0.01381211931982 0.00140000000000 0.00130000000000 0.00160000000000 0.00140000000000 0.00160000000000 0.00140000000000 0.00610000000000 0.00150000000000 0.00130000000000 0.00120000000000 0.00150000000000 0.00130000000000 0.00150000000000 0.00130000000000 0.00560000000000 0.00140000000000 0.00120000000000 0.00110000000000 0.00120000000000 0.00120000000000 0.00120000000000 0.00120000000000 0.00130000000000 0.00120000000000 
0.00190000000000 0.00160000000000 0.00190000000000 0.00160000000000 0.00150000000000 0.00140000000000 0.00150000000000 0.00140000000000 0.01681177639204 0.01445873171563 0.01670967186638 0.01436273060082 0.00200000000000 0.00170000000000 0.00200000000000 0.00170000000000 0.00160000000000 0.00140000000000 0.00160000000000 0.00140000000000 0.00140000000000 0.00130000000000 0.00130000000000 0.00130000000000 0.01456915466485 0.00180000000000 0.01455745063873 0.00170000000000 0.00160000000000 0.00140000000000 0.00160000000000 0.00140000000000 
0.00180000000000 0.00160000000000 0.00210000000000 0.00180000000000 0.00180000000000 0.00160000000000 0.00200000000000 0.00170000000000 0.00160000000000 0.00140000000000 0.00180000000000 0.00160000000000 0.00160000000000 0.00140000000000 0.00180000000000 0.00160000000000 0.05581621133464 0.03586960315968 0.01729553257863 0.01434230825014 0.10452473994258 0.10816899153082 0.00750000000000 0.01637855487584 0.03799404991598 0.02421033598683 0.01523853026781 0.00790000000000 0.11099556263756 0.10240014448918 0.01511603397805 0.00550000000000 
0.03243614981617 0.01967478183570 0.01742180467990 0.01371788845190 0.02389183551807 0.04705299996804 0.01741875074763 0.02378768183205 0.00150000000000 0.00140000000000 0.00140000000000 0.00130000000000 0.01422075003623 0.00170000000000 0.00180000000000 0.00150000000000 0.05365794035698 0.02514172564602 0.02326401861223 0.01499207979691 0.01907354381487 0.02436463446481 0.00770000000000 0.01765550275024 0.00170000000000 0.00150000000000 0.00150000000000 0.00140000000000 0.01529481360124 0.00200000000000 0.00210000000000 0.00170000000000 
0.01573780739823 0.00170000000000 0.00190000000000 0.00150000000000 0.04639789089225 0.01821020977325 0.01516651663279 0.00220000000000 0.11453262739047 0.02546590639783 0.03032156021109 0.00800000000000 0.08436006416489 0.10632832299745 0.01697823389429 0.02189688546522 0.00170000000000 0.00140000000000 0.00140000000000 0.00120000000000 0.01791293892945 0.00190000000000 0.00210000000000 0.00150000000000 0.02287032157551 0.01679573368079 0.01392734748455 0.00170000000000 0.11212190566079 0.02841884251544 0.06454410271642 0.01507543963843 
M_out
1 1 1 1 1 0 0 0 0 0 0 0 0 0 0 0 0 0 0 0 0 0 0 0 0 0 0 0 0 0 0 0 0 0 0 0 0 0 0 0 0 0 0 0 0 0 0 0 0 0 0 0 0 0 0 0 0 0 0 0 0 0 0 0 0 0 0 0 0 0 0 0 0 0 0 0 0 0 0 0 0 0 0 0 0 0 0 0 0 0 0 0 0 0 0 0 0 0 0 0 
0 1 1 1 1 1 0 0 0 0 0 0 0 0 0 0 0 0 0 0 0 0 0 0 0 0 0 0 0 0 0 0 0 0 0 0 0 0 0 0 0 0 0 0 0 0 0 0 0 0 0 0 0 0 0 0 0 0 0 0 0 0 0 0 0 0 0 0 0 0 0 0 0 0 0 0 0 0 0 0 0 0 0 0 0 0 0 0 0 0 0 0 0 0 0 0 0 0 0 0 
0 0 1 1 1 1 1 0 0 0 0 0 0 0 0 0 0 0 0 0 0 0 0 0 0 0 0 0 0 0 0 0 0 0 0 0 0 0 0 0 0 0 0 0 0 0 0 0 0 0 0 0 0 0 0 0 0 0 0 0 0 0 0 0 0 0 0 0 0 0 0 0 0 0 0 0 0 0 0 0 0 0 0 0 0 0 0 0 0 0 0 0 0 0 0 0 0 0 0 0 
0 0 0 1 1 1 1 1 0 0 0 0 0 0 0 0 0 0 0 0 0 0 0 0 0 0 0 0 0 0 0 0 0 0 0 0 0 0 0 0 0 0 0 0 0 0 0 0 0 0 0 0 0 0 0 0 0 0 0 0 0 0 0 0 0 0 0 0 0 0 0 0 0 0 0 0 0 0 0 0 0 0 0 0 0 0 0 0 0 0 0 0 0 0 0 0 0 0 0 0 
0 0 0 0 1 1 1 1 1 0 0 0 0 0 0 0 0 0 0 0 0 0 0 0 0 0 0 0 0 0 0 0 0 0 0 0 0 0 0 0 0 0 0 0 0 0 0 0 0 0 0 0 0 0 0 0 0 0 0 0 0 0 0 0 0 0 0 0 0 0 0 0 0 0 0 0 0 0 0 0 0 0 0 0 0 0 0 0 0 0 0 0 0 0 0 0 0 0 0 0 
0 0 0 0 0 1 1 1 1 1 0 0 0 0 0 0 0 0 0 0 0 0 0 0 0 0 0 0 0 0 0 0 0 0 0 0 0 0 0 0 0 0 0 0 0 0 0 0 0 0 0 0 0 0 0 0 0 0 0 0 0 0 0 0 0 0 0 0 0 0 0 0 0 0 0 0 0 0 0 0 0 0 0 0 0 0 0 0 0 0 0 0 0 0 0 0 0 0 0 0 
0 0 0 0 0 0 1 1 1 1 1 0 0 0 0 0 0 0 0 0 0 0 0 0 0 0 0 0 0 0 0 0 0 0 0 0 0 0 0 0 0 0 0 0 0 0 0 0 0 0 0 0 0 0 0 0 0 0 0 0 0 0 0 0 0 0 0 0 0 0 0 0 0 0 0 0 0 0 0 0 0 0 0 0 0 0 0 0 0 0 0 0 0 0 0 0 0 0 0 0 
0 0 0 0 0 0 0 1 1 1 1 1 0 0 0 0 0 0 0 0 0 0 0 0 0 0 0 0 0 0 0 0 0 0 0 0 0 0 0 0 0 0 0 0 0 0 0 0 0 0 0 0 0 0 0 0 0 0 0 0 0 0 0 0 0 0 0 0 0 0 0 0 0 0 0 0 0 0 0 0 0 0 0 0 0 0 0 0 0 0 0 0 0 0 0 0 0 0 0 0 
0 0 0 0 0 0 0 0 1 1 1 1 1 0 0 0 0 0 0 0 0 0 0 0 0 0 0 0 0 0 0 0 0 0 0 0 0 0 0 0 0 0 0 0 0 0 0 0 0 0 0 0 0 0 0 0 0 0 0 0 0 0 0 0 0 0 0 0 0 0 0 0 0 0 0 0 0 0 0 0 0 0 0 0 0 0 0 0 0 0 0 0 0 0 0 0 0 0 0 0 
0 0 0 0 0 0 0 0 0 1 1 1 1 1 0 0 0 0 0 0 0 0 0 0 0 0 0 0 0 0 0 0 0 0 0 0 0 0 0 0 0 0 0 0 0 0 0 0 0 0 0 0 0 0 0 0 0 0 0 0 0 0 0 0 0 0 0 0 0 0 0 0 0 0 0 0 0 0 0 0 0 0 0 0 0 0 0 0 0 0 0 0 0 0 0 0 0 0 0 0 
0 0 0 0 0 0 0 0 0 0 1 1 1 1 1 0 0 0 0 0 0 0 0 0 0 0 0 0 0 0 0 0 0 0 0 0 0 0 0 0 0 0 0 0 0 0 0 0 0 0 0 0 0 0 0 0 0 0 0 0 0 0 0 0 0 0 0 0 0 0 0 0 0 0 0 0 0 0 0 0 0 0 0 0 0 0 0 0 0 0 0 0 0 0 0 0 0 0 0 0 
0 0 0 0 0 0 0 0 0 0 0 1 1 1 1 1 0 0 0 0 0 0 0 0 0 0 0 0 0 0 0 0 0 0 0 0 0 0 0 0 0 0 0 0 0 0 0 0 0 0 0 0 0 0 0 0 0 0 0 0 0 0 0 0 0 0 0 0 0 0 0 0 0 0 0 0 0 0 0 0 0 0 0 0 0 0 0 0 0 0 0 0 0 0 0 0 0 0 0 0 
0 0 0 0 0 0 0 0 0 0 0 0 1 1 1 1 1 0 0 0 0 0 0 0 0 0 0 0 0 0 0 0 0 0 0 0 0 0 0 0 0 0 0 0 0 0 0 0 0 0 0 0 0 0 0 0 0 0 0 0 0 0 0 0 0 0 0 0 0 0 0 0 0 0 0 0 0 0 0 0 0 0 0 0 0 0 0 0 0 0 0 0 0 0 0 0 0 0 0 0 
0 0 0 0 0 0 0 0 0 0 0 0 0 1 1 1 1 1 0 0 0 0 0 0 0 0 0 0 0 0 0 0 0 0 0 0 0 0 0 0 0 0 0 0 0 0 0 0 0 0 0 0 0 0 0 0 0 0 0 0 0 0 0 0 0 0 0 0 0 0 0 0 0 0 0 0 0 0 0 0 0 0 0 0 0 0 0 0 0 0 0 0 0 0 0 0 0 0 0 0 
0 0 0 0 0 0 0 0 0 0 0 0 0 0 1 1 1 1 1 0 0 0 0 0 0 0 0 0 0 0 0 0 0 0 0 0 0 0 0 0 0 0 0 0 0 0 0 0 0 0 0 0 0 0 0 0 0 0 0 0 0 0 0 0 0 0 0 0 0 0 0 0 0 0 0 0 0 0 0 0 0 0 0 0 0 0 0 0 0 0 0 0 0 0 0 0 0 0 0 0 
0 0 0 0 0 0 0 0 0 0 0 0 0 0 0 1 1 1 1 1 0 0 0 0 0 0 0 0 0 0 0 0 0 0 0 0 0 0 0 0 0 0 0 0 0 0 0 0 0 0 0 0 0 0 0 0 0 0 0 0 0 0 0 0 0 0 0 0 0 0 0 0 0 0 0 0 0 0 0 0 0 0 0 0 0 0 0 0 0 0 0 0 0 0 0 0 0 0 0 0 
0 0 0 0 0 0 0 0 0 0 0 0 0 0 0 0 1 1 1 1 1 0 0 0 0 0 0 0 0 0 0 0 0 0 0 0 0 0 0 0 0 0 0 0 0 0 0 0 0 0 0 0 0 0 0 0 0 0 0 0 0 0 0 0 0 0 0 0 0 0 0 0 0 0 0 0 0 0 0 0 0 0 0 0 0 0 0 0 0 0 0 0 0 0 0 0 0 0 0 0 
0 0 0 0 0 0 0 0 0 0 0 0 0 0 0 0 0 1 1 1 1 1 0 0 0 0 0 0 0 0 0 0 0 0 0 0 0 0 0 0 0 0 0 0 0 0 0 0 0 0 0 0 0 0 0 0 0 0 0 0 0 0 0 0 0 0 0 0 0 0 0 0 0 0 0 0 0 0 0 0 0 0 0 0 0 0 0 0 0 0 0 0 0 0 0 0 0 0 0 0 
0 0 0 0 0 0 0 0 0 0 0 0 0 0 0 0 0 0 1 1 1 1 1 0 0 0 0 0 0 0 0 0 0 0 0 0 0 0 0 0 0 0 0 0 0 0 0 0 0 0 0 0 0 0 0 0 0 0 0 0 0 0 0 0 0 0 0 0 0 0 0 0 0 0 0 0 0 0 0 0 0 0 0 0 0 0 0 0 0 0 0 0 0 0 0 0 0 0 0 0 
0 0 0 0 0 0 0 0 0 0 0 0 0 0 0 0 0 0 0 1 1 1 1 1 0 0 0 0 0 0 0 0 0 0 0 0 0 0 0 0 0 0 0 0 0 0 0 0 0 0 0 0 0 0 0 0 0 0 0 0 0 0 0 0 0 0 0 0 0 0 0 0 0 0 0 0 0 0 0 0 0 0 0 0 0 0 0 0 0 0 0 0 0 0 0 0 0 0 0 0 
0 0 0 0 0 0 0 0 0 0 0 0 0 0 0 0 0 0 0 0 1 1 1 1 1 0 0 0 0 0 0 0 0 0 0 0 0 0 0 0 0 0 0 0 0 0 0 0 0 0 0 0 0 0 0 0 0 0 0 0 0 0 0 0 0 0 0 0 0 0 0 0 0 0 0 0 0 0 0 0 0 0 0 0 0 0 0 0 0 0 0 0 0 0 0 0 0 0 0 0 
0 0 0 0 0 0 0 0 0 0 0 0 0 0 0 0 0 0 0 0 0 1 1 1 1 1 0 0 0 0 0 0 0 0 0 0 0 0 0 0 0 0 0 0 0 0 0 0 0 0 0 0 0 0 0 0 0 0 0 0 0 0 0 0 0 0 0 0 0 0 0 0 0 0 0 0 0 0 0 0 0 0 0 0 0 0 0 0 0 0 0 0 0 0 0 0 0 0 0 0 
0 0 0 0 0 0 0 0 0 0 0 0 0 0 0 0 0 0 0 0 0 0 1 1 1 1 1 0 0 0 0 0 0 0 0 0 0 0 0 0 0 0 0 0 0 0 0 0 0 0 0 0 0 0 0 0 0 0 0 0 0 0 0 0 0 0 0 0 0 0 0 0 0 0 0 0 0 0 0 0 0 0 0 0 0 0 0 0 0 0 0 0 0 0 0 0 0 0 0 0 
0 0 0 0 0 0 0 0 0 0 0 0 0 0 0 0 0 0 0 0 0 0 0 1 1 1 1 1 0 0 0 0 0 0 0 0 0 0 0 0 0 0 0 0 0 0 0 0 0 0 0 0 0 0 0 0 0 0 0 0 0 0 0 0 0 0 0 0 0 0 0 0 0 0 0 0 0 0 0 0 0 0 0 0 0 0 0 0 0 0 0 0 0 0 0 0 0 0 0 0 
0 0 0 0 0 0 0 0 0 0 0 0 0 0 0 0 0 0 0 0 0 0 0 0 1 1 1 1 1 0 0 0 0 0 0 0 0 0 0 0 0 0 0 0 0 0 0 0 0 0 0 0 0 0 0 0 0 0 0 0 0 0 0 0 0 0 0 0 0 0 0 0 0 0 0 0 0 0 0 0 0 0 0 0 0 0 0 0 0 0 0 0 0 0 0 0 0 0 0 0 
0 0 0 0 0 0 0 0 0 0 0 0 0 0 0 0 0 0 0 0 0 0 0 0 0 1 1 1 1 1 0 0 0 0 0 0 0 0 0 0 0 0 0 0 0 0 0 0 0 0 0 0 0 0 0 0 0 0 0 0 0 0 0 0 0 0 0 0 0 0 0 0 0 0 0 0 0 0 0 0 0 0 0 0 0 0 0 0 0 0 0 0 0 0 0 0 0 0 0 0 
0 0 0 0 0 0 0 0 0 0 0 0 0 0 0 0 0 0 0 0 0 0 0 0 0 0 1 1 1 1 1 0 0 0 0 0 0 0 0 0 0 0 0 0 0 0 0 0 0 0 0 0 0 0 0 0 0 0 0 0 0 0 0 0 0 0 0 0 0 0 0 0 0 0 0 0 0 0 0 0 0 0 0 0 0 0 0 0 0 0 0 0 0 0 0 0 0 0 0 0 
0 0 0 0 0 0 0 0 0 0 0 0 0 0 0 0 0 0 0 0 0 0 0 0 0 0 0 1 1 1 1 1 0 0 0 0 0 0 0 0 0 0 0 0 0 0 0 0 0 0 0 0 0 0 0 0 0 0 0 0 0 0 0 0 0 0 0 0 0 0 0 0 0 0 0 0 0 0 0 0 0 0 0 0 0 0 0 0 0 0 0 0 0 0 0 0 0 0 0 0 
0 0 0 0 0 0 0 0 0 0 0 0 0 0 0 0 0 0 0 0 0 0 0 0 0 0 0 0 1 1 1 1 1 0 0 0 0 0 0 0 0 0 0 0 0 0 0 0 0 0 0 0 0 0 0 0 0 0 0 0 0 0 0 0 0 0 0 0 0 0 0 0 0 0 0 0 0 0 0 0 0 0 0 0 0 0 0 0 0 0 0 0 0 0 0 0 0 0 0 0 
0 0 0 0 0 0 0 0 0 0 0 0 0 0 0 0 0 0 0 0 0 0 0 0 0 0 0 0 0 1 1 1 1 1 0 0 0 0 0 0 0 0 0 0 0 0 0 0 0 0 0 0 0 0 0 0 0 0 0 0 0 0 0 0 0 0 0 0 0 0 0 0 0 0 0 0 0 0 0 0 0 0 0 0 0 0 0 0 0 0 0 0 0 0 0 0 0 0 0 0 
0 0 0 0 0 0 0 0 0 0 0 0 0 0 0 0 0 0 0 0 0 0 0 0 0 0 0 0 0 0 1 1 1 1 1 0 0 0 0 0 0 0 0 0 0 0 0 0 0 0 0 0 0 0 0 0 0 0 0 0 0 0 0 0 0 0 0 0 0 0 0 0 0 0 0 0 0 0 0 0 0 0 0 0 0 0 0 0 0 0 0 0 0 0 0 0 0 0 0 0 
0 0 0 0 0 0 0 0 0 0 0 0 0 0 0 0 0 0 0 0 0 0 0 0 0 0 0 0 0 0 0 1 1 1 1 1 0 0 0 0 0 0 0 0 0 0 0 0 0 0 0 0 0 0 0 0 0 0 0 0 0 0 0 0 0 0 0 0 0 0 0 0 0 0 0 0 0 0 0 0 0 0 0 0 0 0 0 0 0 0 0 0 0 0 0 0 0 0 0 0 
0 0 0 0 0 0 0 0 0 0 0 0 0 0 0 0 0 0 0 0 0 0 0 0 0 0 0 0 0 0 0 0 1 1 1 1 1 0 0 0 0 0 0 0 0 0 0 0 0 0 0 0 0 0 0 0 0 0 0 0 0 0 0 0 0 0 0 0 0 0 0 0 0 0 0 0 0 0 0 0 0 0 0 0 0 0 0 0 0 0 0 0 0 0 0 0 0 0 0 0 
0 0 0 0 0 0 0 0 0 0 0 0 0 0 0 0 0 0 0 0 0 0 0 0 0 0 0 0 0 0 0 0 0 1 1 1 1 1 0 0 0 0 0 0 0 0 0 0 0 0 0 0 0 0 0 0 0 0 0 0 0 0 0 0 0 0 0 0 0 0 0 0 0 0 0 0 0 0 0 0 0 0 0 0 0 0 0 0 0 0 0 0 0 0 0 0 0 0 0 0 
0 0 0 0 0 0 0 0 0 0 0 0 0 0 0 0 0 0 0 0 0 0 0 0 0 0 0 0 0 0 0 0 0 0 1 1 1 1 1 0 0 0 0 0 0 0 0 0 0 0 0 0 0 0 0 0 0 0 0 0 0 0 0 0 0 0 0 0 0 0 0 0 0 0 0 0 0 0 0 0 0 0 0 0 0 0 0 0 0 0 0 0 0 0 0 0 0 0 0 0 
0 0 0 0 0 0 0 0 0 0 0 0 0 0 0 0 0 0 0 0 0 0 0 0 0 0 0 0 0 0 0 0 0 0 0 1 1 1 1 1 0 0 0 0 0 0 0 0 0 0 0 0 0 0 0 0 0 0 0 0 0 0 0 0 0 0 0 0 0 0 0 0 0 0 0 0 0 0 0 0 0 0 0 0 0 0 0 0 0 0 0 0 0 0 0 0 0 0 0 0 
0 0 0 0 0 0 0 0 0 0 0 0 0 0 0 0 0 0 0 0 0 0 0 0 0 0 0 0 0 0 0 0 0 0 0 0 1 1 1 1 1 0 0 0 0 0 0 0 0 0 0 0 0 0 0 0 0 0 0 0 0 0 0 0 0 0 0 0 0 0 0 0 0 0 0 0 0 0 0 0 0 0 0 0 0 0 0 0 0 0 0 0 0 0 0 0 0 0 0 0 
0 0 0 0 0 0 0 0 0 0 0 0 0 0 0 0 0 0 0 0 0 0 0 0 0 0 0 0 0 0 0 0 0 0 0 0 0 1 1 1 1 1 0 0 0 0 0 0 0 0 0 0 0 0 0 0 0 0 0 0 0 0 0 0 0 0 0 0 0 0 0 0 0 0 0 0 0 0 0 0 0 0 0 0 0 0 0 0 0 0 0 0 0 0 0 0 0 0 0 0 
0 0 0 0 0 0 0 0 0 0 0 0 0 0 0 0 0 0 0 0 0 0 0 0 0 0 0 0 0 0 0 0 0 0 0 0 0 0 1 1 1 1 1 0 0 0 0 0 0 0 0 0 0 0 0 0 0 0 0 0 0 0 0 0 0 0 0 0 0 0 0 0 0 0 0 0 0 0 0 0 0 0 0 0 0 0 0 0 0 0 0 0 0 0 0 0 0 0 0 0 
0 0 0 0 0 0 0 0 0 0 0 0 0 0 0 0 0 0 0 0 0 0 0 0 0 0 0 0 0 0 0 0 0 0 0 0 0 0 0 1 1 1 1 1 0 0 0 0 0 0 0 0 0 0 0 0 0 0 0 0 0 0 0 0 0 0 0 0 0 0 0 0 0 0 0 0 0 0 0 0 0 0 0 0 0 0 0 0 0 0 0 0 0 0 0 0 0 0 0 0 
0 0 0 0 0 0 0 0 0 0 0 0 0 0 0 0 0 0 0 0 0 0 0 0 0 0 0 0 0 0 0 0 0 0 0 0 0 0 0 0 1 1 1 1 1 0 0 0 0 0 0 0 0 0 0 0 0 0 0 0 0 0 0 0 0 0 0 0 0 0 0 0 0 0 0 0 0 0 0 0 0 0 0 0 0 0 0 0 0 0 0 0 0 0 0 0 0 0 0 0 
0 0 0 0 0 0 0 0 0 0 0 0 0 0 0 0 0 0 0 0 0 0 0 0 0 0 0 0 0 0 0 0 0 0 0 0 0 0 0 0 0 1 1 1 1 1 0 0 0 0 0 0 0 0 0 0 0 0 0 0 0 0 0 0 0 0 0 0 0 0 0 0 0 0 0 0 0 0 0 0 0 0 0 0 0 0 0 0 0 0 0 0 0 0 0 0 0 0 0 0 
0 0 0 0 0 0 0 0 0 0 0 0 0 0 0 0 0 0 0 0 0 0 0 0 0 0 0 0 0 0 0 0 0 0 0 0 0 0 0 0 0 0 1 1 1 1 1 0 0 0 0 0 0 0 0 0 0 0 0 0 0 0 0 0 0 0 0 0 0 0 0 0 0 0 0 0 0 0 0 0 0 0 0 0 0 0 0 0 0 0 0 0 0 0 0 0 0 0 0 0 
0 0 0 0 0 0 0 0 0 0 0 0 0 0 0 0 0 0 0 0 0 0 0 0 0 0 0 0 0 0 0 0 0 0 0 0 0 0 0 0 0 0 0 1 1 1 1 1 0 0 0 0 0 0 0 0 0 0 0 0 0 0 0 0 0 0 0 0 0 0 0 0 0 0 0 0 0 0 0 0 0 0 0 0 0 0 0 0 0 0 0 0 0 0 0 0 0 0 0 0 
0 0 0 0 0 0 0 0 0 0 0 0 0 0 0 0 0 0 0 0 0 0 0 0 0 0 0 0 0 0 0 0 0 0 0 0 0 0 0 0 0 0 0 0 1 1 1 1 1 0 0 0 0 0 0 0 0 0 0 0 0 0 0 0 0 0 0 0 0 0 0 0 0 0 0 0 0 0 0 0 0 0 0 0 0 0 0 0 0 0 0 0 0 0 0 0 0 0 0 0 
0 0 0 0 0 0 0 0 0 0 0 0 0 0 0 0 0 0 0 0 0 0 0 0 0 0 0 0 0 0 0 0 0 0 0 0 0 0 0 0 0 0 0 0 0 1 1 1 1 1 0 0 0 0 0 0 0 0 0 0 0 0 0 0 0 0 0 0 0 0 0 0 0 0 0 0 0 0 0 0 0 0 0 0 0 0 0 0 0 0 0 0 0 0 0 0 0 0 0 0 
0 0 0 0 0 0 0 0 0 0 0 0 0 0 0 0 0 0 0 0 0 0 0 0 0 0 0 0 0 0 0 0 0 0 0 0 0 0 0 0 0 0 0 0 0 0 1 1 1 1 1 0 0 0 0 0 0 0 0 0 0 0 0 0 0 0 0 0 0 0 0 0 0 0 0 0 0 0 0 0 0 0 0 0 0 0 0 0 0 0 0 0 0 0 0 0 0 0 0 0 
0 0 0 0 0 0 0 0 0 0 0 0 0 0 0 0 0 0 0 0 0 0 0 0 0 0 0 0 0 0 0 0 0 0 0 0 0 0 0 0 0 0 0 0 0 0 0 1 1 1 1 1 0 0 0 0 0 0 0 0 0 0 0 0 0 0 0 0 0 0 0 0 0 0 0 0 0 0 0 0 0 0 0 0 0 0 0 0 0 0 0 0 0 0 0 0 0 0 0 0 
0 0 0 0 0 0 0 0 0 0 0 0 0 0 0 0 0 0 0 0 0 0 0 0 0 0 0 0 0 0 0 0 0 0 0 0 0 0 0 0 0 0 0 0 0 0 0 0 1 1 1 1 1 0 0 0 0 0 0 0 0 0 0 0 0 0 0 0 0 0 0 0 0 0 0 0 0 0 0 0 0 0 0 0 0 0 0 0 0 0 0 0 0 0 0 0 0 0 0 0 
0 0 0 0 0 0 0 0 0 0 0 0 0 0 0 0 0 0 0 0 0 0 0 0 0 0 0 0 0 0 0 0 0 0 0 0 0 0 0 0 0 0 0 0 0 0 0 0 0 1 1 1 1 1 0 0 0 0 0 0 0 0 0 0 0 0 0 0 0 0 0 0 0 0 0 0 0 0 0 0 0 0 0 0 0 0 0 0 0 0 0 0 0 0 0 0 0 0 0 0 
0 0 0 0 0 0 0 0 0 0 0 0 0 0 0 0 0 0 0 0 0 0 0 0 0 0 0 0 0 0 0 0 0 0 0 0 0 0 0 0 0 0 0 0 0 0 0 0 0 0 1 1 1 1 1 0 0 0 0 0 0 0 0 0 0 0 0 0 0 0 0 0 0 0 0 0 0 0 0 0 0 0 0 0 0 0 0 0 0 0 0 0 0 0 0 0 0 0 0 0 
0 0 0 0 0 0 0 0 0 0 0 0 0 0 0 0 0 0 0 0 0 0 0 0 0 0 0 0 0 0 0 0 0 0 0 0 0 0 0 0 0 0 0 0 0 0 0 0 0 0 0 1 1 1 1 1 0 0 0 0 0 0 0 0 0 0 0 0 0 0 0 0 0 0 0 0 0 0 0 0 0 0 0 0 0 0 0 0 0 0 0 0 0 0 0 0 0 0 0 0 
0 0 0 0 0 0 0 0 0 0 0 0 0 0 0 0 0 0 0 0 0 0 0 0 0 0 0 0 0 0 0 0 0 0 0 0 0 0 0 0 0 0 0 0 0 0 0 0 0 0 0 0 1 1 1 1 1 0 0 0 0 0 0 0 0 0 0 0 0 0 0 0 0 0 0 0 0 0 0 0 0 0 0 0 0 0 0 0 0 0 0 0 0 0 0 0 0 0 0 0 
0 0 0 0 0 0 0 0 0 0 0 0 0 0 0 0 0 0 0 0 0 0 0 0 0 0 0 0 0 0 0 0 0 0 0 0 0 0 0 0 0 0 0 0 0 0 0 0 0 0 0 0 0 1 1 1 1 1 0 0 0 0 0 0 0 0 0 0 0 0 0 0 0 0 0 0 0 0 0 0 0 0 0 0 0 0 0 0 0 0 0 0 0 0 0 0 0 0 0 0 
0 0 0 0 0 0 0 0 0 0 0 0 0 0 0 0 0 0 0 0 0 0 0 0 0 0 0 0 0 0 0 0 0 0 0 0 0 0 0 0 0 0 0 0 0 0 0 0 0 0 0 0 0 0 1 1 1 1 1 0 0 0 0 0 0 0 0 0 0 0 0 0 0 0 0 0 0 0 0 0 0 0 0 0 0 0 0 0 0 0 0 0 0 0 0 0 0 0 0 0 
0 0 0 0 0 0 0 0 0 0 0 0 0 0 0 0 0 0 0 0 0 0 0 0 0 0 0 0 0 0 0 0 0 0 0 0 0 0 0 0 0 0 0 0 0 0 0 0 0 0 0 0 0 0 0 1 1 1 1 1 0 0 0 0 0 0 0 0 0 0 0 0 0 0 0 0 0 0 0 0 0 0 0 0 0 0 0 0 0 0 0 0 0 0 0 0 0 0 0 0 
0 0 0 0 0 0 0 0 0 0 0 0 0 0 0 0 0 0 0 0 0 0 0 0 0 0 0 0 0 0 0 0 0 0 0 0 0 0 0 0 0 0 0 0 0 0 0 0 0 0 0 0 0 0 0 0 1 1 1 1 1 0 0 0 0 0 0 0 0 0 0 0 0 0 0 0 0 0 0 0 0 0 0 0 0 0 0 0 0 0 0 0 0 0 0 0 0 0 0 0 
0 0 0 0 0 0 0 0 0 0 0 0 0 0 0 0 0 0 0 0 0 0 0 0 0 0 0 0 0 0 0 0 0 0 0 0 0 0 0 0 0 0 0 0 0 0 0 0 0 0 0 0 0 0 0 0 0 1 1 1 1 1 0 0 0 0 0 0 0 0 0 0 0 0 0 0 0 0 0 0 0 0 0 0 0 0 0 0 0 0 0 0 0 0 0 0 0 0 0 0 
0 0 0 0 0 0 0 0 0 0 0 0 0 0 0 0 0 0 0 0 0 0 0 0 0 0 0 0 0 0 0 0 0 0 0 0 0 0 0 0 0 0 0 0 0 0 0 0 0 0 0 0 0 0 0 0 0 0 1 1 1 1 1 0 0 0 0 0 0 0 0 0 0 0 0 0 0 0 0 0 0 0 0 0 0 0 0 0 0 0 0 0 0 0 0 0 0 0 0 0 
0 0 0 0 0 0 0 0 0 0 0 0 0 0 0 0 0 0 0 0 0 0 0 0 0 0 0 0 0 0 0 0 0 0 0 0 0 0 0 0 0 0 0 0 0 0 0 0 0 0 0 0 0 0 0 0 0 0 0 1 1 1 1 1 0 0 0 0 0 0 0 0 0 0 0 0 0 0 0 0 0 0 0 0 0 0 0 0 0 0 0 0 0 0 0 0 0 0 0 0 
0 0 0 0 0 0 0 0 0 0 0 0 0 0 0 0 0 0 0 0 0 0 0 0 0 0 0 0 0 0 0 0 0 0 0 0 0 0 0 0 0 0 0 0 0 0 0 0 0 0 0 0 0 0 0 0 0 0 0 0 1 1 1 1 1 0 0 0 0 0 0 0 0 0 0 0 0 0 0 0 0 0 0 0 0 0 0 0 0 0 0 0 0 0 0 0 0 0 0 0 
0 0 0 0 0 0 0 0 0 0 0 0 0 0 0 0 0 0 0 0 0 0 0 0 0 0 0 0 0 0 0 0 0 0 0 0 0 0 0 0 0 0 0 0 0 0 0 0 0 0 0 0 0 0 0 0 0 0 0 0 0 1 1 1 1 1 0 0 0 0 0 0 0 0 0 0 0 0 0 0 0 0 0 0 0 0 0 0 0 0 0 0 0 0 0 0 0 0 0 0 
0 0 0 0 0 0 0 0 0 0 0 0 0 0 0 0 0 0 0 0 0 0 0 0 0 0 0 0 0 0 0 0 0 0 0 0 0 0 0 0 0 0 0 0 0 0 0 0 0 0 0 0 0 0 0 0 0 0 0 0 0 0 1 1 1 1 1 0 0 0 0 0 0 0 0 0 0 0 0 0 0 0 0 0 0 0 0 0 0 0 0 0 0 0 0 0 0 0 0 0 
0 0 0 0 0 0 0 0 0 0 0 0 0 0 0 0 0 0 0 0 0 0 0 0 0 0 0 0 0 0 0 0 0 0 0 0 0 0 0 0 0 0 0 0 0 0 0 0 0 0 0 0 0 0 0 0 0 0 0 0 0 0 0 1 1 1 1 1 0 0 0 0 0 0 0 0 0 0 0 0 0 0 0 0 0 0 0 0 0 0 0 0 0 0 0 0 0 0 0 0 
0 0 0 0 0 0 0 0 0 0 0 0 0 0 0 0 0 0 0 0 0 0 0 0 0 0 0 0 0 0 0 0 0 0 0 0 0 0 0 0 0 0 0 0 0 0 0 0 0 0 0 0 0 0 0 0 0 0 0 0 0 0 0 0 1 1 1 1 1 0 0 0 0 0 0 0 0 0 0 0 0 0 0 0 0 0 0 0 0 0 0 0 0 0 0 0 0 0 0 0 
0 0 0 0 0 0 0 0 0 0 0 0 0 0 0 0 0 0 0 0 0 0 0 0 0 0 0 0 0 0 0 0 0 0 0 0 0 0 0 0 0 0 0 0 0 0 0 0 0 0 0 0 0 0 0 0 0 0 0 0 0 0 0 0 0 1 1 1 1 1 0 0 0 0 0 0 0 0 0 0 0 0 0 0 0 0 0 0 0 0 0 0 0 0 0 0 0 0 0 0 
0 0 0 0 0 0 0 0 0 0 0 0 0 0 0 0 0 0 0 0 0 0 0 0 0 0 0 0 0 0 0 0 0 0 0 0 0 0 0 0 0 0 0 0 0 0 0 0 0 0 0 0 0 0 0 0 0 0 0 0 0 0 0 0 0 0 1 1 1 1 1 0 0 0 0 0 0 0 0 0 0 0 0 0 0 0 0 0 0 0 0 0 0 0 0 0 0 0 0 0 
0 0 0 0 0 0 0 0 0 0 0 0 0 0 0 0 0 0 0 0 0 0 0 0 0 0 0 0 0 0 0 0 0 0 0 0 0 0 0 0 0 0 0 0 0 0 0 0 0 0 0 0 0 0 0 0 0 0 0 0 0 0 0 0 0 0 0 1 1 1 1 1 0 0 0 0 0 0 0 0 0 0 0 0 0 0 0 0 0 0 0 0 0 0 0 0 0 0 0 0 
0 0 0 0 0 0 0 0 0 0 0 0 0 0 0 0 0 0 0 0 0 0 0 0 0 0 0 0 0 0 0 0 0 0 0 0 0 0 0 0 0 0 0 0 0 0 0 0 0 0 0 0 0 0 0 0 0 0 0 0 0 0 0 0 0 0 0 0 1 1 1 1 1 0 0 0 0 0 0 0 0 0 0 0 0 0 0 0 0 0 0 0 0 0 0 0 0 0 0 0 
0 0 0 0 0 0 0 0 0 0 0 0 0 0 0 0 0 0 0 0 0 0 0 0 0 0 0 0 0 0 0 0 0 0 0 0 0 0 0 0 0 0 0 0 0 0 0 0 0 0 0 0 0 0 0 0 0 0 0 0 0 0 0 0 0 0 0 0 0 1 1 1 1 1 0 0 0 0 0 0 0 0 0 0 0 0 0 0 0 0 0 0 0 0 0 0 0 0 0 0 
0 0 0 0 0 0 0 0 0 0 0 0 0 0 0 0 0 0 0 0 0 0 0 0 0 0 0 0 0 0 0 0 0 0 0 0 0 0 0 0 0 0 0 0 0 0 0 0 0 0 0 0 0 0 0 0 0 0 0 0 0 0 0 0 0 0 0 0 0 0 1 1 1 1 1 0 0 0 0 0 0 0 0 0 0 0 0 0 0 0 0 0 0 0 0 0 0 0 0 0 
0 0 0 0 0 0 0 0 0 0 0 0 0 0 0 0 0 0 0 0 0 0 0 0 0 0 0 0 0 0 0 0 0 0 0 0 0 0 0 0 0 0 0 0 0 0 0 0 0 0 0 0 0 0 0 0 0 0 0 0 0 0 0 0 0 0 0 0 0 0 0 1 1 1 1 1 0 0 0 0 0 0 0 0 0 0 0 0 0 0 0 0 0 0 0 0 0 0 0 0 
0 0 0 0 0 0 0 0 0 0 0 0 0 0 0 0 0 0 0 0 0 0 0 0 0 0 0 0 0 0 0 0 0 0 0 0 0 0 0 0 0 0 0 0 0 0 0 0 0 0 0 0 0 0 0 0 0 0 0 0 0 0 0 0 0 0 0 0 0 0 0 0 1 1 1 1 1 0 0 0 0 0 0 0 0 0 0 0 0 0 0 0 0 0 0 0 0 0 0 0 
0 0 0 0 0 0 0 0 0 0 0 0 0 0 0 0 0 0 0 0 0 0 0 0 0 0 0 0 0 0 0 0 0 0 0 0 0 0 0 0 0 0 0 0 0 0 0 0 0 0 0 0 0 0 0 0 0 0 0 0 0 0 0 0 0 0 0 0 0 0 0 0 0 1 1 1 1 1 0 0 0 0 0 0 0 0 0 0 0 0 0 0 0 0 0 0 0 0 0 0 
0 0 0 0 0 0 0 0 0 0 0 0 0 0 0 0 0 0 0 0 0 0 0 0 0 0 0 0 0 0 0 0 0 0 0 0 0 0 0 0 0 0 0 0 0 0 0 0 0 0 0 0 0 0 0 0 0 0 0 0 0 0 0 0 0 0 0 0 0 0 0 0 0 0 1 1 1 1 1 0 0 0 0 0 0 0 0 0 0 0 0 0 0 0 0 0 0 0 0 0 
0 0 0 0 0 0 0 0 0 0 0 0 0 0 0 0 0 0 0 0 0 0 0 0 0 0 0 0 0 0 0 0 0 0 0 0 0 0 0 0 0 0 0 0 0 0 0 0 0 0 0 0 0 0 0 0 0 0 0 0 0 0 0 0 0 0 0 0 0 0 0 0 0 0 0 1 1 1 1 1 0 0 0 0 0 0 0 0 0 0 0 0 0 0 0 0 0 0 0 0 
0 0 0 0 0 0 0 0 0 0 0 0 0 0 0 0 0 0 0 0 0 0 0 0 0 0 0 0 0 0 0 0 0 0 0 0 0 0 0 0 0 0 0 0 0 0 0 0 0 0 0 0 0 0 0 0 0 0 0 0 0 0 0 0 0 0 0 0 0 0 0 0 0 0 0 0 1 1 1 1 1 0 0 0 0 0 0 0 0 0 0 0 0 0 0 0 0 0 0 0 
0 0 0 0 0 0 0 0 0 0 0 0 0 0 0 0 0 0 0 0 0 0 0 0 0 0 0 0 0 0 0 0 0 0 0 0 0 0 0 0 0 0 0 0 0 0 0 0 0 0 0 0 0 0 0 0 0 0 0 0 0 0 0 0 0 0 0 0 0 0 0 0 0 0 0 0 0 1 1 1 1 1 0 0 0 0 0 0 0 0 0 0 0 0 0 0 0 0 0 0 
0 0 0 0 0 0 0 0 0 0 0 0 0 0 0 0 0 0 0 0 0 0 0 0 0 0 0 0 0 0 0 0 0 0 0 0 0 0 0 0 0 0 0 0 0 0 0 0 0 0 0 0 0 0 0 0 0 0 0 0 0 0 0 0 0 0 0 0 0 0 0 0 0 0 0 0 0 0 1 1 1 1 1 0 0 0 0 0 0 0 0 0 0 0 0 0 0 0 0 0 
0 0 0 0 0 0 0 0 0 0 0 0 0 0 0 0 0 0 0 0 0 0 0 0 0 0 0 0 0 0 0 0 0 0 0 0 0 0 0 0 0 0 0 0 0 0 0 0 0 0 0 0 0 0 0 0 0 0 0 0 0 0 0 0 0 0 0 0 0 0 0 0 0 0 0 0 0 0 0 1 1 1 1 1 0 0 0 0 0 0 0 0 0 0 0 0 0 0 0 0 
0 0 0 0 0 0 0 0 0 0 0 0 0 0 0 0 0 0 0 0 0 0 0 0 0 0 0 0 0 0 0 0 0 0 0 0 0 0 0 0 0 0 0 0 0 0 0 0 0 0 0 0 0 0 0 0 0 0 0 0 0 0 0 0 0 0 0 0 0 0 0 0 0 0 0 0 0 0 0 0 1 1 1 1 1 0 0 0 0 0 0 0 0 0 0 0 0 0 0 0 
0 0 0 0 0 0 0 0 0 0 0 0 0 0 0 0 0 0 0 0 0 0 0 0 0 0 0 0 0 0 0 0 0 0 0 0 0 0 0 0 0 0 0 0 0 0 0 0 0 0 0 0 0 0 0 0 0 0 0 0 0 0 0 0 0 0 0 0 0 0 0 0 0 0 0 0 0 0 0 0 0 1 1 1 1 1 0 0 0 0 0 0 0 0 0 0 0 0 0 0 
0 0 0 0 0 0 0 0 0 0 0 0 0 0 0 0 0 0 0 0 0 0 0 0 0 0 0 0 0 0 0 0 0 0 0 0 0 0 0 0 0 0 0 0 0 0 0 0 0 0 0 0 0 0 0 0 0 0 0 0 0 0 0 0 0 0 0 0 0 0 0 0 0 0 0 0 0 0 0 0 0 0 1 1 1 1 1 0 0 0 0 0 0 0 0 0 0 0 0 0 
0 0 0 0 0 0 0 0 0 0 0 0 0 0 0 0 0 0 0 0 0 0 0 0 0 0 0 0 0 0 0 0 0 0 0 0 0 0 0 0 0 0 0 0 0 0 0 0 0 0 0 0 0 0 0 0 0 0 0 0 0 0 0 0 0 0 0 0 0 0 0 0 0 0 0 0 0 0 0 0 0 0 0 1 1 1 1 1 0 0 0 0 0 0 0 0 0 0 0 0 
0 0 0 0 0 0 0 0 0 0 0 0 0 0 0 0 0 0 0 0 0 0 0 0 0 0 0 0 0 0 0 0 0 0 0 0 0 0 0 0 0 0 0 0 0 0 0 0 0 0 0 0 0 0 0 0 0 0 0 0 0 0 0 0 0 0 0 0 0 0 0 0 0 0 0 0 0 0 0 0 0 0 0 0 1 1 1 1 1 0 0 0 0 0 0 0 0 0 0 0 
0 0 0 0 0 0 0 0 0 0 0 0 0 0 0 0 0 0 0 0 0 0 0 0 0 0 0 0 0 0 0 0 0 0 0 0 0 0 0 0 0 0 0 0 0 0 0 0 0 0 0 0 0 0 0 0 0 0 0 0 0 0 0 0 0 0 0 0 0 0 0 0 0 0 0 0 0 0 0 0 0 0 0 0 0 1 1 1 1 1 0 0 0 0 0 0 0 0 0 0 
0 0 0 0 0 0 0 0 0 0 0 0 0 0 0 0 0 0 0 0 0 0 0 0 0 0 0 0 0 0 0 0 0 0 0 0 0 0 0 0 0 0 0 0 0 0 0 0 0 0 0 0 0 0 0 0 0 0 0 0 0 0 0 0 0 0 0 0 0 0 0 0 0 0 0 0 0 0 0 0 0 0 0 0 0 0 1 1 1 1 1 0 0 0 0 0 0 0 0 0 
0 0 0 0 0 0 0 0 0 0 0 0 0 0 0 0 0 0 0 0 0 0 0 0 0 0 0 0 0 0 0 0 0 0 0 0 0 0 0 0 0 0 0 0 0 0 0 0 0 0 0 0 0 0 0 0 0 0 0 0 0 0 0 0 0 0 0 0 0 0 0 0 0 0 0 0 0 0 0 0 0 0 0 0 0 0 0 1 1 1 1 1 0 0 0 0 0 0 0 0 
0 0 0 0 0 0 0 0 0 0 0 0 0 0 0 0 0 0 0 0 0 0 0 0 0 0 0 0 0 0 0 0 0 0 0 0 0 0 0 0 0 0 0 0 0 0 0 0 0 0 0 0 0 0 0 0 0 0 0 0 0 0 0 0 0 0 0 0 0 0 0 0 0 0 0 0 0 0 0 0 0 0 0 0 0 0 0 0 1 1 1 1 1 0 0 0 0 0 0 0 
0 0 0 0 0 0 0 0 0 0 0 0 0 0 0 0 0 0 0 0 0 0 0 0 0 0 0 0 0 0 0 0 0 0 0 0 0 0 0 0 0 0 0 0 0 0 0 0 0 0 0 0 0 0 0 0 0 0 0 0 0 0 0 0 0 0 0 0 0 0 0 0 0 0 0 0 0 0 0 0 0 0 0 0 0 0 0 0 0 1 1 1 1 1 0 0 0 0 0 0 
0 0 0 0 0 0 0 0 0 0 0 0 0 0 0 0 0 0 0 0 0 0 0 0 0 0 0 0 0 0 0 0 0 0 0 0 0 0 0 0 0 0 0 0 0 0 0 0 0 0 0 0 0 0 0 0 0 0 0 0 0 0 0 0 0 0 0 0 0 0 0 0 0 0 0 0 0 0 0 0 0 0 0 0 0 0 0 0 0 0 1 1 1 1 1 0 0 0 0 0 
0 0 0 0 0 0 0 0 0 0 0 0 0 0 0 0 0 0 0 0 0 0 0 0 0 0 0 0 0 0 0 0 0 0 0 0 0 0 0 0 0 0 0 0 0 0 0 0 0 0 0 0 0 0 0 0 0 0 0 0 0 0 0 0 0 0 0 0 0 0 0 0 0 0 0 0 0 0 0 0 0 0 0 0 0 0 0 0 0 0 0 1 1 1 1 1 0 0 0 0 
0 0 0 0 0 0 0 0 0 0 0 0 0 0 0 0 0 0 0 0 0 0 0 0 0 0 0 0 0 0 0 0 0 0 0 0 0 0 0 0 0 0 0 0 0 0 0 0 0 0 0 0 0 0 0 0 0 0 0 0 0 0 0 0 0 0 0 0 0 0 0 0 0 0 0 0 0 0 0 0 0 0 0 0 0 0 0 0 0 0 0 0 1 1 1 1 1 0 0 0 
0 0 0 0 0 0 0 0 0 0 0 0 0 0 0 0 0 0 0 0 0 0 0 0 0 0 0 0 0 0 0 0 0 0 0 0 0 0 0 0 0 0 0 0 0 0 0 0 0 0 0 0 0 0 0 0 0 0 0 0 0 0 0 0 0 0 0 0 0 0 0 0 0 0 0 0 0 0 0 0 0 0 0 0 0 0 0 0 0 0 0 0 0 1 1 1 1 1 0 0 
0 0 0 0 0 0 0 0 0 0 0 0 0 0 0 0 0 0 0 0 0 0 0 0 0 0 0 0 0 0 0 0 0 0 0 0 0 0 0 0 0 0 0 0 0 0 0 0 0 0 0 0 0 0 0 0 0 0 0 0 0 0 0 0 0 0 0 0 0 0 0 0 0 0 0 0 0 0 0 0 0 0 0 0 0 0 0 0 0 0 0 0 0 0 1 1 1 1 1 0 
0 0 0 0 0 0 0 0 0 0 0 0 0 0 0 0 0 0 0 0 0 0 0 0 0 0 0 0 0 0 0 0 0 0 0 0 0 0 0 0 0 0 0 0 0 0 0 0 0 0 0 0 0 0 0 0 0 0 0 0 0 0 0 0 0 0 0 0 0 0 0 0 0 0 0 0 0 0 0 0 0 0 0 0 0 0 0 0 0 0 0 0 0 0 0 1 1 1 1 1 
1 0 0 0 0 0 0 0 0 0 0 0 0 0 0 0 0 0 0 0 0 0 0 0 0 0 0 0 0 0 0 0 0 0 0 0 0 0 0 0 0 0 0 0 0 0 0 0 0 0 0 0 0 0 0 0 0 0 0 0 0 0 0 0 0 0 0 0 0 0 0 0 0 0 0 0 0 0 0 0 0 0 0 0 0 0 0 0 0 0 0 0 0 0 0 0 1 1 1 1 
1 1 0 0 0 0 0 0 0 0 0 0 0 0 0 0 0 0 0 0 0 0 0 0 0 0 0 0 0 0 0 0 0 0 0 0 0 0 0 0 0 0 0 0 0 0 0 0 0 0 0 0 0 0 0 0 0 0 0 0 0 0 0 0 0 0 0 0 0 0 0 0 0 0 0 0 0 0 0 0 0 0 0 0 0 0 0 0 0 0 0 0 0 0 0 0 0 1 1 1 
1 1 1 0 0 0 0 0 0 0 0 0 0 0 0 0 0 0 0 0 0 0 0 0 0 0 0 0 0 0 0 0 0 0 0 0 0 0 0 0 0 0 0 0 0 0 0 0 0 0 0 0 0 0 0 0 0 0 0 0 0 0 0 0 0 0 0 0 0 0 0 0 0 0 0 0 0 0 0 0 0 0 0 0 0 0 0 0 0 0 0 0 0 0 0 0 0 0 1 1 
1 1 1 1 0 0 0 0 0 0 0 0 0 0 0 0 0 0 0 0 0 0 0 0 0 0 0 0 0 0 0 0 0 0 0 0 0 0 0 0 0 0 0 0 0 0 0 0 0 0 0 0 0 0 0 0 0 0 0 0 0 0 0 0 0 0 0 0 0 0 0 0 0 0 0 0 0 0 0 0 0 0 0 0 0 0 0 0 0 0 0 0 0 0 0 0 0 0 0 1 
