Parameters
100 4
F_el
0.06767265261596 0.00170000000000 0.01425856668740 0.00600000000000 0.02492331535160 0.00180000000000 0.00200000000000 0.00640000000000 0.03021037579902 0.00160000000000 0.01715301148764 0.00610000000000 0.05603296798199 0.00170000000000 0.01424758997805 0.00610000000000 0.00190000000000 0.00120000000000 0.01496634478296 0.00140000000000 0.00210000000000 0.00120000000000 0.01650171126066 0.00140000000000 0.00180000000000 0.00120000000000 0.00750000000000 0.00130000000000 0.00190000000000 0.00120000000000 0.00840000000000 0.00140000000000 
0.00150000000000 0.02733191535340 0.00150000000000 0.03172513847917 0.00130000000000 0.01654492886984 0.00130000000000 0.01728132661109 0.02057507177917 0.02052338654565 0.02474561854046 0.02021050669269 0.00230000000000 0.03019553731416 0.00260000000000 0.02809712738505 0.01279251103667 0.01973257701122 0.01638534078498 0.02007175122187 0.00180000000000 0.00580000000000 0.00190000000000 0.00570000000000 0.00200000000000 0.00130000000000 0.00200000000000 0.00130000000000 0.00260000000000 0.00140000000000 0.00250000000000 0.00140000000000 
0.01460779054245 0.01566259116335 0.00620000000000 0.01378120030390 0.00130000000000 0.00140000000000 0.00130000000000 0.00130000000000 0.00210000000000 0.00270000000000 0.00190000000000 0.00240000000000 0.00130000000000 0.00140000000000 0.00120000000000 0.00130000000000 0.01953650714882 0.02744424962990 0.00930000000000 0.01685290383537 0.00150000000000 0.00170000000000 0.00140000000000 0.00160000000000 0.01688949614163 0.02257355280951 0.00940000000000 0.01401524428227 0.00140000000000 0.00160000000000 0.00140000000000 0.00150000000000 
0.02245939053238 0.00870000000000 0.00170000000000 0.00140000000000 0.02441382998837 0.00870000000000 0.00170000000000 0.00150000000000 0.01906113201992 0.00530000000000 0.00150000000000 0.00130000000000 0.02008767595351 0.00900000000000 0.00160000000000 0.00140000000000 0.06596740916086 0.01836737788212 0.01470917993525 0.00500000000000 0.04444525070635 0.02002767137978 0.01504112572958 0.00490000000000 0.08042832875455 0.01807859337304 0.00200000000000 0.00170000000000 0.10416496410211 0.01848863061900 0.00220000000000 0.00510000000000 
0.01414043407404 0.00160000000000 0.01585848520873 0.00180000000000 0.00230000000000 0.00160000000000 0.01505327683612 0.00180000000000 0.02687877839449 0.01988100560903 0.01921021112791 0.03021076238263 0.02112064417585 0.01956133433199 0.01757909563385 0.03882612092005 0.00150000000000 0.00130000000000 0.00170000000000 0.00140000000000 0.00150000000000 0.00130000000000 0.00170000000000 0.00140000000000 0.00790000000000 0.00210000000000 0.00440000000000 0.00270000000000 0.00840000000000 0.00210000000000 0.00350000000000 0.00280000000000 
0.02132559811551 0.02936457310464 0.02177674448616 0.02478377913284 0.02858625788107 0.07594950554374 0.06502652440651 0.01501822203145 0.00220000000000 0.00280000000000 0.00230000000000 0.00300000000000 0.00280000000000 0.00750000000000 0.00290000000000 0.00740000000000 0.02068555066240 0.02397050853031 0.02012613304090 0.02505607967006 0.02358701450894 0.02939950100320 0.02517087688566 0.03145830971644 0.00190000000000 0.00230000000000 0.00200000000000 0.00240000000000 0.00230000000000 0.01406533303872 0.00230000000000 0.00310000000000 
0.02688765547022 0.05085065255921 0.02594958744486 0.01745291233453 0.03321846991794 0.04595661504481 0.03502418861646 0.02153546165254 0.03334886055618 0.01767339448044 0.01567137283036 0.00220000000000 0.04731712752488 0.02261187881585 0.02262323421274 0.01773295817009 0.02276127017602 0.02672233523897 0.02723106131924 0.01821717721570 0.03005226429811 0.03719363740660 0.03777054629177 0.01898575483343 0.04638664578425 0.01840379451169 0.01601853098177 0.00230000000000 0.05854927908358 0.02277356585621 0.02320997145077 0.00940000000000 
0.00150000000000 0.02614254414740 0.00150000000000 0.02144459579313 0.00160000000000 0.04711600230265 0.00170000000000 0.10327576573480 0.00170000000000 0.03930779239096 0.00170000000000 0.03130557521754 0.00190000000000 0.03253893406169 0.00190000000000 0.02934622330943 0.00130000000000 0.01692581176339 0.00130000000000 0.01475076292576 0.00140000000000 0.02013438899134 0.00140000000000 0.01731586038375 0.00140000000000 0.01852685344872 0.00140000000000 0.01623800707640 0.00150000000000 0.02309556225809 0.00150000000000 0.01993667371980 
0.02534384890008 0.02564057168853 0.05775974962635 0.05422255590720 0.02469791699050 0.02491107750401 0.11601609501537 0.11884530077814 0.10563949918073 0.10742050338609 0.10425053343961 0.10369724957824 0.10837002742149 0.10841435310565 0.11018203281642 0.11085165510728 0.01897374480298 0.01900353397336 0.03373554455962 0.03366850535086 0.01874132182369 0.01876873366197 0.03011391827981 0.03004165909348 0.05476081418967 0.05463291362455 0.05662678127562 0.05827287860351 0.03876492674686 0.03865439128999 0.06675917484153 0.06892111797875 
0.01557196141175 0.00180000000000 0.01522040940296 0.00170000000000 0.10207156018445 0.00680000000000 0.10330390172426 0.00640000000000 0.01523559697012 0.00180000000000 0.01488022847465 0.00180000000000 0.10314997390900 0.00630000000000 0.10245901933663 0.00610000000000 0.00660000000000 0.00200000000000 0.00630000000000 0.00190000000000 0.07444064830659 0.00610000000000 0.04008307345879 0.00340000000000 0.00630000000000 0.00200000000000 0.00330000000000 0.00190000000000 0.02261223863091 0.00390000000000 0.02370712668845 0.00340000000000 
0.00170000000000 0.00150000000000 0.00220000000000 0.00160000000000 0.01608215667841 0.00190000000000 0.01742488133438 0.01323684183580 0.00180000000000 0.00150000000000 0.00740000000000 0.00170000000000 0.01687112390920 0.01310472188281 0.01846087956808 0.01345626655687 0.00150000000000 0.00130000000000 0.00180000000000 0.00150000000000 0.00930000000000 0.00170000000000 0.01528534880410 0.00990000000000 0.00160000000000 0.00140000000000 0.00590000000000 0.00150000000000 0.00920000000000 0.00590000000000 0.01537123017724 0.00980000000000 
0.00170000000000 0.00130000000000 0.00180000000000 0.00140000000000 0.00170000000000 0.00130000000000 0.00170000000000 0.00140000000000 0.02101014416059 0.00630000000000 0.09182710610352 0.00600000000000 0.02041699661292 0.00620000000000 0.02412557747580 0.00620000000000 0.03852439763123 0.01661824707743 0.10957574609206 0.01573922794923 0.03181629576824 0.01663426738780 0.10848199245924 0.01587098634697 0.03396282642171 0.04784902954282 0.04964539820885 0.10446693578089 0.03371278171238 0.03823319350091 0.04604345840091 0.10286228261560 
0.00180000000000 0.00140000000000 0.00130000000000 0.00120000000000 0.00180000000000 0.00140000000000 0.00130000000000 0.00120000000000 0.00160000000000 0.00140000000000 0.00130000000000 0.00120000000000 0.00160000000000 0.00140000000000 0.00130000000000 0.00120000000000 0.00120000000000 0.00110000000000 0.00110000000000 0.00100000000000 0.00120000000000 0.00110000000000 0.00110000000000 0.00100000000000 0.00110000000000 0.00110000000000 0.00100000000000 0.00100000000000 0.00110000000000 0.00110000000000 0.00100000000000 0.00100000000000 
0.01693872392386 0.04305262063119 0.01679321408819 0.05399614217128 0.01657903896017 0.02358606614392 0.01677159980811 0.02314285576533 0.00190000000000 0.02799187993585 0.00180000000000 0.02541935553291 0.00140000000000 0.01991512627132 0.00130000000000 0.01893091184069 0.01489535718783 0.03337782837121 0.01498964774582 0.02906702173233 0.00150000000000 0.02103887735991 0.00140000000000 0.02091026102739 0.00160000000000 0.02160031024549 0.00150000000000 0.02066795168340 0.00130000000000 0.01846467757394 0.00120000000000 0.01626924979389 
0.00160000000000 0.00240000000000 0.00260000000000 0.00760000000000 0.00150000000000 0.00220000000000 0.00230000000000 0.00790000000000 0.01566599099681 0.01395250803498 0.01682393842012 0.00150000000000 0.00770000000000 0.00920000000000 0.01829336176499 0.00160000000000 0.00170000000000 0.00280000000000 0.00330000000000 0.00280000000000 0.00170000000000 0.00250000000000 0.00280000000000 0.00760000000000 0.01919400401780 0.01380273086749 0.01554972810281 0.00150000000000 0.01668362855023 0.01390668377570 0.01650433690868 0.00150000000000 
0.00700000000000 0.02132463939668 0.01685977427876 0.03649389393079 0.00220000000000 0.01989690793535 0.01599783259157 0.03017642925803 0.00730000000000 0.02183463503425 0.01708548665032 0.03943676328968 0.00230000000000 0.02030408823340 0.01621482107037 0.03191009537336 0.10284605584327 0.11859877411117 0.11134607660270 0.11133784615120 0.10240897888608 0.11468278375898 0.10972751410432 0.11495304879061 0.10311545187385 0.11987445079528 0.11229925975035 0.10244513838440 0.10256987724350 0.11591159779588 0.11013045732235 0.11360971104354 
0.00230000000000 0.00160000000000 0.00130000000000 0.00120000000000 0.00130000000000 0.00120000000000 0.00110000000000 0.00100000000000 0.00150000000000 0.00130000000000 0.00120000000000 0.00110000000000 0.00120000000000 0.00110000000000 0.00100000000000 0.00100000000000 0.00130000000000 0.00120000000000 0.00110000000000 0.00110000000000 0.00110000000000 0.00110000000000 0.00100000000000 0.00100000000000 0.00120000000000 0.00110000000000 0.00110000000000 0.00100000000000 0.00110000000000 0.00100000000000 0.00100000000000 0.00100000000000 
0.00160000000000 0.02792423887834 0.00140000000000 0.01651070368751 0.00190000000000 0.02376439226919 0.00170000000000 0.03023686601461 0.00140000000000 0.01610282061488 0.00140000000000 0.00710000000000 0.00160000000000 0.02519129528376 0.00150000000000 0.01448038764123 0.02438184347128 0.01264774511553 0.02016838868048 0.01585064806323 0.03172536544938 0.00540000000000 0.02586821609083 0.00560000000000 0.01996785694669 0.01616552777424 0.01741805053597 0.01744111021685 0.02464585444123 0.00570000000000 0.01931051595036 0.00810000000000 
0.01682054630599 0.00150000000000 0.00180000000000 0.00130000000000 0.00130000000000 0.00110000000000 0.00120000000000 0.00110000000000 0.02270797481866 0.01854633087843 0.06120900615145 0.01399048282218 0.01535433018244 0.00140000000000 0.00170000000000 0.00120000000000 0.00170000000000 0.00120000000000 0.00140000000000 0.00110000000000 0.00120000000000 0.00110000000000 0.00110000000000 0.00100000000000 0.02482262307452 0.00200000000000 0.02114110945656 0.00150000000000 0.00160000000000 0.00120000000000 0.00130000000000 0.00110000000000 
0.10748520691953 0.05066187435363 0.02205681245969 0.11812881343115 0.02383727286838 0.06226236706764 0.10760442189672 0.05783759279888 0.03804292015262 0.02987230323600 0.02655519213962 0.08262581782356 0.02028098538143 0.00210000000000 0.04851492486666 0.02695222828329 0.02546434238316 0.04739448187847 0.04435625732976 0.05001866777448 0.01762766963294 0.00180000000000 0.02690110891388 0.01920366781536 0.02163436558032 0.01805038161467 0.05637859616252 0.04814812398670 0.01624469885794 0.00170000000000 0.02214893751478 0.01861876150298 
0.00200000000000 0.00130000000000 0.00130000000000 0.00110000000000 0.03419792007393 0.00220000000000 0.00620000000000 0.00130000000000 0.02245819039327 0.00180000000000 0.00580000000000 0.00130000000000 0.01924798852474 0.02481887302754 0.02066537170724 0.00590000000000 0.00160000000000 0.00120000000000 0.00120000000000 0.00110000000000 0.02061271273709 0.00170000000000 0.00180000000000 0.00120000000000 0.01717520049568 0.00150000000000 0.00160000000000 0.00120000000000 0.02607585929478 0.01837492010156 0.01725668701854 0.00160000000000 
0.00200000000000 0.03916316050915 0.03695232095484 0.01574075608922 0.02645611178021 0.00600000000000 0.00170000000000 0.00130000000000 0.00120000000000 0.00180000000000 0.00160000000000 0.02208149074765 0.00190000000000 0.07216076672862 0.05283393616816 0.01520937820518 0.02276860081649 0.01756709183476 0.01674347251813 0.00160000000000 0.00210000000000 0.00130000000000 0.00130000000000 0.00110000000000 0.00150000000000 0.01835293207959 0.01648594933571 0.02149134371174 0.02420501411579 0.01681211342076 0.01588988591961 0.00150000000000 
0.00180000000000 0.00110000000000 0.02767628481492 0.00140000000000 0.00160000000000 0.00110000000000 0.02000663357346 0.00130000000000 0.03509536531362 0.00150000000000 0.01627990355375 0.01737203154833 0.02194627075979 0.00140000000000 0.01861694417708 0.01491846997586 0.00180000000000 0.00110000000000 0.02108112924515 0.00140000000000 0.00150000000000 0.00110000000000 0.01807925139852 0.00130000000000 0.02279910527734 0.00140000000000 0.01908782692245 0.01646129855433 0.01903500493260 0.00130000000000 0.02314863903322 0.01485426309781 
0.02370555280692 0.02678228869885 0.01782479949572 0.01676548273491 0.01584647126385 0.01649954587636 0.03790996416932 0.02995976059399 0.04030780178598 0.08067656412912 0.01668967708087 0.01604746566923 0.01918239520762 0.02039591358894 0.02330280430792 0.02167837108233 0.04012012514097 0.03434366598624 0.01538828930626 0.01533710965111 0.03082215157310 0.03473784530507 0.02275975655097 0.02164584685543 0.02815730220602 0.02643180382575 0.01444171690592 0.00870000000000 0.05460591883190 0.05775646479318 0.01809815910935 0.01791512209848 
0.01804231961579 0.01712092586165 0.01735764982919 0.00130000000000 0.01399056754581 0.03256614338694 0.03380064963402 0.01506890322185 0.01745668339514 0.03017047641162 0.02944924767605 0.00170000000000 0.00760000000000 0.02553329133583 0.02567699840378 0.02017135252596 0.02099629885789 0.01455807107783 0.01506894467921 0.00130000000000 0.01431546915049 0.03858986438622 0.03660484400624 0.00990000000000 0.01889270903460 0.02338491792545 0.02317757491881 0.00150000000000 0.01378608009197 0.03178832256297 0.03231817437039 0.01746597192370 
0.01949918541127 0.00220000000000 0.01803425333777 0.00140000000000 0.01989722525917 0.00190000000000 0.00890000000000 0.00140000000000 0.00220000000000 0.02067305094454 0.00220000000000 0.00190000000000 0.00210000000000 0.01911392676620 0.00230000000000 0.00180000000000 0.01897401064997 0.00210000000000 0.01914872649339 0.00140000000000 0.01927192450781 0.00190000000000 0.00900000000000 0.00140000000000 0.00190000000000 0.02076211650071 0.00210000000000 0.00190000000000 0.00190000000000 0.01910439650156 0.00210000000000 0.00180000000000 
0.00150000000000 0.00150000000000 0.00150000000000 0.00140000000000 0.00230000000000 0.00560000000000 0.00230000000000 0.00570000000000 0.00150000000000 0.00140000000000 0.00140000000000 0.00140000000000 0.00220000000000 0.00230000000000 0.00220000000000 0.00240000000000 0.00190000000000 0.00190000000000 0.00190000000000 0.00190000000000 0.00760000000000 0.00720000000000 0.00730000000000 0.00890000000000 0.00180000000000 0.00180000000000 0.00180000000000 0.00180000000000 0.00750000000000 0.00700000000000 0.00730000000000 0.00680000000000 
0.10278758426145 0.03397415618638 0.02050616124867 0.01990875322546 0.05294311899159 0.04679947125581 0.02329573938763 0.02196899276749 0.00670000000000 0.00720000000000 0.00160000000000 0.00160000000000 0.01607295103586 0.01610262738723 0.00220000000000 0.00960000000000 0.06098074555396 0.03872416899371 0.02092552750505 0.02013790643983 0.03928336682154 0.06347519116342 0.02410356391910 0.02247236334349 0.00690000000000 0.00740000000000 0.00170000000000 0.00160000000000 0.01619545915911 0.01621085803606 0.01231622499778 0.00950000000000 
0.01793551211211 0.00170000000000 0.00180000000000 0.00130000000000 0.00140000000000 0.00120000000000 0.00130000000000 0.00110000000000 0.01782865603370 0.00160000000000 0.00170000000000 0.00130000000000 0.00140000000000 0.00120000000000 0.00120000000000 0.00110000000000 0.02025869164841 0.01618037387929 0.00220000000000 0.00140000000000 0.00160000000000 0.00130000000000 0.00130000000000 0.00110000000000 0.01962346811866 0.01618943886634 0.00200000000000 0.00140000000000 0.00150000000000 0.00120000000000 0.00130000000000 0.00110000000000 
0.00150000000000 0.00150000000000 0.00130000000000 0.00130000000000 0.00130000000000 0.00130000000000 0.00120000000000 0.00120000000000 0.00140000000000 0.00140000000000 0.00130000000000 0.00130000000000 0.00120000000000 0.00120000000000 0.00110000000000 0.00120000000000 0.00130000000000 0.00130000000000 0.00120000000000 0.00120000000000 0.00120000000000 0.00120000000000 0.00110000000000 0.00110000000000 0.00130000000000 0.00130000000000 0.00120000000000 0.00120000000000 0.00120000000000 0.00120000000000 0.00110000000000 0.00110000000000 
0.01481713226271 0.00130000000000 0.01473776252715 0.00130000000000 0.00230000000000 0.00130000000000 0.00710000000000 0.00130000000000 0.01535329543742 0.00130000000000 0.01527362411045 0.00140000000000 0.01480676855518 0.00130000000000 0.01471816304048 0.00130000000000 0.01742851847013 0.00140000000000 0.01764404451263 0.00150000000000 0.01656055019004 0.00140000000000 0.01658043969320 0.00140000000000 0.01859749419439 0.00150000000000 0.01909964118530 0.00150000000000 0.01762000132919 0.00140000000000 0.01782106416347 0.00150000000000 
0.00170000000000 0.00160000000000 0.00160000000000 0.00150000000000 0.00210000000000 0.00190000000000 0.00180000000000 0.00170000000000 0.01686260445480 0.01599676820702 0.01472971876093 0.01418783296616 0.01958157429693 0.01833702078559 0.01646192856846 0.01568852630157 0.00160000000000 0.00150000000000 0.00140000000000 0.00140000000000 0.00180000000000 0.00170000000000 0.00160000000000 0.00150000000000 0.01569409855603 0.01504233841728 0.01405812945402 0.00200000000000 0.01749669501718 0.01666406301862 0.01536664068482 0.01472372243068 
0.00160000000000 0.00140000000000 0.02942581572679 0.10968252744615 0.00130000000000 0.00120000000000 0.02478978907262 0.02132125922759 0.00130000000000 0.00120000000000 0.01618640188551 0.00770000000000 0.00120000000000 0.00110000000000 0.00610000000000 0.00200000000000 0.00120000000000 0.00120000000000 0.01721569399990 0.00240000000000 0.00110000000000 0.00110000000000 0.00190000000000 0.00160000000000 0.00110000000000 0.00110000000000 0.00180000000000 0.00150000000000 0.00110000000000 0.00100000000000 0.00140000000000 0.00130000000000 
0.01877480164480 0.00180000000000 0.00170000000000 0.00130000000000 0.02192761096912 0.00200000000000 0.00190000000000 0.00140000000000 0.01545701965871 0.00160000000000 0.00150000000000 0.00120000000000 0.01760812666256 0.00170000000000 0.00160000000000 0.00130000000000 0.02256522753038 0.00740000000000 0.01287970132198 0.00140000000000 0.02741420461448 0.01569376224214 0.01620439165276 0.00140000000000 0.01814509266928 0.00180000000000 0.00170000000000 0.00130000000000 0.02079337438648 0.00190000000000 0.00180000000000 0.00130000000000 
0.00170000000000 0.00190000000000 0.01469263376023 0.01581949344002 0.02723086132560 0.03919256018367 0.03558222519752 0.02829014088105 0.01644179459900 0.01823448176987 0.02397192410874 0.03113790502681 0.03943916828137 0.06509174620622 0.03633893261615 0.03075170153801 0.00120000000000 0.00120000000000 0.00130000000000 0.00140000000000 0.01642430253866 0.01717681793639 0.02018819584863 0.02235097124932 0.00130000000000 0.00140000000000 0.00160000000000 0.01739295387297 0.01988775809758 0.02131593846054 0.02588330742572 0.03017607673048 
0.02829643449522 0.02473252136197 0.02006742052320 0.01965410063634 0.03453210022002 0.03119077373558 0.02364317351308 0.02304728669136 0.01799605777367 0.01862743416878 0.05178654294107 0.07872665009623 0.02513281755614 0.02635782160947 0.07869170065358 0.05707662754814 0.03195079065645 0.02708604184334 0.02047964117555 0.01997789141995 0.03778178005513 0.03333819182493 0.02396867778559 0.02335952356041 0.01820708860156 0.01882074732737 0.04988264764257 0.06733755232414 0.02512199178747 0.02642236341693 0.07022484210247 0.06374243401435 
0.03108067018053 0.02813297103833 0.08137883265970 0.03357240886572 0.02153935244125 0.01925527709297 0.02960788681966 0.02456114616511 0.00590000000000 0.04646922126256 0.07921644831225 0.04948220852104 0.03421008198084 0.02327316272806 0.08942316950706 0.02850761058463 0.00190000000000 0.02162909432982 0.02432245543532 0.04122725867335 0.01660180734805 0.06640089942239 0.04546016910583 0.05175732402344 0.00150000000000 0.00550000000000 0.02526572678304 0.04425442715304 0.00190000000000 0.08732044303302 0.08380134635330 0.09009349952022 
0.01704107943252 0.02101718856270 0.00130000000000 0.00140000000000 0.01492175910520 0.01832801641275 0.00130000000000 0.00130000000000 0.00140000000000 0.00150000000000 0.00110000000000 0.00110000000000 0.00130000000000 0.00150000000000 0.00110000000000 0.00110000000000 0.00130000000000 0.00140000000000 0.00110000000000 0.00110000000000 0.00130000000000 0.00130000000000 0.00110000000000 0.00110000000000 0.00110000000000 0.00110000000000 0.00100000000000 0.00100000000000 0.00110000000000 0.00110000000000 0.00100000000000 0.00100000000000 
0.00180000000000 0.00160000000000 0.00190000000000 0.00160000000000 0.02719200958213 0.01847173446255 0.04807491897760 0.02181846393589 0.02565238452790 0.01926791025611 0.03348436631189 0.02244508452959 0.02244934558822 0.02763154416754 0.02976028414721 0.03381519440601 0.00180000000000 0.00160000000000 0.00190000000000 0.00160000000000 0.10336000594990 0.04064666210577 0.03303055878042 0.02172173012390 0.10286237731515 0.02891380724045 0.11706008763888 0.10349682443573 0.02525816515173 0.03912978122811 0.01584664394299 0.01692298425720 
0.00680000000000 0.01523454533306 0.03389329260031 0.01783509168230 0.00700000000000 0.01764106770256 0.01979536270091 0.00950000000000 0.00180000000000 0.00750000000000 0.03179022361979 0.03983897158388 0.00220000000000 0.00850000000000 0.02734188201774 0.01447529400198 0.01694925479583 0.01859923355493 0.02214481156446 0.01590697051452 0.01922596386179 0.02921787781341 0.01751329848662 0.00990000000000 0.00220000000000 0.01593834266093 0.10483437850353 0.01688320322813 0.00270000000000 0.01897413577176 0.03713180166175 0.00610000000000 
0.01451177383792 0.01535611411690 0.00170000000000 0.00550000000000 0.01377856303810 0.01413451159552 0.00540000000000 0.00900000000000 0.00220000000000 0.00690000000000 0.00160000000000 0.00170000000000 0.00690000000000 0.01322564608166 0.00510000000000 0.00520000000000 0.00150000000000 0.00160000000000 0.00130000000000 0.00130000000000 0.00160000000000 0.00180000000000 0.00140000000000 0.00140000000000 0.00140000000000 0.00150000000000 0.00120000000000 0.00130000000000 0.00150000000000 0.00160000000000 0.00130000000000 0.00130000000000 
0.02163363860320 0.00140000000000 0.02051460864685 0.00140000000000 0.03194456591923 0.00150000000000 0.02671175127722 0.00150000000000 0.01583806111510 0.00130000000000 0.01567466014701 0.00130000000000 0.01710612444519 0.00130000000000 0.01683748697593 0.00130000000000 0.02721524041611 0.00150000000000 0.02432694267953 0.00150000000000 0.10697143951894 0.00160000000000 0.03672630630494 0.00160000000000 0.01808167306200 0.00130000000000 0.01759967638205 0.00130000000000 0.02055938200268 0.00140000000000 0.01957333110019 0.00140000000000 
0.02338286350671 0.02773483530220 0.00600000000000 0.01000000000000 0.02675965219922 0.03950942480515 0.00610000000000 0.01000000000000 0.10269185696982 0.03171285980390 0.01554205258726 0.01342973291725 0.10357143627774 0.04046694779804 0.01616476267601 0.01373632599180 0.02322832152850 0.01722026685788 0.03735699673925 0.02153233286946 0.02251716515679 0.01707685871508 0.03223599545349 0.02094482176433 0.03118497095002 0.02015427981017 0.04182870457118 0.02474271622132 0.02904318601354 0.01773233224034 0.03474311850502 0.02230978633637 
0.04480015509913 0.03385320271362 0.02039468872779 0.02668098779171 0.11719622397127 0.06665833750679 0.09634386843291 0.08196167169805 0.04297828558552 0.02278277590420 0.02287501388584 0.04552067366174 0.11346833650488 0.06090293253026 0.10648312096352 0.09691997583324 0.01524574157164 0.00670000000000 0.02051160258061 0.01664040234067 0.02520563214604 0.01986849220039 0.08559124600997 0.05735594128826 0.00220000000000 0.00190000000000 0.01717905796605 0.01483789622027 0.00210000000000 0.00180000000000 0.10221991414159 0.06183592385032 
0.01925976349321 0.07953625189872 0.01363876365012 0.02663990923468 0.01757383191257 0.02194332017505 0.00960000000000 0.01708372674048 0.00230000000000 0.00150000000000 0.00240000000000 0.00160000000000 0.03345921541225 0.01716583884288 0.02184311407651 0.00740000000000 0.01762003032315 0.00170000000000 0.00730000000000 0.00180000000000 0.10221447670627 0.02202779071353 0.03511229526489 0.01757377233873 0.00120000000000 0.00110000000000 0.00130000000000 0.00110000000000 0.00160000000000 0.00130000000000 0.00170000000000 0.00140000000000 
0.00170000000000 0.00180000000000 0.00190000000000 0.00200000000000 0.03660714677405 0.02236509364785 0.02909999890817 0.02047289460747 0.00160000000000 0.00160000000000 0.00170000000000 0.00170000000000 0.05282586386446 0.03545562292391 0.05184674076267 0.02794230389996 0.00560000000000 0.00550000000000 0.00570000000000 0.00550000000000 0.06449060159716 0.02823732840014 0.09695917446922 0.04030702368733 0.00160000000000 0.00170000000000 0.00190000000000 0.00200000000000 0.02935873540891 0.02167743911958 0.03846907123922 0.02558459065251 
0.02131969972518 0.00230000000000 0.01813244136978 0.00130000000000 0.01644858037707 0.00120000000000 0.00130000000000 0.00110000000000 0.01665187554308 0.00220000000000 0.01844309997904 0.00130000000000 0.00220000000000 0.00120000000000 0.00130000000000 0.00110000000000 0.01801206290116 0.00240000000000 0.01737427110506 0.00140000000000 0.01590576691506 0.00120000000000 0.00140000000000 0.00110000000000 0.01468885101116 0.00230000000000 0.01773020014221 0.00140000000000 0.00230000000000 0.00130000000000 0.00140000000000 0.00110000000000 
0.01778323470827 0.01556719528014 0.00220000000000 0.02306418021276 0.01640729772327 0.01566595623337 0.00190000000000 0.02407946086685 0.01628829608164 0.01513346312803 0.00190000000000 0.02287366497352 0.01520617501769 0.01512927154425 0.00180000000000 0.02419068067764 0.01831972834499 0.01718478409650 0.00220000000000 0.02886112799334 0.01715531924763 0.01729894140376 0.00190000000000 0.03138880374255 0.01694923503580 0.01673425013756 0.00190000000000 0.02987559722737 0.01588104380649 0.01685027806190 0.00180000000000 0.03335720150409 
0.03975190577842 0.00180000000000 0.04680160561345 0.01522984163243 0.00740000000000 0.00220000000000 0.10810467577510 0.00620000000000 0.01987167960861 0.00160000000000 0.01745223687007 0.00520000000000 0.00310000000000 0.00180000000000 0.01547168142684 0.00200000000000 0.03344355611609 0.00190000000000 0.05581331047094 0.01521729602180 0.00230000000000 0.00230000000000 0.03025153720451 0.00610000000000 0.02189279672015 0.00160000000000 0.01774488088004 0.00180000000000 0.00260000000000 0.00190000000000 0.01705572740369 0.00200000000000 
0.00180000000000 0.00180000000000 0.00160000000000 0.00160000000000 0.00190000000000 0.00190000000000 0.00170000000000 0.00170000000000 0.00180000000000 0.00180000000000 0.00160000000000 0.00160000000000 0.00200000000000 0.00200000000000 0.00170000000000 0.00170000000000 0.00160000000000 0.00160000000000 0.00150000000000 0.00150000000000 0.00170000000000 0.00170000000000 0.00160000000000 0.00150000000000 0.00170000000000 0.00170000000000 0.00150000000000 0.00150000000000 0.00180000000000 0.00170000000000 0.00160000000000 0.00160000000000 
0.02194109838496 0.02184443683253 0.02523246214348 0.02533354188782 0.00880000000000 0.00890000000000 0.00890000000000 0.00890000000000 0.02264468959463 0.02255053072136 0.02589611081964 0.02599957640659 0.00890000000000 0.00890000000000 0.00890000000000 0.00900000000000 0.02061958484327 0.02050702649263 0.02298007501255 0.02297001131519 0.00760000000000 0.00770000000000 0.00760000000000 0.00770000000000 0.02146741172052 0.02135781285655 0.02380796145952 0.02380673186131 0.00770000000000 0.00770000000000 0.00770000000000 0.00770000000000 
0.00160000000000 0.00180000000000 0.00140000000000 0.00170000000000 0.00150000000000 0.00170000000000 0.00140000000000 0.00160000000000 0.00150000000000 0.00160000000000 0.00130000000000 0.00140000000000 0.00140000000000 0.00150000000000 0.00130000000000 0.00140000000000 0.00160000000000 0.00180000000000 0.00150000000000 0.00170000000000 0.00150000000000 0.00170000000000 0.00140000000000 0.00160000000000 0.00150000000000 0.00160000000000 0.00130000000000 0.00140000000000 0.00140000000000 0.00150000000000 0.00130000000000 0.00140000000000 
0.00180000000000 0.01635953855711 0.00160000000000 0.01319731945847 0.00180000000000 0.01630573460255 0.00170000000000 0.01317580273282 0.00190000000000 0.01618704126953 0.00170000000000 0.00990000000000 0.00190000000000 0.01614118766353 0.00170000000000 0.00990000000000 0.00160000000000 0.01422928531570 0.00150000000000 0.00250000000000 0.00160000000000 0.01424707425455 0.00150000000000 0.00790000000000 0.00160000000000 0.01413718829145 0.00150000000000 0.00730000000000 0.00160000000000 0.01415777640727 0.00150000000000 0.00730000000000 
0.00160000000000 0.00140000000000 0.00150000000000 0.00130000000000 0.00150000000000 0.00130000000000 0.00150000000000 0.00130000000000 0.00580000000000 0.00150000000000 0.00170000000000 0.00140000000000 0.00180000000000 0.00140000000000 0.00160000000000 0.00140000000000 0.00130000000000 0.00120000000000 0.00130000000000 0.00120000000000 0.00130000000000 0.00120000000000 0.00120000000000 0.00120000000000 0.00140000000000 0.00120000000000 0.00130000000000 0.00120000000000 0.00130000000000 0.00120000000000 0.00130000000000 0.00120000000000 
0.02000022560115 0.01916070956143 0.02810513455351 0.02621893892945 0.02019354729055 0.01935650553308 0.02786202405998 0.02642186298840 0.04316090025954 0.03404348647449 0.01851502898191 0.03634305261830 0.03972900032146 0.03505644772291 0.01795094335286 0.03501269734850 0.01550952299744 0.00850000000000 0.02024169143025 0.01841869673574 0.01560297284716 0.00860000000000 0.02023953078145 0.01859855268547 0.02255671167816 0.02136952190977 0.03478066622298 0.03014826847608 0.02274945829298 0.02157462074741 0.03400129310164 0.03058172821924 
0.02152911150798 0.01923575510072 0.02868832841869 0.02287054349456 0.00150000000000 0.00150000000000 0.00170000000000 0.00160000000000 0.01883515033523 0.01773896970565 0.02304720339361 0.02022844838136 0.00150000000000 0.00140000000000 0.00160000000000 0.00150000000000 0.02452078577085 0.03347891964844 0.02062948036483 0.02884518646639 0.00180000000000 0.00170000000000 0.00200000000000 0.00190000000000 0.02592240640139 0.01669043727859 0.02690354268093 0.02808477961134 0.00170000000000 0.00160000000000 0.00180000000000 0.00170000000000 
0.00170000000000 0.00200000000000 0.00140000000000 0.00150000000000 0.00140000000000 0.00150000000000 0.00130000000000 0.00130000000000 0.00140000000000 0.00160000000000 0.00120000000000 0.00130000000000 0.00130000000000 0.00130000000000 0.00120000000000 0.00120000000000 0.00200000000000 0.00650000000000 0.00150000000000 0.00160000000000 0.00150000000000 0.00160000000000 0.00130000000000 0.00140000000000 0.00160000000000 0.00520000000000 0.00130000000000 0.00130000000000 0.00130000000000 0.00140000000000 0.00120000000000 0.00120000000000 
0.01939132196727 0.00600000000000 0.01539072780427 0.00190000000000 0.00150000000000 0.00130000000000 0.00140000000000 0.00120000000000 0.01614483161971 0.00160000000000 0.00660000000000 0.00150000000000 0.00130000000000 0.00120000000000 0.00130000000000 0.00110000000000 0.03200964591274 0.00760000000000 0.01859367411548 0.00570000000000 0.00170000000000 0.00130000000000 0.00150000000000 0.00130000000000 0.02060487497808 0.00200000000000 0.01573998383004 0.00170000000000 0.00150000000000 0.00120000000000 0.00140000000000 0.00120000000000 
0.00220000000000 0.00180000000000 0.00690000000000 0.00190000000000 0.00210000000000 0.00180000000000 0.00230000000000 0.00190000000000 0.00140000000000 0.00130000000000 0.00140000000000 0.00130000000000 0.00140000000000 0.00130000000000 0.00140000000000 0.00130000000000 0.00180000000000 0.00160000000000 0.00190000000000 0.00170000000000 0.00180000000000 0.00160000000000 0.00180000000000 0.00160000000000 0.00130000000000 0.00130000000000 0.00130000000000 0.00130000000000 0.00130000000000 0.00120000000000 0.00130000000000 0.00130000000000 
0.01616463225422 0.01626869790566 0.02576788782743 0.02536776551006 0.01517406150627 0.01528307361697 0.02202810100812 0.02201468157964 0.02731870207463 0.02364539101488 0.03507288626592 0.03262323718148 0.02387316072202 0.02364365101473 0.03232509801721 0.02839916205428 0.02132020640065 0.02121152470510 0.12151924157819 0.11477264489702 0.01883486654456 0.01892632159381 0.10678262599198 0.10485768169831 0.03248790634782 0.03178678170451 0.06035891313534 0.05521568858464 0.03178423093035 0.02798586359784 0.04982416163814 0.04527175317704 
0.01424780473053 0.00180000000000 0.01956173904078 0.01553139391626 0.01457146944164 0.00180000000000 0.02037527272462 0.01605007860062 0.01874835141444 0.01481333997740 0.03830887366524 0.02459729770945 0.01967296688152 0.01525754341194 0.04003068039334 0.02613444257127 0.01710523407009 0.01273553960581 0.03085313564246 0.02798996451269 0.01794329284043 0.01288588246326 0.10192136152270 0.03186075615180 0.10406295559680 0.02343445836244 0.01653382497933 0.01875308251772 0.10296103008508 0.02834875046698 0.01693179654144 0.01916213077852 
0.01519655481616 0.01476795220320 0.01636138832908 0.01582723075775 0.00120000000000 0.00120000000000 0.00120000000000 0.00120000000000 0.00200000000000 0.00190000000000 0.01416626133352 0.00220000000000 0.00120000000000 0.00120000000000 0.00120000000000 0.00120000000000 0.01671689426161 0.01615615122977 0.01840025173618 0.01763734463514 0.00130000000000 0.00120000000000 0.00130000000000 0.00130000000000 0.01555401239774 0.00240000000000 0.01661921782401 0.01618477117185 0.00120000000000 0.00120000000000 0.00120000000000 0.00120000000000 
0.03811243665792 0.10661643583070 0.02759072658332 0.09849242437357 0.02047037024839 0.02502465611465 0.12161784230093 0.10806376713370 0.01675699089215 0.01893401652839 0.02450795002745 0.03065583474556 0.00720000000000 0.01565790892402 0.01735194573911 0.01968345264134 0.02008623150521 0.02685632941963 0.01617869333234 0.01854936766574 0.04293111527228 0.04569683959610 0.01762296792204 0.02240265752733 0.03603466590965 0.09791084280449 0.02432700148493 0.04215290314870 0.01873576929485 0.02113049149911 0.08680120029443 0.05685104606214 
0.01729005665576 0.00130000000000 0.00590000000000 0.00120000000000 0.00140000000000 0.00110000000000 0.00130000000000 0.00110000000000 0.00200000000000 0.00120000000000 0.00170000000000 0.00110000000000 0.00130000000000 0.00110000000000 0.00120000000000 0.00100000000000 0.01704210440158 0.01601076345669 0.09890994378247 0.00570000000000 0.01960919235841 0.00140000000000 0.00610000000000 0.00130000000000 0.02471192467393 0.00200000000000 0.02150730904173 0.00170000000000 0.01530478781612 0.00130000000000 0.00200000000000 0.00120000000000 
0.00200000000000 0.01628737416482 0.00150000000000 0.00170000000000 0.00210000000000 0.01621174457997 0.00150000000000 0.00170000000000 0.00150000000000 0.00170000000000 0.00130000000000 0.00140000000000 0.00150000000000 0.00180000000000 0.00130000000000 0.00140000000000 0.01443735524158 0.01557642480768 0.00160000000000 0.00190000000000 0.01454022541695 0.01568697101112 0.00170000000000 0.00200000000000 0.00170000000000 0.00200000000000 0.00140000000000 0.00150000000000 0.00170000000000 0.00200000000000 0.00140000000000 0.00150000000000 
0.00170000000000 0.00210000000000 0.00130000000000 0.00140000000000 0.00230000000000 0.01599222933577 0.00140000000000 0.00160000000000 0.01461409188357 0.01672791414410 0.00150000000000 0.01457087413857 0.01703965561789 0.01967250138786 0.01467232690435 0.01619709759150 0.02209870087670 0.04119575125514 0.01624768412553 0.01897444032217 0.06094073850692 0.02368358102649 0.01947741745063 0.02495566256689 0.02579762392170 0.04163742561107 0.01873369273988 0.02144729656678 0.09143196091632 0.02879299062096 0.02196763040667 0.02716546643234 
0.01663930746761 0.02658431707433 0.01991294643909 0.10466425840009 0.01976673311514 0.02965987089561 0.02310839805392 0.07045189375054 0.03322142960902 0.02092265452764 0.03396818542424 0.01726877873747 0.03483245214272 0.02573692644914 0.03788278781272 0.02158011560383 0.11155219551592 0.01756298928680 0.02340204358071 0.01535202656752 0.04707573079734 0.02208808397838 0.02801615535365 0.01923961242570 0.01629936375740 0.00600000000000 0.01447401396604 0.00180000000000 0.02059726366088 0.01653749816697 0.01823415463345 0.01439538249112 
0.03387117776004 0.01489124106876 0.03647918594035 0.00240000000000 0.01619231735006 0.00140000000000 0.01511630971375 0.00140000000000 0.00190000000000 0.00130000000000 0.00180000000000 0.00120000000000 0.00130000000000 0.00110000000000 0.00130000000000 0.00110000000000 0.01435072758942 0.00180000000000 0.00860000000000 0.00170000000000 0.00220000000000 0.00130000000000 0.00200000000000 0.00130000000000 0.00160000000000 0.00120000000000 0.00150000000000 0.00120000000000 0.00120000000000 0.00110000000000 0.00120000000000 0.00110000000000 
0.02708514414941 0.02768121765358 0.00180000000000 0.00150000000000 0.02246180655772 0.02005751642044 0.00160000000000 0.00150000000000 0.01408585422881 0.00260000000000 0.00150000000000 0.00140000000000 0.01339875755233 0.00230000000000 0.00140000000000 0.00130000000000 0.02357400321576 0.00330000000000 0.00150000000000 0.00140000000000 0.01930853791304 0.00270000000000 0.00150000000000 0.00140000000000 0.00270000000000 0.00230000000000 0.00140000000000 0.00130000000000 0.00230000000000 0.00200000000000 0.00130000000000 0.00130000000000 
0.01852968308027 0.11001567310375 0.02858893669585 0.02965821064430 0.01651456275078 0.10771079537321 0.10230057487145 0.02220739424001 0.02241999836332 0.07229613833518 0.03200492599807 0.03067140880740 0.02213786817580 0.10941558280931 0.04023228976196 0.10237868407374 0.01751795897790 0.00170000000000 0.01655650077781 0.00140000000000 0.01531403899426 0.00160000000000 0.01496219850465 0.00140000000000 0.02178269595743 0.01654697727954 0.01942712803673 0.01601179193179 0.02055573174802 0.01498245812325 0.01831060756827 0.00170000000000 
0.00150000000000 0.00110000000000 0.00150000000000 0.00110000000000 0.00140000000000 0.00110000000000 0.00140000000000 0.00110000000000 0.01428004857145 0.00130000000000 0.01381786303188 0.00130000000000 0.00180000000000 0.00120000000000 0.00170000000000 0.00120000000000 0.00170000000000 0.00120000000000 0.00170000000000 0.00120000000000 0.00150000000000 0.00110000000000 0.00150000000000 0.00110000000000 0.01601034462863 0.00140000000000 0.01542790604841 0.00130000000000 0.00210000000000 0.00130000000000 0.00210000000000 0.00130000000000 
0.00170000000000 0.00170000000000 0.00140000000000 0.00140000000000 0.00190000000000 0.00200000000000 0.00150000000000 0.00150000000000 0.00160000000000 0.00170000000000 0.00140000000000 0.00140000000000 0.00180000000000 0.00180000000000 0.00140000000000 0.00140000000000 0.00250000000000 0.00260000000000 0.00170000000000 0.00170000000000 0.00340000000000 0.00620000000000 0.00190000000000 0.00190000000000 0.00220000000000 0.00230000000000 0.00170000000000 0.00170000000000 0.00270000000000 0.00310000000000 0.00180000000000 0.00180000000000 
0.01664427748945 0.02441227273560 0.00130000000000 0.01374076231367 0.03780320991486 0.04532425767709 0.00170000000000 0.01782699036797 0.01838481964474 0.03628915565197 0.00150000000000 0.00940000000000 0.01993728788854 0.02679578060039 0.00600000000000 0.01855018028376 0.02288628755299 0.02676056635384 0.01803258737186 0.02463604972725 0.01751619290442 0.02132155048907 0.03458449127809 0.04134650735506 0.00200000000000 0.01823707736749 0.02015382458391 0.03383532437639 0.00150000000000 0.01393039400043 0.03585324402152 0.03481757173350 
0.01404243195343 0.01811230938075 0.03084747803689 0.02135800388336 0.00150000000000 0.00180000000000 0.01343045756687 0.01859809121330 0.00130000000000 0.00150000000000 0.00190000000000 0.01565508552051 0.00110000000000 0.00120000000000 0.00140000000000 0.00160000000000 0.02688700157020 0.03802151516601 0.01598276851126 0.00660000000000 0.01360643010251 0.01804381387114 0.01742275036412 0.00660000000000 0.00180000000000 0.01601278244616 0.01877012059513 0.12756573820883 0.00130000000000 0.00160000000000 0.00210000000000 0.01521074865499 
0.00150000000000 0.00160000000000 0.00150000000000 0.00160000000000 0.00150000000000 0.00150000000000 0.00140000000000 0.00150000000000 0.01501151555585 0.01554489708894 0.01448443521792 0.01496515935122 0.01457254915829 0.01500856003238 0.00240000000000 0.01456825457147 0.00120000000000 0.00120000000000 0.00120000000000 0.00120000000000 0.00120000000000 0.00120000000000 0.00120000000000 0.00120000000000 0.00150000000000 0.00160000000000 0.00150000000000 0.00150000000000 0.00140000000000 0.00150000000000 0.00140000000000 0.00150000000000 
0.07152547561725 0.01476171615575 0.00160000000000 0.00210000000000 0.00230000000000 0.00140000000000 0.02065797590409 0.01398853419283 0.00550000000000 0.00610000000000 0.00110000000000 0.00120000000000 0.02162310432589 0.02121541819326 0.00140000000000 0.00170000000000 0.03829401900612 0.01446995667991 0.00190000000000 0.00590000000000 0.00210000000000 0.00140000000000 0.03241383311857 0.01269025232184 0.00970000000000 0.00870000000000 0.00120000000000 0.00130000000000 0.03066880979827 0.01897340144576 0.00160000000000 0.00220000000000 
0.01718752747346 0.00140000000000 0.02286584296299 0.00260000000000 0.01473165471820 0.00130000000000 0.04639346720307 0.00190000000000 0.00210000000000 0.00130000000000 0.03083772365372 0.00170000000000 0.00170000000000 0.00120000000000 0.02353728478245 0.00150000000000 0.02163520539085 0.00150000000000 0.02112735271224 0.01607432604930 0.01706222764593 0.00140000000000 0.03071917079583 0.01445313406776 0.01524186701488 0.00140000000000 0.02450290582933 0.00210000000000 0.00220000000000 0.00130000000000 0.05415157097948 0.00170000000000 
0.00220000000000 0.00130000000000 0.00150000000000 0.00120000000000 0.01958652519416 0.00150000000000 0.01254394555451 0.00130000000000 0.00150000000000 0.00120000000000 0.00130000000000 0.00110000000000 0.00710000000000 0.00130000000000 0.00160000000000 0.00120000000000 0.00130000000000 0.00110000000000 0.00120000000000 0.00100000000000 0.00140000000000 0.00110000000000 0.00130000000000 0.00110000000000 0.00120000000000 0.00100000000000 0.00110000000000 0.00100000000000 0.00130000000000 0.00110000000000 0.00120000000000 0.00100000000000 
0.00170000000000 0.00180000000000 0.00190000000000 0.00200000000000 0.01609215412895 0.01672089732029 0.01769037751062 0.01843381900691 0.00130000000000 0.00140000000000 0.00140000000000 0.00140000000000 0.00160000000000 0.00160000000000 0.00170000000000 0.00180000000000 0.00140000000000 0.00140000000000 0.00140000000000 0.00150000000000 0.00170000000000 0.00180000000000 0.00190000000000 0.00200000000000 0.00120000000000 0.00120000000000 0.00120000000000 0.00120000000000 0.00130000000000 0.00130000000000 0.00140000000000 0.00140000000000 
0.03088053961867 0.11027462125095 0.00250000000000 0.01688208189946 0.01574789897728 0.01542449447751 0.01747960612536 0.01638116114382 0.02112133862986 0.02017591101380 0.03526657547279 0.02494551051142 0.00170000000000 0.00160000000000 0.00220000000000 0.00200000000000 0.02493036626228 0.02153420428705 0.01528927830111 0.02402739080757 0.00180000000000 0.00170000000000 0.00240000000000 0.00210000000000 0.01653932758285 0.01630628852913 0.01751127638004 0.01697360351687 0.00140000000000 0.00130000000000 0.00160000000000 0.00150000000000 
0.00160000000000 0.00670000000000 0.00160000000000 0.00690000000000 0.00120000000000 0.00130000000000 0.00120000000000 0.00130000000000 0.00130000000000 0.00150000000000 0.00130000000000 0.00150000000000 0.00110000000000 0.00120000000000 0.00110000000000 0.00120000000000 0.00150000000000 0.00210000000000 0.00150000000000 0.00210000000000 0.00120000000000 0.00130000000000 0.00120000000000 0.00130000000000 0.00130000000000 0.00150000000000 0.00130000000000 0.00150000000000 0.00110000000000 0.00120000000000 0.00110000000000 0.00120000000000 
0.04356998837867 0.09291535596788 0.02360040371722 0.02152189314899 0.02543496806200 0.03128154043369 0.03478734837024 0.02858466296855 0.00740000000000 0.00900000000000 0.01698035863004 0.01548243394888 0.00640000000000 0.00710000000000 0.02338556129158 0.02923311074333 0.02881426691849 0.03749076465059 0.02935200395536 0.02564480705333 0.02244523046631 0.02539469023702 0.06239429904004 0.03911721470978 0.00660000000000 0.00770000000000 0.03560400740419 0.02017285366255 0.00250000000000 0.00660000000000 0.01980336376878 0.02327984536289 
0.01446457676383 0.13381512771223 0.01595473976643 0.10478320469676 0.01862067668137 0.03556304454944 0.01996692746211 0.05657403513556 0.01799895242691 0.02789341233543 0.02037429195491 0.02351498172095 0.02151454707351 0.09411271958869 0.02348273351558 0.08987838785431 0.00130000000000 0.00170000000000 0.00130000000000 0.00180000000000 0.00130000000000 0.00190000000000 0.00140000000000 0.00660000000000 0.00140000000000 0.00210000000000 0.00150000000000 0.00270000000000 0.00150000000000 0.01639289086811 0.00170000000000 0.01809632666472 
0.00190000000000 0.00180000000000 0.00170000000000 0.00170000000000 0.00610000000000 0.00230000000000 0.00190000000000 0.00190000000000 0.00130000000000 0.00130000000000 0.00130000000000 0.00130000000000 0.00140000000000 0.00140000000000 0.00130000000000 0.00130000000000 0.00110000000000 0.00110000000000 0.00110000000000 0.00110000000000 0.00120000000000 0.00120000000000 0.00110000000000 0.00110000000000 0.00100000000000 0.00100000000000 0.00100000000000 0.00100000000000 0.00110000000000 0.00110000000000 0.00110000000000 0.00110000000000 
0.00160000000000 0.00190000000000 0.01446158037551 0.01798388389940 0.01863794815804 0.02192934895150 0.03292671519934 0.03094654668637 0.00110000000000 0.00110000000000 0.00120000000000 0.00120000000000 0.00130000000000 0.00140000000000 0.00150000000000 0.00170000000000 0.01567748399139 0.01812146965876 0.01975411616403 0.02172110152562 0.02812643349657 0.02833311901806 0.05351965888177 0.04576008590647 0.00120000000000 0.00120000000000 0.00130000000000 0.00140000000000 0.00160000000000 0.00180000000000 0.01528045451878 0.01749405410182 
0.03539945985270 0.02065836678849 0.02809369074301 0.02814641383750 0.00140000000000 0.00120000000000 0.00160000000000 0.00130000000000 0.02852297798432 0.02057882992745 0.04113077365905 0.02616229518156 0.00140000000000 0.00120000000000 0.00160000000000 0.00130000000000 0.02462927428178 0.01861845362158 0.02929247958171 0.02371311040109 0.00140000000000 0.00120000000000 0.00160000000000 0.00130000000000 0.02348518642164 0.01893108823895 0.06456904057056 0.02302341287731 0.00140000000000 0.00120000000000 0.00160000000000 0.00130000000000 
0.09693413149870 0.01482314093315 0.00190000000000 0.02370342719972 0.03556750221076 0.01667569537807 0.01601260945596 0.03694661702755 0.03485169683118 0.02209123924872 0.00200000000000 0.02490122122189 0.05306751167470 0.02170117047204 0.01850787773795 0.03074824131123 0.00590000000000 0.00130000000000 0.05308060701944 0.01631554330225 0.01485121174602 0.00130000000000 0.03204629539950 0.01795744764777 0.02018282350539 0.00140000000000 0.04367353540110 0.02357809492874 0.02062258655032 0.00130000000000 0.08534281294002 0.02299784476032 
0.02215279991546 0.00210000000000 0.03076512014066 0.01558328909100 0.02426857849422 0.01536495015780 0.02807569687346 0.01454799317031 0.01000000000000 0.00120000000000 0.01499461771677 0.00120000000000 0.02416614650375 0.00120000000000 0.02349128141438 0.00120000000000 0.02893892583264 0.00170000000000 0.05376853766070 0.00160000000000 0.02718054445063 0.00200000000000 0.03245376197315 0.00200000000000 0.00580000000000 0.00120000000000 0.00960000000000 0.00110000000000 0.02237309945687 0.00120000000000 0.02224646814437 0.00120000000000 
0.00220000000000 0.01580236515898 0.01527754994306 0.02099289707423 0.02948752028806 0.06223944864001 0.02739466771702 0.03582477864231 0.00140000000000 0.00130000000000 0.00150000000000 0.00140000000000 0.00290000000000 0.00260000000000 0.00530000000000 0.00480000000000 0.00170000000000 0.00160000000000 0.00190000000000 0.00180000000000 0.02869673468515 0.02335520204810 0.10542799551717 0.03577817514597 0.00130000000000 0.00120000000000 0.00130000000000 0.00130000000000 0.00200000000000 0.00180000000000 0.00240000000000 0.00220000000000 
0.00190000000000 0.00180000000000 0.02635806675882 0.01945798482147 0.00140000000000 0.00140000000000 0.02703399824190 0.02269984733942 0.00180000000000 0.00180000000000 0.02940070468279 0.02092042978432 0.00130000000000 0.00130000000000 0.02305381503561 0.01999486133138 0.00150000000000 0.00150000000000 0.00540000000000 0.00590000000000 0.00120000000000 0.00120000000000 0.01855367782888 0.01539237753578 0.00150000000000 0.00150000000000 0.00540000000000 0.00590000000000 0.00120000000000 0.00120000000000 0.01764174594314 0.00250000000000 
0.01450748904896 0.02318453870175 0.02261388715818 0.01562027812859 0.00210000000000 0.03013518341278 0.01838136345184 0.01656543846972 0.00830000000000 0.04620612998904 0.01917175412245 0.01772548158949 0.00830000000000 0.03424928276579 0.01780479333057 0.02248385707340 0.00740000000000 0.02492244961407 0.02129235978605 0.01604063734844 0.00210000000000 0.03457347274332 0.01777475620091 0.01718047957986 0.00820000000000 0.04113181406106 0.01886791146581 0.02072222560220 0.00830000000000 0.02973321180002 0.01759354335548 0.02254150754528 
0.01471494729499 0.01704712374854 0.01773485885585 0.02253692592543 0.00210000000000 0.01713805689010 0.01483610304573 0.02261286037516 0.00730000000000 0.01590339660141 0.01667256035150 0.01939453002850 0.00180000000000 0.01599270493717 0.01404462359883 0.01927618452484 0.01542137261269 0.01879931656643 0.01903007385019 0.02824948395751 0.00220000000000 0.01853135109709 0.01563949284520 0.02777846879606 0.01480801906959 0.01681973015448 0.01751881091232 0.02140708568889 0.00190000000000 0.01682624982161 0.01461456354024 0.02124913809535 
0.06971614936841 0.02446070479043 0.07003574629282 0.02159769647747 0.01924925016137 0.02561908286634 0.02064437847917 0.02956888989164 0.02583395535786 0.01304777116157 0.00300000000000 0.00210000000000 0.04022353314552 0.03524687505979 0.00630000000000 0.01628913133838 0.01899425759650 0.03192157043336 0.00630000000000 0.00640000000000 0.01295499323680 0.01880728611747 0.00180000000000 0.01959869109117 0.01784632351444 0.00830000000000 0.00770000000000 0.00310000000000 0.01993573828247 0.02922935264254 0.00210000000000 0.00540000000000 
0.01707988187861 0.01736128753189 0.01675222846888 0.01705316738800 0.01953199228268 0.01892475897725 0.01882317470887 0.01852047553030 0.00170000000000 0.00160000000000 0.00170000000000 0.00160000000000 0.00180000000000 0.00170000000000 0.00180000000000 0.00170000000000 0.02399965855127 0.02481161743404 0.02256858721920 0.02322709935928 0.03821723022587 0.04320811946831 0.03205559565611 0.03186828252286 0.01490671686368 0.00200000000000 0.00230000000000 0.00190000000000 0.01245611970286 0.00210000000000 0.00250000000000 0.00200000000000 
0.00220000000000 0.11510286310339 0.00520000000000 0.00690000000000 0.00130000000000 0.00190000000000 0.00120000000000 0.00150000000000 0.01699749886113 0.02298158025415 0.00860000000000 0.01754431455656 0.00150000000000 0.00240000000000 0.00130000000000 0.00180000000000 0.00200000000000 0.07181080826908 0.00180000000000 0.00710000000000 0.00130000000000 0.00180000000000 0.00120000000000 0.00150000000000 0.01701879112666 0.02654117602711 0.00920000000000 0.01744262264361 0.00140000000000 0.00220000000000 0.00130000000000 0.00170000000000 
0.01653780829075 0.01621140771238 0.00160000000000 0.00160000000000 0.01598828175859 0.01567456299840 0.00160000000000 0.00160000000000 0.01679871759852 0.01649588718643 0.00150000000000 0.00150000000000 0.01636985547535 0.01606505280136 0.00150000000000 0.00150000000000 0.00140000000000 0.00140000000000 0.00120000000000 0.00120000000000 0.00140000000000 0.00130000000000 0.00120000000000 0.00120000000000 0.00130000000000 0.00130000000000 0.00110000000000 0.00110000000000 0.00130000000000 0.00130000000000 0.00110000000000 0.00110000000000 
0.00150000000000 0.00170000000000 0.00150000000000 0.00190000000000 0.00170000000000 0.00690000000000 0.00180000000000 0.01482665794219 0.00160000000000 0.00200000000000 0.00170000000000 0.00240000000000 0.00190000000000 0.00690000000000 0.00210000000000 0.01463856566861 0.00110000000000 0.00120000000000 0.00110000000000 0.00120000000000 0.00110000000000 0.00120000000000 0.00120000000000 0.00120000000000 0.00110000000000 0.00120000000000 0.00120000000000 0.00120000000000 0.00120000000000 0.00120000000000 0.00120000000000 0.00130000000000 
0.01510903777581 0.00600000000000 0.02925259788166 0.01882023689586 0.00170000000000 0.00140000000000 0.01832792497457 0.01524785652123 0.01946004794247 0.01684979938512 0.04761445280581 0.02258435529574 0.01673421815345 0.01484975078657 0.02195416912028 0.01873251460127 0.01553783676398 0.00600000000000 0.03271051708878 0.01933835478543 0.00180000000000 0.00150000000000 0.01883816190686 0.01531097412215 0.02008310609504 0.01707935352208 0.06105068855581 0.02331104283731 0.01695399929306 0.01489199172257 0.02266525834633 0.01895561217053 
0.02865506146025 0.02921145436903 0.01394195999584 0.00190000000000 0.01828655805442 0.02814278970787 0.08240738866453 0.02464507772834 0.11190159065012 0.02494540793734 0.00210000000000 0.00170000000000 0.01824488684818 0.08425171767810 0.12972912312165 0.02182023496553 0.00190000000000 0.01750900639561 0.01807251344878 0.02227648189187 0.00160000000000 0.01546405912608 0.00800000000000 0.01996322286514 0.00220000000000 0.01766436196183 0.02077930743375 0.01925921608685 0.00170000000000 0.01534963130203 0.00800000000000 0.02081000948774 
0.01472080038125 0.00130000000000 0.00200000000000 0.00120000000000 0.01610005323954 0.00140000000000 0.00250000000000 0.00130000000000 0.00520000000000 0.00120000000000 0.00500000000000 0.00110000000000 0.00580000000000 0.00120000000000 0.00550000000000 0.00120000000000 0.02224958743730 0.00150000000000 0.01864188586069 0.00130000000000 0.02488144023718 0.00160000000000 0.02566450836374 0.00150000000000 0.00920000000000 0.00130000000000 0.00880000000000 0.00120000000000 0.01660208186066 0.00140000000000 0.01000000000000 0.00130000000000 
M_out
1 1 1 1 1 0 0 0 0 0 0 0 0 0 0 0 0 0 0 0 0 0 0 0 0 0 0 0 0 0 0 0 0 0 0 0 0 0 0 0 0 0 0 0 0 0 0 0 0 0 0 0 0 0 0 0 0 0 0 0 0 0 0 0 0 0 0 0 0 0 0 0 0 0 0 0 0 0 0 0 0 0 0 0 0 0 0 0 0 0 0 0 0 0 0 0 0 0 0 0 
0 1 1 1 1 1 0 0 0 0 0 0 0 0 0 0 0 0 0 0 0 0 0 0 0 0 0 0 0 0 0 0 0 0 0 0 0 0 0 0 0 0 0 0 0 0 0 0 0 0 0 0 0 0 0 0 0 0 0 0 0 0 0 0 0 0 0 0 0 0 0 0 0 0 0 0 0 0 0 0 0 0 0 0 0 0 0 0 0 0 0 0 0 0 0 0 0 0 0 0 
0 0 1 1 1 1 1 0 0 0 0 0 0 0 0 0 0 0 0 0 0 0 0 0 0 0 0 0 0 0 0 0 0 0 0 0 0 0 0 0 0 0 0 0 0 0 0 0 0 0 0 0 0 0 0 0 0 0 0 0 0 0 0 0 0 0 0 0 0 0 0 0 0 0 0 0 0 0 0 0 0 0 0 0 0 0 0 0 0 0 0 0 0 0 0 0 0 0 0 0 
0 0 0 1 1 1 1 1 0 0 0 0 0 0 0 0 0 0 0 0 0 0 0 0 0 0 0 0 0 0 0 0 0 0 0 0 0 0 0 0 0 0 0 0 0 0 0 0 0 0 0 0 0 0 0 0 0 0 0 0 0 0 0 0 0 0 0 0 0 0 0 0 0 0 0 0 0 0 0 0 0 0 0 0 0 0 0 0 0 0 0 0 0 0 0 0 0 0 0 0 
0 0 0 0 1 1 1 1 1 0 0 0 0 0 0 0 0 0 0 0 0 0 0 0 0 0 0 0 0 0 0 0 0 0 0 0 0 0 0 0 0 0 0 0 0 0 0 0 0 0 0 0 0 0 0 0 0 0 0 0 0 0 0 0 0 0 0 0 0 0 0 0 0 0 0 0 0 0 0 0 0 0 0 0 0 0 0 0 0 0 0 0 0 0 0 0 0 0 0 0 
0 0 0 0 0 1 1 1 1 1 0 0 0 0 0 0 0 0 0 0 0 0 0 0 0 0 0 0 0 0 0 0 0 0 0 0 0 0 0 0 0 0 0 0 0 0 0 0 0 0 0 0 0 0 0 0 0 0 0 0 0 0 0 0 0 0 0 0 0 0 0 0 0 0 0 0 0 0 0 0 0 0 0 0 0 0 0 0 0 0 0 0 0 0 0 0 0 0 0 0 
0 0 0 0 0 0 1 1 1 1 1 0 0 0 0 0 0 0 0 0 0 0 0 0 0 0 0 0 0 0 0 0 0 0 0 0 0 0 0 0 0 0 0 0 0 0 0 0 0 0 0 0 0 0 0 0 0 0 0 0 0 0 0 0 0 0 0 0 0 0 0 0 0 0 0 0 0 0 0 0 0 0 0 0 0 0 0 0 0 0 0 0 0 0 0 0 0 0 0 0 
0 0 0 0 0 0 0 1 1 1 1 1 0 0 0 0 0 0 0 0 0 0 0 0 0 0 0 0 0 0 0 0 0 0 0 0 0 0 0 0 0 0 0 0 0 0 0 0 0 0 0 0 0 0 0 0 0 0 0 0 0 0 0 0 0 0 0 0 0 0 0 0 0 0 0 0 0 0 0 0 0 0 0 0 0 0 0 0 0 0 0 0 0 0 0 0 0 0 0 0 
0 0 0 0 0 0 0 0 1 1 1 1 1 0 0 0 0 0 0 0 0 0 0 0 0 0 0 0 0 0 0 0 0 0 0 0 0 0 0 0 0 0 0 0 0 0 0 0 0 0 0 0 0 0 0 0 0 0 0 0 0 0 0 0 0 0 0 0 0 0 0 0 0 0 0 0 0 0 0 0 0 0 0 0 0 0 0 0 0 0 0 0 0 0 0 0 0 0 0 0 
0 0 0 0 0 0 0 0 0 1 1 1 1 1 0 0 0 0 0 0 0 0 0 0 0 0 0 0 0 0 0 0 0 0 0 0 0 0 0 0 0 0 0 0 0 0 0 0 0 0 0 0 0 0 0 0 0 0 0 0 0 0 0 0 0 0 0 0 0 0 0 0 0 0 0 0 0 0 0 0 0 0 0 0 0 0 0 0 0 0 0 0 0 0 0 0 0 0 0 0 
0 0 0 0 0 0 0 0 0 0 1 1 1 1 1 0 0 0 0 0 0 0 0 0 0 0 0 0 0 0 0 0 0 0 0 0 0 0 0 0 0 0 0 0 0 0 0 0 0 0 0 0 0 0 0 0 0 0 0 0 0 0 0 0 0 0 0 0 0 0 0 0 0 0 0 0 0 0 0 0 0 0 0 0 0 0 0 0 0 0 0 0 0 0 0 0 0 0 0 0 
0 0 0 0 0 0 0 0 0 0 0 1 1 1 1 1 0 0 0 0 0 0 0 0 0 0 0 0 0 0 0 0 0 0 0 0 0 0 0 0 0 0 0 0 0 0 0 0 0 0 0 0 0 0 0 0 0 0 0 0 0 0 0 0 0 0 0 0 0 0 0 0 0 0 0 0 0 0 0 0 0 0 0 0 0 0 0 0 0 0 0 0 0 0 0 0 0 0 0 0 
0 0 0 0 0 0 0 0 0 0 0 0 1 1 1 1 1 0 0 0 0 0 0 0 0 0 0 0 0 0 0 0 0 0 0 0 0 0 0 0 0 0 0 0 0 0 0 0 0 0 0 0 0 0 0 0 0 0 0 0 0 0 0 0 0 0 0 0 0 0 0 0 0 0 0 0 0 0 0 0 0 0 0 0 0 0 0 0 0 0 0 0 0 0 0 0 0 0 0 0 
0 0 0 0 0 0 0 0 0 0 0 0 0 1 1 1 1 1 0 0 0 0 0 0 0 0 0 0 0 0 0 0 0 0 0 0 0 0 0 0 0 0 0 0 0 0 0 0 0 0 0 0 0 0 0 0 0 0 0 0 0 0 0 0 0 0 0 0 0 0 0 0 0 0 0 0 0 0 0 0 0 0 0 0 0 0 0 0 0 0 0 0 0 0 0 0 0 0 0 0 
0 0 0 0 0 0 0 0 0 0 0 0 0 0 1 1 1 1 1 0 0 0 0 0 0 0 0 0 0 0 0 0 0 0 0 0 0 0 0 0 0 0 0 0 0 0 0 0 0 0 0 0 0 0 0 0 0 0 0 0 0 0 0 0 0 0 0 0 0 0 0 0 0 0 0 0 0 0 0 0 0 0 0 0 0 0 0 0 0 0 0 0 0 0 0 0 0 0 0 0 
0 0 0 0 0 0 0 0 0 0 0 0 0 0 0 1 1 1 1 1 0 0 0 0 0 0 0 0 0 0 0 0 0 0 0 0 0 0 0 0 0 0 0 0 0 0 0 0 0 0 0 0 0 0 0 0 0 0 0 0 0 0 0 0 0 0 0 0 0 0 0 0 0 0 0 0 0 0 0 0 0 0 0 0 0 0 0 0 0 0 0 0 0 0 0 0 0 0 0 0 
0 0 0 0 0 0 0 0 0 0 0 0 0 0 0 0 1 1 1 1 1 0 0 0 0 0 0 0 0 0 0 0 0 0 0 0 0 0 0 0 0 0 0 0 0 0 0 0 0 0 0 0 0 0 0 0 0 0 0 0 0 0 0 0 0 0 0 0 0 0 0 0 0 0 0 0 0 0 0 0 0 0 0 0 0 0 0 0 0 0 0 0 0 0 0 0 0 0 0 0 
0 0 0 0 0 0 0 0 0 0 0 0 0 0 0 0 0 1 1 1 1 1 0 0 0 0 0 0 0 0 0 0 0 0 0 0 0 0 0 0 0 0 0 0 0 0 0 0 0 0 0 0 0 0 0 0 0 0 0 0 0 0 0 0 0 0 0 0 0 0 0 0 0 0 0 0 0 0 0 0 0 0 0 0 0 0 0 0 0 0 0 0 0 0 0 0 0 0 0 0 
0 0 0 0 0 0 0 0 0 0 0 0 0 0 0 0 0 0 1 1 1 1 1 0 0 0 0 0 0 0 0 0 0 0 0 0 0 0 0 0 0 0 0 0 0 0 0 0 0 0 0 0 0 0 0 0 0 0 0 0 0 0 0 0 0 0 0 0 0 0 0 0 0 0 0 0 0 0 0 0 0 0 0 0 0 0 0 0 0 0 0 0 0 0 0 0 0 0 0 0 
0 0 0 0 0 0 0 0 0 0 0 0 0 0 0 0 0 0 0 1 1 1 1 1 0 0 0 0 0 0 0 0 0 0 0 0 0 0 0 0 0 0 0 0 0 0 0 0 0 0 0 0 0 0 0 0 0 0 0 0 0 0 0 0 0 0 0 0 0 0 0 0 0 0 0 0 0 0 0 0 0 0 0 0 0 0 0 0 0 0 0 0 0 0 0 0 0 0 0 0 
0 0 0 0 0 0 0 0 0 0 0 0 0 0 0 0 0 0 0 0 1 1 1 1 1 0 0 0 0 0 0 0 0 0 0 0 0 0 0 0 0 0 0 0 0 0 0 0 0 0 0 0 0 0 0 0 0 0 0 0 0 0 0 0 0 0 0 0 0 0 0 0 0 0 0 0 0 0 0 0 0 0 0 0 0 0 0 0 0 0 0 0 0 0 0 0 0 0 0 0 
0 0 0 0 0 0 0 0 0 0 0 0 0 0 0 0 0 0 0 0 0 1 1 1 1 1 0 0 0 0 0 0 0 0 0 0 0 0 0 0 0 0 0 0 0 0 0 0 0 0 0 0 0 0 0 0 0 0 0 0 0 0 0 0 0 0 0 0 0 0 0 0 0 0 0 0 0 0 0 0 0 0 0 0 0 0 0 0 0 0 0 0 0 0 0 0 0 0 0 0 
0 0 0 0 0 0 0 0 0 0 0 0 0 0 0 0 0 0 0 0 0 0 1 1 1 1 1 0 0 0 0 0 0 0 0 0 0 0 0 0 0 0 0 0 0 0 0 0 0 0 0 0 0 0 0 0 0 0 0 0 0 0 0 0 0 0 0 0 0 0 0 0 0 0 0 0 0 0 0 0 0 0 0 0 0 0 0 0 0 0 0 0 0 0 0 0 0 0 0 0 
0 0 0 0 0 0 0 0 0 0 0 0 0 0 0 0 0 0 0 0 0 0 0 1 1 1 1 1 0 0 0 0 0 0 0 0 0 0 0 0 0 0 0 0 0 0 0 0 0 0 0 0 0 0 0 0 0 0 0 0 0 0 0 0 0 0 0 0 0 0 0 0 0 0 0 0 0 0 0 0 0 0 0 0 0 0 0 0 0 0 0 0 0 0 0 0 0 0 0 0 
0 0 0 0 0 0 0 0 0 0 0 0 0 0 0 0 0 0 0 0 0 0 0 0 1 1 1 1 1 0 0 0 0 0 0 0 0 0 0 0 0 0 0 0 0 0 0 0 0 0 0 0 0 0 0 0 0 0 0 0 0 0 0 0 0 0 0 0 0 0 0 0 0 0 0 0 0 0 0 0 0 0 0 0 0 0 0 0 0 0 0 0 0 0 0 0 0 0 0 0 
0 0 0 0 0 0 0 0 0 0 0 0 0 0 0 0 0 0 0 0 0 0 0 0 0 1 1 1 1 1 0 0 0 0 0 0 0 0 0 0 0 0 0 0 0 0 0 0 0 0 0 0 0 0 0 0 0 0 0 0 0 0 0 0 0 0 0 0 0 0 0 0 0 0 0 0 0 0 0 0 0 0 0 0 0 0 0 0 0 0 0 0 0 0 0 0 0 0 0 0 
0 0 0 0 0 0 0 0 0 0 0 0 0 0 0 0 0 0 0 0 0 0 0 0 0 0 1 1 1 1 1 0 0 0 0 0 0 0 0 0 0 0 0 0 0 0 0 0 0 0 0 0 0 0 0 0 0 0 0 0 0 0 0 0 0 0 0 0 0 0 0 0 0 0 0 0 0 0 0 0 0 0 0 0 0 0 0 0 0 0 0 0 0 0 0 0 0 0 0 0 
0 0 0 0 0 0 0 0 0 0 0 0 0 0 0 0 0 0 0 0 0 0 0 0 0 0 0 1 1 1 1 1 0 0 0 0 0 0 0 0 0 0 0 0 0 0 0 0 0 0 0 0 0 0 0 0 0 0 0 0 0 0 0 0 0 0 0 0 0 0 0 0 0 0 0 0 0 0 0 0 0 0 0 0 0 0 0 0 0 0 0 0 0 0 0 0 0 0 0 0 
0 0 0 0 0 0 0 0 0 0 0 0 0 0 0 0 0 0 0 0 0 0 0 0 0 0 0 0 1 1 1 1 1 0 0 0 0 0 0 0 0 0 0 0 0 0 0 0 0 0 0 0 0 0 0 0 0 0 0 0 0 0 0 0 0 0 0 0 0 0 0 0 0 0 0 0 0 0 0 0 0 0 0 0 0 0 0 0 0 0 0 0 0 0 0 0 0 0 0 0 
0 0 0 0 0 0 0 0 0 0 0 0 0 0 0 0 0 0 0 0 0 0 0 0 0 0 0 0 0 1 1 1 1 1 0 0 0 0 0 0 0 0 0 0 0 0 0 0 0 0 0 0 0 0 0 0 0 0 0 0 0 0 0 0 0 0 0 0 0 0 0 0 0 0 0 0 0 0 0 0 0 0 0 0 0 0 0 0 0 0 0 0 0 0 0 0 0 0 0 0 
0 0 0 0 0 0 0 0 0 0 0 0 0 0 0 0 0 0 0 0 0 0 0 0 0 0 0 0 0 0 1 1 1 1 1 0 0 0 0 0 0 0 0 0 0 0 0 0 0 0 0 0 0 0 0 0 0 0 0 0 0 0 0 0 0 0 0 0 0 0 0 0 0 0 0 0 0 0 0 0 0 0 0 0 0 0 0 0 0 0 0 0 0 0 0 0 0 0 0 0 
0 0 0 0 0 0 0 0 0 0 0 0 0 0 0 0 0 0 0 0 0 0 0 0 0 0 0 0 0 0 0 1 1 1 1 1 0 0 0 0 0 0 0 0 0 0 0 0 0 0 0 0 0 0 0 0 0 0 0 0 0 0 0 0 0 0 0 0 0 0 0 0 0 0 0 0 0 0 0 0 0 0 0 0 0 0 0 0 0 0 0 0 0 0 0 0 0 0 0 0 
0 0 0 0 0 0 0 0 0 0 0 0 0 0 0 0 0 0 0 0 0 0 0 0 0 0 0 0 0 0 0 0 1 1 1 1 1 0 0 0 0 0 0 0 0 0 0 0 0 0 0 0 0 0 0 0 0 0 0 0 0 0 0 0 0 0 0 0 0 0 0 0 0 0 0 0 0 0 0 0 0 0 0 0 0 0 0 0 0 0 0 0 0 0 0 0 0 0 0 0 
0 0 0 0 0 0 0 0 0 0 0 0 0 0 0 0 0 0 0 0 0 0 0 0 0 0 0 0 0 0 0 0 0 1 1 1 1 1 0 0 0 0 0 0 0 0 0 0 0 0 0 0 0 0 0 0 0 0 0 0 0 0 0 0 0 0 0 0 0 0 0 0 0 0 0 0 0 0 0 0 0 0 0 0 0 0 0 0 0 0 0 0 0 0 0 0 0 0 0 0 
0 0 0 0 0 0 0 0 0 0 0 0 0 0 0 0 0 0 0 0 0 0 0 0 0 0 0 0 0 0 0 0 0 0 1 1 1 1 1 0 0 0 0 0 0 0 0 0 0 0 0 0 0 0 0 0 0 0 0 0 0 0 0 0 0 0 0 0 0 0 0 0 0 0 0 0 0 0 0 0 0 0 0 0 0 0 0 0 0 0 0 0 0 0 0 0 0 0 0 0 
0 0 0 0 0 0 0 0 0 0 0 0 0 0 0 0 0 0 0 0 0 0 0 0 0 0 0 0 0 0 0 0 0 0 0 1 1 1 1 1 0 0 0 0 0 0 0 0 0 0 0 0 0 0 0 0 0 0 0 0 0 0 0 0 0 0 0 0 0 0 0 0 0 0 0 0 0 0 0 0 0 0 0 0 0 0 0 0 0 0 0 0 0 0 0 0 0 0 0 0 
0 0 0 0 0 0 0 0 0 0 0 0 0 0 0 0 0 0 0 0 0 0 0 0 0 0 0 0 0 0 0 0 0 0 0 0 1 1 1 1 1 0 0 0 0 0 0 0 0 0 0 0 0 0 0 0 0 0 0 0 0 0 0 0 0 0 0 0 0 0 0 0 0 0 0 0 0 0 0 0 0 0 0 0 0 0 0 0 0 0 0 0 0 0 0 0 0 0 0 0 
0 0 0 0 0 0 0 0 0 0 0 0 0 0 0 0 0 0 0 0 0 0 0 0 0 0 0 0 0 0 0 0 0 0 0 0 0 1 1 1 1 1 0 0 0 0 0 0 0 0 0 0 0 0 0 0 0 0 0 0 0 0 0 0 0 0 0 0 0 0 0 0 0 0 0 0 0 0 0 0 0 0 0 0 0 0 0 0 0 0 0 0 0 0 0 0 0 0 0 0 
0 0 0 0 0 0 0 0 0 0 0 0 0 0 0 0 0 0 0 0 0 0 0 0 0 0 0 0 0 0 0 0 0 0 0 0 0 0 1 1 1 1 1 0 0 0 0 0 0 0 0 0 0 0 0 0 0 0 0 0 0 0 0 0 0 0 0 0 0 0 0 0 0 0 0 0 0 0 0 0 0 0 0 0 0 0 0 0 0 0 0 0 0 0 0 0 0 0 0 0 
0 0 0 0 0 0 0 0 0 0 0 0 0 0 0 0 0 0 0 0 0 0 0 0 0 0 0 0 0 0 0 0 0 0 0 0 0 0 0 1 1 1 1 1 0 0 0 0 0 0 0 0 0 0 0 0 0 0 0 0 0 0 0 0 0 0 0 0 0 0 0 0 0 0 0 0 0 0 0 0 0 0 0 0 0 0 0 0 0 0 0 0 0 0 0 0 0 0 0 0 
0 0 0 0 0 0 0 0 0 0 0 0 0 0 0 0 0 0 0 0 0 0 0 0 0 0 0 0 0 0 0 0 0 0 0 0 0 0 0 0 1 1 1 1 1 0 0 0 0 0 0 0 0 0 0 0 0 0 0 0 0 0 0 0 0 0 0 0 0 0 0 0 0 0 0 0 0 0 0 0 0 0 0 0 0 0 0 0 0 0 0 0 0 0 0 0 0 0 0 0 
0 0 0 0 0 0 0 0 0 0 0 0 0 0 0 0 0 0 0 0 0 0 0 0 0 0 0 0 0 0 0 0 0 0 0 0 0 0 0 0 0 1 1 1 1 1 0 0 0 0 0 0 0 0 0 0 0 0 0 0 0 0 0 0 0 0 0 0 0 0 0 0 0 0 0 0 0 0 0 0 0 0 0 0 0 0 0 0 0 0 0 0 0 0 0 0 0 0 0 0 
0 0 0 0 0 0 0 0 0 0 0 0 0 0 0 0 0 0 0 0 0 0 0 0 0 0 0 0 0 0 0 0 0 0 0 0 0 0 0 0 0 0 1 1 1 1 1 0 0 0 0 0 0 0 0 0 0 0 0 0 0 0 0 0 0 0 0 0 0 0 0 0 0 0 0 0 0 0 0 0 0 0 0 0 0 0 0 0 0 0 0 0 0 0 0 0 0 0 0 0 
0 0 0 0 0 0 0 0 0 0 0 0 0 0 0 0 0 0 0 0 0 0 0 0 0 0 0 0 0 0 0 0 0 0 0 0 0 0 0 0 0 0 0 1 1 1 1 1 0 0 0 0 0 0 0 0 0 0 0 0 0 0 0 0 0 0 0 0 0 0 0 0 0 0 0 0 0 0 0 0 0 0 0 0 0 0 0 0 0 0 0 0 0 0 0 0 0 0 0 0 
0 0 0 0 0 0 0 0 0 0 0 0 0 0 0 0 0 0 0 0 0 0 0 0 0 0 0 0 0 0 0 0 0 0 0 0 0 0 0 0 0 0 0 0 1 1 1 1 1 0 0 0 0 0 0 0 0 0 0 0 0 0 0 0 0 0 0 0 0 0 0 0 0 0 0 0 0 0 0 0 0 0 0 0 0 0 0 0 0 0 0 0 0 0 0 0 0 0 0 0 
0 0 0 0 0 0 0 0 0 0 0 0 0 0 0 0 0 0 0 0 0 0 0 0 0 0 0 0 0 0 0 0 0 0 0 0 0 0 0 0 0 0 0 0 0 1 1 1 1 1 0 0 0 0 0 0 0 0 0 0 0 0 0 0 0 0 0 0 0 0 0 0 0 0 0 0 0 0 0 0 0 0 0 0 0 0 0 0 0 0 0 0 0 0 0 0 0 0 0 0 
0 0 0 0 0 0 0 0 0 0 0 0 0 0 0 0 0 0 0 0 0 0 0 0 0 0 0 0 0 0 0 0 0 0 0 0 0 0 0 0 0 0 0 0 0 0 1 1 1 1 1 0 0 0 0 0 0 0 0 0 0 0 0 0 0 0 0 0 0 0 0 0 0 0 0 0 0 0 0 0 0 0 0 0 0 0 0 0 0 0 0 0 0 0 0 0 0 0 0 0 
0 0 0 0 0 0 0 0 0 0 0 0 0 0 0 0 0 0 0 0 0 0 0 0 0 0 0 0 0 0 0 0 0 0 0 0 0 0 0 0 0 0 0 0 0 0 0 1 1 1 1 1 0 0 0 0 0 0 0 0 0 0 0 0 0 0 0 0 0 0 0 0 0 0 0 0 0 0 0 0 0 0 0 0 0 0 0 0 0 0 0 0 0 0 0 0 0 0 0 0 
0 0 0 0 0 0 0 0 0 0 0 0 0 0 0 0 0 0 0 0 0 0 0 0 0 0 0 0 0 0 0 0 0 0 0 0 0 0 0 0 0 0 0 0 0 0 0 0 1 1 1 1 1 0 0 0 0 0 0 0 0 0 0 0 0 0 0 0 0 0 0 0 0 0 0 0 0 0 0 0 0 0 0 0 0 0 0 0 0 0 0 0 0 0 0 0 0 0 0 0 
0 0 0 0 0 0 0 0 0 0 0 0 0 0 0 0 0 0 0 0 0 0 0 0 0 0 0 0 0 0 0 0 0 0 0 0 0 0 0 0 0 0 0 0 0 0 0 0 0 1 1 1 1 1 0 0 0 0 0 0 0 0 0 0 0 0 0 0 0 0 0 0 0 0 0 0 0 0 0 0 0 0 0 0 0 0 0 0 0 0 0 0 0 0 0 0 0 0 0 0 
0 0 0 0 0 0 0 0 0 0 0 0 0 0 0 0 0 0 0 0 0 0 0 0 0 0 0 0 0 0 0 0 0 0 0 0 0 0 0 0 0 0 0 0 0 0 0 0 0 0 1 1 1 1 1 0 0 0 0 0 0 0 0 0 0 0 0 0 0 0 0 0 0 0 0 0 0 0 0 0 0 0 0 0 0 0 0 0 0 0 0 0 0 0 0 0 0 0 0 0 
0 0 0 0 0 0 0 0 0 0 0 0 0 0 0 0 0 0 0 0 0 0 0 0 0 0 0 0 0 0 0 0 0 0 0 0 0 0 0 0 0 0 0 0 0 0 0 0 0 0 0 1 1 1 1 1 0 0 0 0 0 0 0 0 0 0 0 0 0 0 0 0 0 0 0 0 0 0 0 0 0 0 0 0 0 0 0 0 0 0 0 0 0 0 0 0 0 0 0 0 
0 0 0 0 0 0 0 0 0 0 0 0 0 0 0 0 0 0 0 0 0 0 0 0 0 0 0 0 0 0 0 0 0 0 0 0 0 0 0 0 0 0 0 0 0 0 0 0 0 0 0 0 1 1 1 1 1 0 0 0 0 0 0 0 0 0 0 0 0 0 0 0 0 0 0 0 0 0 0 0 0 0 0 0 0 0 0 0 0 0 0 0 0 0 0 0 0 0 0 0 
0 0 0 0 0 0 0 0 0 0 0 0 0 0 0 0 0 0 0 0 0 0 0 0 0 0 0 0 0 0 0 0 0 0 0 0 0 0 0 0 0 0 0 0 0 0 0 0 0 0 0 0 0 1 1 1 1 1 0 0 0 0 0 0 0 0 0 0 0 0 0 0 0 0 0 0 0 0 0 0 0 0 0 0 0 0 0 0 0 0 0 0 0 0 0 0 0 0 0 0 
0 0 0 0 0 0 0 0 0 0 0 0 0 0 0 0 0 0 0 0 0 0 0 0 0 0 0 0 0 0 0 0 0 0 0 0 0 0 0 0 0 0 0 0 0 0 0 0 0 0 0 0 0 0 1 1 1 1 1 0 0 0 0 0 0 0 0 0 0 0 0 0 0 0 0 0 0 0 0 0 0 0 0 0 0 0 0 0 0 0 0 0 0 0 0 0 0 0 0 0 
0 0 0 0 0 0 0 0 0 0 0 0 0 0 0 0 0 0 0 0 0 0 0 0 0 0 0 0 0 0 0 0 0 0 0 0 0 0 0 0 0 0 0 0 0 0 0 0 0 0 0 0 0 0 0 1 1 1 1 1 0 0 0 0 0 0 0 0 0 0 0 0 0 0 0 0 0 0 0 0 0 0 0 0 0 0 0 0 0 0 0 0 0 0 0 0 0 0 0 0 
0 0 0 0 0 0 0 0 0 0 0 0 0 0 0 0 0 0 0 0 0 0 0 0 0 0 0 0 0 0 0 0 0 0 0 0 0 0 0 0 0 0 0 0 0 0 0 0 0 0 0 0 0 0 0 0 1 1 1 1 1 0 0 0 0 0 0 0 0 0 0 0 0 0 0 0 0 0 0 0 0 0 0 0 0 0 0 0 0 0 0 0 0 0 0 0 0 0 0 0 
0 0 0 0 0 0 0 0 0 0 0 0 0 0 0 0 0 0 0 0 0 0 0 0 0 0 0 0 0 0 0 0 0 0 0 0 0 0 0 0 0 0 0 0 0 0 0 0 0 0 0 0 0 0 0 0 0 1 1 1 1 1 0 0 0 0 0 0 0 0 0 0 0 0 0 0 0 0 0 0 0 0 0 0 0 0 0 0 0 0 0 0 0 0 0 0 0 0 0 0 
0 0 0 0 0 0 0 0 0 0 0 0 0 0 0 0 0 0 0 0 0 0 0 0 0 0 0 0 0 0 0 0 0 0 0 0 0 0 0 0 0 0 0 0 0 0 0 0 0 0 0 0 0 0 0 0 0 0 1 1 1 1 1 0 0 0 0 0 0 0 0 0 0 0 0 0 0 0 0 0 0 0 0 0 0 0 0 0 0 0 0 0 0 0 0 0 0 0 0 0 
0 0 0 0 0 0 0 0 0 0 0 0 0 0 0 0 0 0 0 0 0 0 0 0 0 0 0 0 0 0 0 0 0 0 0 0 0 0 0 0 0 0 0 0 0 0 0 0 0 0 0 0 0 0 0 0 0 0 0 1 1 1 1 1 0 0 0 0 0 0 0 0 0 0 0 0 0 0 0 0 0 0 0 0 0 0 0 0 0 0 0 0 0 0 0 0 0 0 0 0 
0 0 0 0 0 0 0 0 0 0 0 0 0 0 0 0 0 0 0 0 0 0 0 0 0 0 0 0 0 0 0 0 0 0 0 0 0 0 0 0 0 0 0 0 0 0 0 0 0 0 0 0 0 0 0 0 0 0 0 0 1 1 1 1 1 0 0 0 0 0 0 0 0 0 0 0 0 0 0 0 0 0 0 0 0 0 0 0 0 0 0 0 0 0 0 0 0 0 0 0 
0 0 0 0 0 0 0 0 0 0 0 0 0 0 0 0 0 0 0 0 0 0 0 0 0 0 0 0 0 0 0 0 0 0 0 0 0 0 0 0 0 0 0 0 0 0 0 0 0 0 0 0 0 0 0 0 0 0 0 0 0 1 1 1 1 1 0 0 0 0 0 0 0 0 0 0 0 0 0 0 0 0 0 0 0 0 0 0 0 0 0 0 0 0 0 0 0 0 0 0 
0 0 0 0 0 0 0 0 0 0 0 0 0 0 0 0 0 0 0 0 0 0 0 0 0 0 0 0 0 0 0 0 0 0 0 0 0 0 0 0 0 0 0 0 0 0 0 0 0 0 0 0 0 0 0 0 0 0 0 0 0 0 1 1 1 1 1 0 0 0 0 0 0 0 0 0 0 0 0 0 0 0 0 0 0 0 0 0 0 0 0 0 0 0 0 0 0 0 0 0 
0 0 0 0 0 0 0 0 0 0 0 0 0 0 0 0 0 0 0 0 0 0 0 0 0 0 0 0 0 0 0 0 0 0 0 0 0 0 0 0 0 0 0 0 0 0 0 0 0 0 0 0 0 0 0 0 0 0 0 0 0 0 0 1 1 1 1 1 0 0 0 0 0 0 0 0 0 0 0 0 0 0 0 0 0 0 0 0 0 0 0 0 0 0 0 0 0 0 0 0 
0 0 0 0 0 0 0 0 0 0 0 0 0 0 0 0 0 0 0 0 0 0 0 0 0 0 0 0 0 0 0 0 0 0 0 0 0 0 0 0 0 0 0 0 0 0 0 0 0 0 0 0 0 0 0 0 0 0 0 0 0 0 0 0 1 1 1 1 1 0 0 0 0 0 0 0 0 0 0 0 0 0 0 0 0 0 0 0 0 0 0 0 0 0 0 0 0 0 0 0 
0 0 0 0 0 0 0 0 0 0 0 0 0 0 0 0 0 0 0 0 0 0 0 0 0 0 0 0 0 0 0 0 0 0 0 0 0 0 0 0 0 0 0 0 0 0 0 0 0 0 0 0 0 0 0 0 0 0 0 0 0 0 0 0 0 1 1 1 1 1 0 0 0 0 0 0 0 0 0 0 0 0 0 0 0 0 0 0 0 0 0 0 0 0 0 0 0 0 0 0 
0 0 0 0 0 0 0 0 0 0 0 0 0 0 0 0 0 0 0 0 0 0 0 0 0 0 0 0 0 0 0 0 0 0 0 0 0 0 0 0 0 0 0 0 0 0 0 0 0 0 0 0 0 0 0 0 0 0 0 0 0 0 0 0 0 0 1 1 1 1 1 0 0 0 0 0 0 0 0 0 0 0 0 0 0 0 0 0 0 0 0 0 0 0 0 0 0 0 0 0 
0 0 0 0 0 0 0 0 0 0 0 0 0 0 0 0 0 0 0 0 0 0 0 0 0 0 0 0 0 0 0 0 0 0 0 0 0 0 0 0 0 0 0 0 0 0 0 0 0 0 0 0 0 0 0 0 0 0 0 0 0 0 0 0 0 0 0 1 1 1 1 1 0 0 0 0 0 0 0 0 0 0 0 0 0 0 0 0 0 0 0 0 0 0 0 0 0 0 0 0 
0 0 0 0 0 0 0 0 0 0 0 0 0 0 0 0 0 0 0 0 0 0 0 0 0 0 0 0 0 0 0 0 0 0 0 0 0 0 0 0 0 0 0 0 0 0 0 0 0 0 0 0 0 0 0 0 0 0 0 0 0 0 0 0 0 0 0 0 1 1 1 1 1 0 0 0 0 0 0 0 0 0 0 0 0 0 0 0 0 0 0 0 0 0 0 0 0 0 0 0 
0 0 0 0 0 0 0 0 0 0 0 0 0 0 0 0 0 0 0 0 0 0 0 0 0 0 0 0 0 0 0 0 0 0 0 0 0 0 0 0 0 0 0 0 0 0 0 0 0 0 0 0 0 0 0 0 0 0 0 0 0 0 0 0 0 0 0 0 0 1 1 1 1 1 0 0 0 0 0 0 0 0 0 0 0 0 0 0 0 0 0 0 0 0 0 0 0 0 0 0 
0 0 0 0 0 0 0 0 0 0 0 0 0 0 0 0 0 0 0 0 0 0 0 0 0 0 0 0 0 0 0 0 0 0 0 0 0 0 0 0 0 0 0 0 0 0 0 0 0 0 0 0 0 0 0 0 0 0 0 0 0 0 0 0 0 0 0 0 0 0 1 1 1 1 1 0 0 0 0 0 0 0 0 0 0 0 0 0 0 0 0 0 0 0 0 0 0 0 0 0 
0 0 0 0 0 0 0 0 0 0 0 0 0 0 0 0 0 0 0 0 0 0 0 0 0 0 0 0 0 0 0 0 0 0 0 0 0 0 0 0 0 0 0 0 0 0 0 0 0 0 0 0 0 0 0 0 0 0 0 0 0 0 0 0 0 0 0 0 0 0 0 1 1 1 1 1 0 0 0 0 0 0 0 0 0 0 0 0 0 0 0 0 0 0 0 0 0 0 0 0 
0 0 0 0 0 0 0 0 0 0 0 0 0 0 0 0 0 0 0 0 0 0 0 0 0 0 0 0 0 0 0 0 0 0 0 0 0 0 0 0 0 0 0 0 0 0 0 0 0 0 0 0 0 0 0 0 0 0 0 0 0 0 0 0 0 0 0 0 0 0 0 0 1 1 1 1 1 0 0 0 0 0 0 0 0 0 0 0 0 0 0 0 0 0 0 0 0 0 0 0 
0 0 0 0 0 0 0 0 0 0 0 0 0 0 0 0 0 0 0 0 0 0 0 0 0 0 0 0 0 0 0 0 0 0 0 0 0 0 0 0 0 0 0 0 0 0 0 0 0 0 0 0 0 0 0 0 0 0 0 0 0 0 0 0 0 0 0 0 0 0 0 0 0 1 1 1 1 1 0 0 0 0 0 0 0 0 0 0 0 0 0 0 0 0 0 0 0 0 0 0 
0 0 0 0 0 0 0 0 0 0 0 0 0 0 0 0 0 0 0 0 0 0 0 0 0 0 0 0 0 0 0 0 0 0 0 0 0 0 0 0 0 0 0 0 0 0 0 0 0 0 0 0 0 0 0 0 0 0 0 0 0 0 0 0 0 0 0 0 0 0 0 0 0 0 1 1 1 1 1 0 0 0 0 0 0 0 0 0 0 0 0 0 0 0 0 0 0 0 0 0 
0 0 0 0 0 0 0 0 0 0 0 0 0 0 0 0 0 0 0 0 0 0 0 0 0 0 0 0 0 0 0 0 0 0 0 0 0 0 0 0 0 0 0 0 0 0 0 0 0 0 0 0 0 0 0 0 0 0 0 0 0 0 0 0 0 0 0 0 0 0 0 0 0 0 0 1 1 1 1 1 0 0 0 0 0 0 0 0 0 0 0 0 0 0 0 0 0 0 0 0 
0 0 0 0 0 0 0 0 0 0 0 0 0 0 0 0 0 0 0 0 0 0 0 0 0 0 0 0 0 0 0 0 0 0 0 0 0 0 0 0 0 0 0 0 0 0 0 0 0 0 0 0 0 0 0 0 0 0 0 0 0 0 0 0 0 0 0 0 0 0 0 0 0 0 0 0 1 1 1 1 1 0 0 0 0 0 0 0 0 0 0 0 0 0 0 0 0 0 0 0 
0 0 0 0 0 0 0 0 0 0 0 0 0 0 0 0 0 0 0 0 0 0 0 0 0 0 0 0 0 0 0 0 0 0 0 0 0 0 0 0 0 0 0 0 0 0 0 0 0 0 0 0 0 0 0 0 0 0 0 0 0 0 0 0 0 0 0 0 0 0 0 0 0 0 0 0 0 1 1 1 1 1 0 0 0 0 0 0 0 0 0 0 0 0 0 0 0 0 0 0 
0 0 0 0 0 0 0 0 0 0 0 0 0 0 0 0 0 0 0 0 0 0 0 0 0 0 0 0 0 0 0 0 0 0 0 0 0 0 0 0 0 0 0 0 0 0 0 0 0 0 0 0 0 0 0 0 0 0 0 0 0 0 0 0 0 0 0 0 0 0 0 0 0 0 0 0 0 0 1 1 1 1 1 0 0 0 0 0 0 0 0 0 0 0 0 0 0 0 0 0 
0 0 0 0 0 0 0 0 0 0 0 0 0 0 0 0 0 0 0 0 0 0 0 0 0 0 0 0 0 0 0 0 0 0 0 0 0 0 0 0 0 0 0 0 0 0 0 0 0 0 0 0 0 0 0 0 0 0 0 0 0 0 0 0 0 0 0 0 0 0 0 0 0 0 0 0 0 0 0 1 1 1 1 1 0 0 0 0 0 0 0 0 0 0 0 0 0 0 0 0 
0 0 0 0 0 0 0 0 0 0 0 0 0 0 0 0 0 0 0 0 0 0 0 0 0 0 0 0 0 0 0 0 0 0 0 0 0 0 0 0 0 0 0 0 0 0 0 0 0 0 0 0 0 0 0 0 0 0 0 0 0 0 0 0 0 0 0 0 0 0 0 0 0 0 0 0 0 0 0 0 1 1 1 1 1 0 0 0 0 0 0 0 0 0 0 0 0 0 0 0 
0 0 0 0 0 0 0 0 0 0 0 0 0 0 0 0 0 0 0 0 0 0 0 0 0 0 0 0 0 0 0 0 0 0 0 0 0 0 0 0 0 0 0 0 0 0 0 0 0 0 0 0 0 0 0 0 0 0 0 0 0 0 0 0 0 0 0 0 0 0 0 0 0 0 0 0 0 0 0 0 0 1 1 1 1 1 0 0 0 0 0 0 0 0 0 0 0 0 0 0 
0 0 0 0 0 0 0 0 0 0 0 0 0 0 0 0 0 0 0 0 0 0 0 0 0 0 0 0 0 0 0 0 0 0 0 0 0 0 0 0 0 0 0 0 0 0 0 0 0 0 0 0 0 0 0 0 0 0 0 0 0 0 0 0 0 0 0 0 0 0 0 0 0 0 0 0 0 0 0 0 0 0 1 1 1 1 1 0 0 0 0 0 0 0 0 0 0 0 0 0 
0 0 0 0 0 0 0 0 0 0 0 0 0 0 0 0 0 0 0 0 0 0 0 0 0 0 0 0 0 0 0 0 0 0 0 0 0 0 0 0 0 0 0 0 0 0 0 0 0 0 0 0 0 0 0 0 0 0 0 0 0 0 0 0 0 0 0 0 0 0 0 0 0 0 0 0 0 0 0 0 0 0 0 1 1 1 1 1 0 0 0 0 0 0 0 0 0 0 0 0 
0 0 0 0 0 0 0 0 0 0 0 0 0 0 0 0 0 0 0 0 0 0 0 0 0 0 0 0 0 0 0 0 0 0 0 0 0 0 0 0 0 0 0 0 0 0 0 0 0 0 0 0 0 0 0 0 0 0 0 0 0 0 0 0 0 0 0 0 0 0 0 0 0 0 0 0 0 0 0 0 0 0 0 0 1 1 1 1 1 0 0 0 0 0 0 0 0 0 0 0 
0 0 0 0 0 0 0 0 0 0 0 0 0 0 0 0 0 0 0 0 0 0 0 0 0 0 0 0 0 0 0 0 0 0 0 0 0 0 0 0 0 0 0 0 0 0 0 0 0 0 0 0 0 0 0 0 0 0 0 0 0 0 0 0 0 0 0 0 0 0 0 0 0 0 0 0 0 0 0 0 0 0 0 0 0 1 1 1 1 1 0 0 0 0 0 0 0 0 0 0 
0 0 0 0 0 0 0 0 0 0 0 0 0 0 0 0 0 0 0 0 0 0 0 0 0 0 0 0 0 0 0 0 0 0 0 0 0 0 0 0 0 0 0 0 0 0 0 0 0 0 0 0 0 0 0 0 0 0 0 0 0 0 0 0 0 0 0 0 0 0 0 0 0 0 0 0 0 0 0 0 0 0 0 0 0 0 1 1 1 1 1 0 0 0 0 0 0 0 0 0 
0 0 0 0 0 0 0 0 0 0 0 0 0 0 0 0 0 0 0 0 0 0 0 0 0 0 0 0 0 0 0 0 0 0 0 0 0 0 0 0 0 0 0 0 0 0 0 0 0 0 0 0 0 0 0 0 0 0 0 0 0 0 0 0 0 0 0 0 0 0 0 0 0 0 0 0 0 0 0 0 0 0 0 0 0 0 0 1 1 1 1 1 0 0 0 0 0 0 0 0 
0 0 0 0 0 0 0 0 0 0 0 0 0 0 0 0 0 0 0 0 0 0 0 0 0 0 0 0 0 0 0 0 0 0 0 0 0 0 0 0 0 0 0 0 0 0 0 0 0 0 0 0 0 0 0 0 0 0 0 0 0 0 0 0 0 0 0 0 0 0 0 0 0 0 0 0 0 0 0 0 0 0 0 0 0 0 0 0 1 1 1 1 1 0 0 0 0 0 0 0 
0 0 0 0 0 0 0 0 0 0 0 0 0 0 0 0 0 0 0 0 0 0 0 0 0 0 0 0 0 0 0 0 0 0 0 0 0 0 0 0 0 0 0 0 0 0 0 0 0 0 0 0 0 0 0 0 0 0 0 0 0 0 0 0 0 0 0 0 0 0 0 0 0 0 0 0 0 0 0 0 0 0 0 0 0 0 0 0 0 1 1 1 1 1 0 0 0 0 0 0 
0 0 0 0 0 0 0 0 0 0 0 0 0 0 0 0 0 0 0 0 0 0 0 0 0 0 0 0 0 0 0 0 0 0 0 0 0 0 0 0 0 0 0 0 0 0 0 0 0 0 0 0 0 0 0 0 0 0 0 0 0 0 0 0 0 0 0 0 0 0 0 0 0 0 0 0 0 0 0 0 0 0 0 0 0 0 0 0 0 0 1 1 1 1 1 0 0 0 0 0 
0 0 0 0 0 0 0 0 0 0 0 0 0 0 0 0 0 0 0 0 0 0 0 0 0 0 0 0 0 0 0 0 0 0 0 0 0 0 0 0 0 0 0 0 0 0 0 0 0 0 0 0 0 0 0 0 0 0 0 0 0 0 0 0 0 0 0 0 0 0 0 0 0 0 0 0 0 0 0 0 0 0 0 0 0 0 0 0 0 0 0 1 1 1 1 1 0 0 0 0 
0 0 0 0 0 0 0 0 0 0 0 0 0 0 0 0 0 0 0 0 0 0 0 0 0 0 0 0 0 0 0 0 0 0 0 0 0 0 0 0 0 0 0 0 0 0 0 0 0 0 0 0 0 0 0 0 0 0 0 0 0 0 0 0 0 0 0 0 0 0 0 0 0 0 0 0 0 0 0 0 0 0 0 0 0 0 0 0 0 0 0 0 1 1 1 1 1 0 0 0 
0 0 0 0 0 0 0 0 0 0 0 0 0 0 0 0 0 0 0 0 0 0 0 0 0 0 0 0 0 0 0 0 0 0 0 0 0 0 0 0 0 0 0 0 0 0 0 0 0 0 0 0 0 0 0 0 0 0 0 0 0 0 0 0 0 0 0 0 0 0 0 0 0 0 0 0 0 0 0 0 0 0 0 0 0 0 0 0 0 0 0 0 0 1 1 1 1 1 0 0 
0 0 0 0 0 0 0 0 0 0 0 0 0 0 0 0 0 0 0 0 0 0 0 0 0 0 0 0 0 0 0 0 0 0 0 0 0 0 0 0 0 0 0 0 0 0 0 0 0 0 0 0 0 0 0 0 0 0 0 0 0 0 0 0 0 0 0 0 0 0 0 0 0 0 0 0 0 0 0 0 0 0 0 0 0 0 0 0 0 0 0 0 0 0 1 1 1 1 1 0 
0 0 0 0 0 0 0 0 0 0 0 0 0 0 0 0 0 0 0 0 0 0 0 0 0 0 0 0 0 0 0 0 0 0 0 0 0 0 0 0 0 0 0 0 0 0 0 0 0 0 0 0 0 0 0 0 0 0 0 0 0 0 0 0 0 0 0 0 0 0 0 0 0 0 0 0 0 0 0 0 0 0 0 0 0 0 0 0 0 0 0 0 0 0 0 1 1 1 1 1 
1 0 0 0 0 0 0 0 0 0 0 0 0 0 0 0 0 0 0 0 0 0 0 0 0 0 0 0 0 0 0 0 0 0 0 0 0 0 0 0 0 0 0 0 0 0 0 0 0 0 0 0 0 0 0 0 0 0 0 0 0 0 0 0 0 0 0 0 0 0 0 0 0 0 0 0 0 0 0 0 0 0 0 0 0 0 0 0 0 0 0 0 0 0 0 0 1 1 1 1 
1 1 0 0 0 0 0 0 0 0 0 0 0 0 0 0 0 0 0 0 0 0 0 0 0 0 0 0 0 0 0 0 0 0 0 0 0 0 0 0 0 0 0 0 0 0 0 0 0 0 0 0 0 0 0 0 0 0 0 0 0 0 0 0 0 0 0 0 0 0 0 0 0 0 0 0 0 0 0 0 0 0 0 0 0 0 0 0 0 0 0 0 0 0 0 0 0 1 1 1 
1 1 1 0 0 0 0 0 0 0 0 0 0 0 0 0 0 0 0 0 0 0 0 0 0 0 0 0 0 0 0 0 0 0 0 0 0 0 0 0 0 0 0 0 0 0 0 0 0 0 0 0 0 0 0 0 0 0 0 0 0 0 0 0 0 0 0 0 0 0 0 0 0 0 0 0 0 0 0 0 0 0 0 0 0 0 0 0 0 0 0 0 0 0 0 0 0 0 1 1 
1 1 1 1 0 0 0 0 0 0 0 0 0 0 0 0 0 0 0 0 0 0 0 0 0 0 0 0 0 0 0 0 0 0 0 0 0 0 0 0 0 0 0 0 0 0 0 0 0 0 0 0 0 0 0 0 0 0 0 0 0 0 0 0 0 0 0 0 0 0 0 0 0 0 0 0 0 0 0 0 0 0 0 0 0 0 0 0 0 0 0 0 0 0 0 0 0 0 0 1 
