Parameters
100 4
F_el
0.02328636224901 0.02808174475589 0.01557422561158 0.00560000000000 0.05365614163451 0.02190912542409 0.01538104276712 0.00520000000000 0.00160000000000 0.01615578520031 0.02208226610983 0.03429056308808 0.01592174431591 0.01943199476120 0.04038583788343 0.02333856771759 0.04159772243628 0.01702228763278 0.00590000000000 0.00490000000000 0.02183864730522 0.01463937659855 0.00550000000000 0.00470000000000 0.00560000000000 0.00860000000000 0.02493536479679 0.01794131023956 0.00950000000000 0.01785135517651 0.02373359076481 0.01690420818337 
0.01563593071052 0.02095040763498 0.01553817819829 0.02096001597023 0.00130000000000 0.01555605576164 0.00130000000000 0.01554626051487 0.01402442795210 0.01583775068213 0.01394268987852 0.01583959961327 0.00140000000000 0.01563843509543 0.00140000000000 0.01554842460260 0.01693836774145 0.04082373742089 0.01692606155420 0.04142663304564 0.00130000000000 0.01691616473665 0.00130000000000 0.01681870872845 0.01650509626490 0.02137670744502 0.01649048319877 0.02138585349054 0.00140000000000 0.01637911783461 0.00140000000000 0.01628704181202 
0.01498376006476 0.00150000000000 0.01654052894309 0.02076628248916 0.00170000000000 0.00130000000000 0.03974564781333 0.00780000000000 0.00690000000000 0.00160000000000 0.00230000000000 0.00300000000000 0.00190000000000 0.00140000000000 0.00290000000000 0.00820000000000 0.00980000000000 0.00150000000000 0.02052655517528 0.04415668998684 0.00200000000000 0.00130000000000 0.09014441118087 0.06513237667499 0.00940000000000 0.00160000000000 0.00610000000000 0.00870000000000 0.00220000000000 0.00140000000000 0.01850229567469 0.01785780077767 
0.01683336637149 0.00140000000000 0.01694591517096 0.00160000000000 0.01523327185694 0.00150000000000 0.01457779267182 0.00160000000000 0.01909309878814 0.00150000000000 0.01621598809056 0.00180000000000 0.01000000000000 0.00160000000000 0.01636424027764 0.00510000000000 0.01852663856760 0.00150000000000 0.01848234214450 0.00170000000000 0.01694464763590 0.00160000000000 0.01839282423502 0.00180000000000 0.02108675930001 0.00160000000000 0.01922749091940 0.00520000000000 0.02005248767205 0.00170000000000 0.01832649232550 0.00510000000000 
0.01638846069321 0.01669217378189 0.01555313619459 0.01654772828594 0.01807410047480 0.01603028748596 0.01733997017163 0.01603782476697 0.01542278645761 0.01379342973273 0.01468892169530 0.01363721546720 0.01700020491712 0.00950000000000 0.01627234073137 0.00940000000000 0.00230000000000 0.01469203634546 0.00250000000000 0.01428597702266 0.01634624278909 0.01626137243011 0.01527715407238 0.00980000000000 0.00210000000000 0.01396921389663 0.00210000000000 0.00670000000000 0.01522961829376 0.01000000000000 0.01436687823805 0.00970000000000 
0.02545838294946 0.02282202886328 0.00700000000000 0.00270000000000 0.02359416290100 0.02676483838068 0.00760000000000 0.00290000000000 0.09387771658711 0.03606482747404 0.00560000000000 0.00330000000000 0.02540072734114 0.02166124569461 0.00430000000000 0.00360000000000 0.00190000000000 0.00200000000000 0.00170000000000 0.00180000000000 0.00180000000000 0.00190000000000 0.00170000000000 0.00180000000000 0.00170000000000 0.00180000000000 0.00160000000000 0.00170000000000 0.00160000000000 0.00170000000000 0.00160000000000 0.00170000000000 
0.02349833305670 0.02566197186968 0.04725797884514 0.10353917445738 0.02815562648934 0.02892081402518 0.02522806901130 0.02806927580822 0.02708560996451 0.03450938377552 0.02152423102836 0.02327011336574 0.01606349405991 0.01731131398424 0.01431196692775 0.01619495367012 0.01684559433690 0.01736543812417 0.00170000000000 0.01705455208105 0.00160000000000 0.00180000000000 0.00150000000000 0.00150000000000 0.00140000000000 0.00150000000000 0.00130000000000 0.00140000000000 0.00130000000000 0.00140000000000 0.00120000000000 0.00130000000000 
0.00180000000000 0.00140000000000 0.00670000000000 0.00150000000000 0.00120000000000 0.00110000000000 0.00120000000000 0.00110000000000 0.00110000000000 0.00110000000000 0.00120000000000 0.00110000000000 0.00100000000000 0.00100000000000 0.00100000000000 0.00100000000000 0.01352527064065 0.00150000000000 0.01387699838576 0.00170000000000 0.00130000000000 0.00110000000000 0.00130000000000 0.00120000000000 0.00120000000000 0.00110000000000 0.00120000000000 0.00110000000000 0.00100000000000 0.00100000000000 0.00110000000000 0.00100000000000 
0.00180000000000 0.00200000000000 0.00110000000000 0.00120000000000 0.00160000000000 0.00180000000000 0.00110000000000 0.00110000000000 0.00180000000000 0.00200000000000 0.00110000000000 0.00120000000000 0.00160000000000 0.00180000000000 0.00110000000000 0.00110000000000 0.00220000000000 0.00660000000000 0.00120000000000 0.00120000000000 0.00190000000000 0.00220000000000 0.00120000000000 0.00120000000000 0.00220000000000 0.00270000000000 0.00120000000000 0.00120000000000 0.00190000000000 0.00210000000000 0.00120000000000 0.00120000000000 
0.00150000000000 0.00140000000000 0.00150000000000 0.00150000000000 0.00140000000000 0.00140000000000 0.00150000000000 0.00140000000000 0.00130000000000 0.00130000000000 0.00130000000000 0.00130000000000 0.00130000000000 0.00130000000000 0.00130000000000 0.00130000000000 0.00120000000000 0.00120000000000 0.00120000000000 0.00120000000000 0.00120000000000 0.00120000000000 0.00120000000000 0.00120000000000 0.00110000000000 0.00110000000000 0.00110000000000 0.00110000000000 0.00110000000000 0.00110000000000 0.00110000000000 0.00110000000000 
0.00680000000000 0.00170000000000 0.00230000000000 0.00180000000000 0.00750000000000 0.00240000000000 0.00400000000000 0.00240000000000 0.00150000000000 0.00140000000000 0.00160000000000 0.00140000000000 0.00190000000000 0.00160000000000 0.00200000000000 0.00170000000000 0.00160000000000 0.00140000000000 0.00160000000000 0.00140000000000 0.00200000000000 0.00160000000000 0.00210000000000 0.00170000000000 0.00130000000000 0.00120000000000 0.00130000000000 0.00120000000000 0.00150000000000 0.00130000000000 0.00150000000000 0.00140000000000 
0.00150000000000 0.00150000000000 0.00200000000000 0.00190000000000 0.00130000000000 0.00130000000000 0.00150000000000 0.00150000000000 0.00140000000000 0.00140000000000 0.00180000000000 0.00180000000000 0.00130000000000 0.00130000000000 0.00150000000000 0.00150000000000 0.00130000000000 0.00130000000000 0.00160000000000 0.00160000000000 0.00120000000000 0.00120000000000 0.00140000000000 0.00140000000000 0.00130000000000 0.00130000000000 0.00160000000000 0.00160000000000 0.00120000000000 0.00120000000000 0.00130000000000 0.00130000000000 
0.01435480843232 0.00200000000000 0.01435434146147 0.00190000000000 0.02244131355986 0.02392386721734 0.02379486021612 0.02577422986585 0.02204218814513 0.01770157112491 0.02163188727479 0.01758950518359 0.00700000000000 0.00700000000000 0.00760000000000 0.00750000000000 0.01489387544466 0.00210000000000 0.01489044942573 0.00200000000000 0.02441819669130 0.02648263146748 0.02596543402548 0.02862275434701 0.02308632543331 0.01864636339317 0.02266662714489 0.01844743908568 0.01471970982795 0.01463119441998 0.01503845465282 0.01495350644862 
0.00180000000000 0.00190000000000 0.02870708181034 0.03305991986213 0.00120000000000 0.00120000000000 0.00170000000000 0.00180000000000 0.00150000000000 0.00160000000000 0.00400000000000 0.00690000000000 0.00120000000000 0.00120000000000 0.00150000000000 0.00150000000000 0.01591637265695 0.01705839021032 0.01822608215762 0.01800992851950 0.00150000000000 0.00160000000000 0.01601956678390 0.01718897441087 0.00250000000000 0.00270000000000 0.00220000000000 0.00220000000000 0.00140000000000 0.00140000000000 0.00240000000000 0.00250000000000 
0.03771371591813 0.00160000000000 0.02235455565508 0.00150000000000 0.00410000000000 0.00140000000000 0.00260000000000 0.00130000000000 0.02112164474228 0.00140000000000 0.01774156770050 0.00130000000000 0.00230000000000 0.00130000000000 0.00190000000000 0.00120000000000 0.03530615441616 0.00180000000000 0.02041544447692 0.00160000000000 0.00950000000000 0.00150000000000 0.00320000000000 0.00140000000000 0.01980637602907 0.00150000000000 0.01663448572915 0.00140000000000 0.00270000000000 0.00130000000000 0.00210000000000 0.00120000000000 
0.00160000000000 0.00160000000000 0.00150000000000 0.00150000000000 0.00130000000000 0.00130000000000 0.00120000000000 0.00120000000000 0.00170000000000 0.00170000000000 0.00160000000000 0.00160000000000 0.00130000000000 0.00130000000000 0.00130000000000 0.00130000000000 0.00160000000000 0.00160000000000 0.00150000000000 0.00150000000000 0.00130000000000 0.00130000000000 0.00130000000000 0.00120000000000 0.00180000000000 0.00170000000000 0.00160000000000 0.00160000000000 0.00130000000000 0.00130000000000 0.00130000000000 0.00130000000000 
0.02759067147337 0.01556975627914 0.01426258862823 0.00180000000000 0.03336333128392 0.01891907863611 0.01604453671129 0.00190000000000 0.02503675676790 0.01506880371285 0.01414311042973 0.00180000000000 0.02963982826579 0.01789237361007 0.01581841917423 0.00190000000000 0.02278313852913 0.01411728366253 0.00210000000000 0.00170000000000 0.02727150068127 0.01646799734124 0.01505578311843 0.00170000000000 0.02133449364919 0.01390405694587 0.00200000000000 0.00160000000000 0.02524064133421 0.01596214366368 0.01484764702022 0.00170000000000 
0.00150000000000 0.00140000000000 0.00140000000000 0.00130000000000 0.00160000000000 0.00140000000000 0.00150000000000 0.00130000000000 0.01521007993379 0.00190000000000 0.00220000000000 0.00170000000000 0.01638465944773 0.00210000000000 0.01521535230152 0.00180000000000 0.00160000000000 0.00140000000000 0.00150000000000 0.00130000000000 0.00180000000000 0.00150000000000 0.00160000000000 0.00140000000000 0.00740000000000 0.00610000000000 0.01452085340002 0.00180000000000 0.00840000000000 0.00620000000000 0.01527597998748 0.00200000000000 
0.00140000000000 0.00150000000000 0.00160000000000 0.00170000000000 0.01573564844241 0.01543041158300 0.02075821562764 0.02015594620434 0.00140000000000 0.00140000000000 0.00160000000000 0.00160000000000 0.01624423727221 0.01592784671365 0.02195710877231 0.02145888426407 0.00140000000000 0.00150000000000 0.00160000000000 0.00160000000000 0.01571898548098 0.01541176679238 0.02074619982896 0.02004779030933 0.00140000000000 0.00140000000000 0.00160000000000 0.00160000000000 0.01622918798511 0.01591022301936 0.02204543120639 0.02144799820385 
0.00160000000000 0.00120000000000 0.00170000000000 0.00120000000000 0.00160000000000 0.00120000000000 0.00170000000000 0.00120000000000 0.00190000000000 0.00130000000000 0.00210000000000 0.00130000000000 0.00180000000000 0.00130000000000 0.00200000000000 0.00130000000000 0.01482183444298 0.00140000000000 0.01540449453452 0.00150000000000 0.01492365786502 0.00140000000000 0.01542908228540 0.00150000000000 0.01434941618063 0.00150000000000 0.01767428108824 0.00160000000000 0.01443053873090 0.00150000000000 0.01546172461962 0.00160000000000 
0.01487554738727 0.02157684403536 0.01329424711344 0.01852005672232 0.01469395870702 0.02177294142291 0.00680000000000 0.01895850252000 0.00140000000000 0.01787689555852 0.00140000000000 0.01683176757255 0.00140000000000 0.01749659814382 0.00140000000000 0.01660052807899 0.00120000000000 0.00200000000000 0.00120000000000 0.00210000000000 0.00120000000000 0.00200000000000 0.00120000000000 0.00210000000000 0.00110000000000 0.00130000000000 0.00110000000000 0.00130000000000 0.00110000000000 0.00130000000000 0.00110000000000 0.00130000000000 
0.00190000000000 0.00190000000000 0.00190000000000 0.00190000000000 0.00130000000000 0.00130000000000 0.00140000000000 0.00140000000000 0.02777733153301 0.02444356522614 0.02900093970782 0.02400257847120 0.01815525830927 0.01751959026089 0.01934829432800 0.01845923037755 0.00210000000000 0.00630000000000 0.00210000000000 0.00220000000000 0.00140000000000 0.00140000000000 0.00140000000000 0.00140000000000 0.02400730367995 0.02211872308257 0.02283514258482 0.02088941134752 0.01790169072284 0.01745111756233 0.01884011583897 0.01828718327838 
0.00670000000000 0.01322181821462 0.01526041729080 0.01412121544918 0.00120000000000 0.00120000000000 0.00130000000000 0.00130000000000 0.00200000000000 0.01370367460285 0.01615176911171 0.01444643112018 0.00120000000000 0.00120000000000 0.00120000000000 0.00130000000000 0.00130000000000 0.00140000000000 0.00140000000000 0.00140000000000 0.00110000000000 0.00110000000000 0.00110000000000 0.00110000000000 0.00130000000000 0.00130000000000 0.00140000000000 0.00140000000000 0.00110000000000 0.00110000000000 0.00110000000000 0.00110000000000 
0.01482894558219 0.02036386399408 0.00140000000000 0.00170000000000 0.00200000000000 0.01392798798576 0.00130000000000 0.00160000000000 0.00130000000000 0.00150000000000 0.00110000000000 0.00120000000000 0.00130000000000 0.00140000000000 0.00110000000000 0.00120000000000 0.01726064264912 0.02806251949556 0.00150000000000 0.00190000000000 0.02067204993731 0.04841163490829 0.00140000000000 0.00160000000000 0.00130000000000 0.00160000000000 0.00110000000000 0.00120000000000 0.00130000000000 0.00150000000000 0.00110000000000 0.00120000000000 
0.02512439882951 0.00180000000000 0.10381056772307 0.00170000000000 0.00160000000000 0.12040173603286 0.00150000000000 0.13058804660941 0.02491978207891 0.00180000000000 0.10356347123273 0.00170000000000 0.00160000000000 0.12915164163794 0.00150000000000 0.12611653077020 0.03013563374626 0.00170000000000 0.00570000000000 0.00160000000000 0.00150000000000 0.10381033752393 0.00140000000000 0.00980000000000 0.02970005822920 0.00170000000000 0.00570000000000 0.00160000000000 0.00150000000000 0.10351841186882 0.00140000000000 0.00970000000000 
0.01968390170481 0.01906175714220 0.02144029255733 0.01957717927362 0.04114887920339 0.03838919018190 0.02531659021168 0.02562413406260 0.02273502025302 0.02058960045687 0.02974360086396 0.02328794836174 0.04303710681353 0.03998667408005 0.02635410056298 0.02875619561942 0.02451082559928 0.02285000047938 0.01781300290369 0.01701907997170 0.05026165220925 0.04435625480356 0.02064388190629 0.02039229657702 0.03018938417502 0.02476657086035 0.02128129126722 0.01904435949795 0.05092028709988 0.04681804514763 0.02131741262377 0.02039435407584 
0.00170000000000 0.00160000000000 0.00140000000000 0.00130000000000 0.00160000000000 0.00160000000000 0.00130000000000 0.00130000000000 0.00140000000000 0.00140000000000 0.00120000000000 0.00120000000000 0.00140000000000 0.00130000000000 0.00120000000000 0.00120000000000 0.00170000000000 0.00160000000000 0.00140000000000 0.00140000000000 0.00170000000000 0.00160000000000 0.00140000000000 0.00140000000000 0.00140000000000 0.00140000000000 0.00130000000000 0.00120000000000 0.00140000000000 0.00140000000000 0.00130000000000 0.00120000000000 
0.00170000000000 0.00160000000000 0.00180000000000 0.00170000000000 0.00160000000000 0.00160000000000 0.00170000000000 0.00170000000000 0.00170000000000 0.00160000000000 0.00180000000000 0.00170000000000 0.00160000000000 0.00160000000000 0.00170000000000 0.00170000000000 0.00210000000000 0.00210000000000 0.00240000000000 0.00230000000000 0.00210000000000 0.00200000000000 0.00230000000000 0.00210000000000 0.00210000000000 0.00210000000000 0.00240000000000 0.00230000000000 0.00210000000000 0.00200000000000 0.00230000000000 0.00220000000000 
0.01674452576310 0.01625287699810 0.01557049887227 0.01554040242558 0.01705988003464 0.01618434801565 0.01588282180287 0.01549555453928 0.00210000000000 0.00190000000000 0.00190000000000 0.00180000000000 0.00230000000000 0.00200000000000 0.00210000000000 0.00190000000000 0.01830344344653 0.01680348820797 0.01672017821609 0.02491393973470 0.01891898296323 0.05515484821662 0.01714594071156 0.07396766600737 0.00730000000000 0.00230000000000 0.00660000000000 0.00210000000000 0.01480067087850 0.01553845061358 0.00700000000000 0.00230000000000 
0.01805158595479 0.06004844658742 0.01690186884466 0.01771302919735 0.07608866923659 0.02059747258073 0.04281272281158 0.02016996130175 0.00140000000000 0.00180000000000 0.00130000000000 0.00160000000000 0.00200000000000 0.00560000000000 0.00170000000000 0.00280000000000 0.03265498136619 0.01841241433851 0.03207076143410 0.00940000000000 0.02149800453250 0.01687859828761 0.02074980641667 0.01655607365204 0.00210000000000 0.00540000000000 0.00180000000000 0.00540000000000 0.02185529028498 0.01659204090169 0.00510000000000 0.00790000000000 
0.00140000000000 0.00150000000000 0.00760000000000 0.01510380030332 0.00120000000000 0.00120000000000 0.00140000000000 0.00160000000000 0.00140000000000 0.00160000000000 0.01455922224957 0.01552312905368 0.00120000000000 0.00120000000000 0.00150000000000 0.00160000000000 0.00150000000000 0.00170000000000 0.01464895945325 0.01416620551448 0.00120000000000 0.00120000000000 0.00150000000000 0.00960000000000 0.00150000000000 0.00180000000000 0.01472862860010 0.01420256990831 0.00120000000000 0.00120000000000 0.00150000000000 0.00950000000000 
0.02204913137064 0.02766664294955 0.06223448675055 0.03965974178639 0.01757771922577 0.02042249063425 0.09238134010332 0.05480803565119 0.01445813004818 0.01279785280999 0.00210000000000 0.00190000000000 0.01563805623631 0.01539459807939 0.00660000000000 0.00220000000000 0.02378669993186 0.03118899183143 0.05777477866751 0.03875985839676 0.01852802353320 0.02194805528437 0.09069365240779 0.04945686731242 0.01367894857813 0.00980000000000 0.00200000000000 0.00190000000000 0.01545172883837 0.01530388253802 0.00230000000000 0.00210000000000 
0.04516513275939 0.00180000000000 0.01895696085458 0.00540000000000 0.06400184429381 0.00180000000000 0.02618777573379 0.02196497059539 0.10906031626075 0.00210000000000 0.01844473539967 0.00920000000000 0.06952831002244 0.00890000000000 0.02387019818294 0.02867894350548 0.07103639920355 0.00180000000000 0.01853815820258 0.00550000000000 0.05918903421225 0.00190000000000 0.02506481439156 0.02236350374851 0.12216487311774 0.00220000000000 0.01804354201972 0.00940000000000 0.07700871211306 0.00910000000000 0.02306590663107 0.02820204847056 
0.03161694467315 0.01946815381066 0.01554267318108 0.00240000000000 0.01932923929903 0.01732390022413 0.00180000000000 0.00150000000000 0.01465265439632 0.00200000000000 0.00160000000000 0.00140000000000 0.00160000000000 0.00140000000000 0.00130000000000 0.00120000000000 0.00240000000000 0.02110722023244 0.00220000000000 0.01380467254168 0.11231688166137 0.06662739185481 0.08021690538289 0.02057200431047 0.01679651608195 0.04606054862439 0.02380059303195 0.01710252954081 0.02197005745202 0.02013146677044 0.01750304587427 0.01579081578558 
0.03634584063907 0.11341049073841 0.01938826457655 0.02303405432226 0.01934923085533 0.01665730687134 0.04694628440894 0.10684280377293 0.01906209276216 0.02024458943495 0.04893961742579 0.04877039809805 0.00140000000000 0.00140000000000 0.02966338348429 0.03065024013891 0.01425017740747 0.01728150276445 0.00150000000000 0.00520000000000 0.02779541031722 0.02883163766395 0.02324236023510 0.02811336763902 0.08361440513682 0.07008055996034 0.01636328999169 0.01946491932337 0.01693788286882 0.01608875934704 0.06500822638470 0.10196379937900 
0.00220000000000 0.01321412731795 0.01673312479869 0.03045046037837 0.10601947585468 0.01449618032519 0.02567327278426 0.00180000000000 0.01436433738239 0.01628403238817 0.01769971575994 0.04458168981456 0.05063441069748 0.00220000000000 0.02355819875386 0.00170000000000 0.00190000000000 0.00340000000000 0.01655970775156 0.01662220182021 0.02822830191283 0.00550000000000 0.03844088397848 0.00190000000000 0.00210000000000 0.00740000000000 0.01717479309241 0.01608044695348 0.03299613393334 0.00240000000000 0.03185040877069 0.00180000000000 
0.01704232248813 0.02398942173271 0.01905822958560 0.02212384174325 0.04085049771619 0.00180000000000 0.05020333255518 0.00160000000000 0.01707045315026 0.02638107842313 0.01852846906112 0.02395394773789 0.03031474208310 0.00180000000000 0.05866003392480 0.00160000000000 0.01926564921613 0.02201293824163 0.02277269735292 0.02068662716853 0.04270522091165 0.00170000000000 0.02898670911791 0.00160000000000 0.01874046522355 0.02348349953314 0.02100179169173 0.02190411736183 0.06943450406264 0.00170000000000 0.03500906891589 0.00160000000000 
0.02399337456839 0.00190000000000 0.02184602306727 0.00170000000000 0.02913245838368 0.00190000000000 0.02542521711535 0.00180000000000 0.02358764400910 0.00190000000000 0.02163305601731 0.00170000000000 0.02849764959017 0.00190000000000 0.02503877071756 0.00180000000000 0.03188037376821 0.02055258319762 0.03202270918406 0.01971793821727 0.03228464558606 0.02264841827487 0.03698685343205 0.02142720052182 0.03149446923845 0.02044350968840 0.03181098185904 0.01960834970627 0.03262882706207 0.02244190370818 0.03685771596508 0.02131707140257 
0.00190000000000 0.00140000000000 0.00210000000000 0.00140000000000 0.00140000000000 0.00120000000000 0.00140000000000 0.00120000000000 0.00190000000000 0.00140000000000 0.00190000000000 0.00140000000000 0.00140000000000 0.00120000000000 0.00150000000000 0.00120000000000 0.04646631069955 0.02077470943816 0.03724132618589 0.02280219123112 0.02246912215753 0.00210000000000 0.02692210227003 0.00240000000000 0.02653894807541 0.01574703084546 0.02189821166250 0.01639571990175 0.00590000000000 0.00200000000000 0.01956566190223 0.00210000000000 
0.00150000000000 0.00150000000000 0.00150000000000 0.00140000000000 0.00120000000000 0.00120000000000 0.00120000000000 0.00120000000000 0.00140000000000 0.00140000000000 0.00140000000000 0.00130000000000 0.00120000000000 0.00120000000000 0.00120000000000 0.00110000000000 0.00170000000000 0.00160000000000 0.00160000000000 0.00160000000000 0.00130000000000 0.00130000000000 0.00130000000000 0.00120000000000 0.00150000000000 0.00150000000000 0.00150000000000 0.00150000000000 0.00120000000000 0.00120000000000 0.00120000000000 0.00120000000000 
0.00160000000000 0.00160000000000 0.00130000000000 0.00130000000000 0.00140000000000 0.00140000000000 0.00120000000000 0.00120000000000 0.00180000000000 0.00180000000000 0.00130000000000 0.00130000000000 0.00150000000000 0.00150000000000 0.00120000000000 0.00120000000000 0.00130000000000 0.00140000000000 0.00120000000000 0.00120000000000 0.00120000000000 0.00120000000000 0.00110000000000 0.00110000000000 0.00140000000000 0.00140000000000 0.00120000000000 0.00120000000000 0.00130000000000 0.00130000000000 0.00110000000000 0.00110000000000 
0.00190000000000 0.00190000000000 0.01532173804789 0.00250000000000 0.00170000000000 0.00170000000000 0.01488783812237 0.00220000000000 0.04937895478108 0.00200000000000 0.02345412511052 0.00170000000000 0.10841400097422 0.00230000000000 0.03026409833891 0.00190000000000 0.00170000000000 0.00190000000000 0.00210000000000 0.00260000000000 0.00160000000000 0.00180000000000 0.00190000000000 0.00220000000000 0.00280000000000 0.00160000000000 0.00220000000000 0.00140000000000 0.00640000000000 0.00170000000000 0.00560000000000 0.00150000000000 
0.00140000000000 0.00150000000000 0.00130000000000 0.00130000000000 0.00130000000000 0.00140000000000 0.00120000000000 0.00130000000000 0.00130000000000 0.00140000000000 0.00120000000000 0.00120000000000 0.00130000000000 0.00130000000000 0.00120000000000 0.00120000000000 0.00160000000000 0.00170000000000 0.00130000000000 0.00140000000000 0.00150000000000 0.00160000000000 0.00130000000000 0.00130000000000 0.00140000000000 0.00150000000000 0.00130000000000 0.00130000000000 0.00130000000000 0.00140000000000 0.00120000000000 0.00130000000000 
0.03374506373079 0.08034062872280 0.01966866132478 0.02133373438421 0.04926470794977 0.06607760286591 0.02285275507898 0.02552489466596 0.10272779025574 0.02339974461636 0.04478049357992 0.12622434003803 0.07662751761235 0.05250313995378 0.04014103069724 0.05219283843572 0.04259162241089 0.05970011277192 0.02123148033217 0.02367936197944 0.05366001394314 0.07239403839196 0.02480012471725 0.02855130371663 0.10253988585638 0.02258975043173 0.10490300413559 0.11122460599052 0.05683224042044 0.03396409072868 0.04324807570495 0.05331929743447 
0.00710000000000 0.00150000000000 0.01591403669638 0.00170000000000 0.00170000000000 0.00130000000000 0.00570000000000 0.00140000000000 0.00180000000000 0.00130000000000 0.01514404085093 0.00140000000000 0.00140000000000 0.00120000000000 0.00530000000000 0.00130000000000 0.02759483392917 0.00180000000000 0.03750378677870 0.01756561944523 0.01726398311965 0.00150000000000 0.01934452274769 0.00180000000000 0.02199380877732 0.00150000000000 0.02438981616183 0.01594378895787 0.01765663244077 0.00130000000000 0.01878857782176 0.00150000000000 
0.00180000000000 0.00140000000000 0.00210000000000 0.00160000000000 0.00210000000000 0.00160000000000 0.00620000000000 0.00180000000000 0.00200000000000 0.00150000000000 0.01442630574311 0.00170000000000 0.00260000000000 0.00170000000000 0.01580466418002 0.00200000000000 0.00150000000000 0.00130000000000 0.00170000000000 0.00140000000000 0.00170000000000 0.00140000000000 0.00200000000000 0.00150000000000 0.00160000000000 0.00130000000000 0.00190000000000 0.00140000000000 0.00190000000000 0.00150000000000 0.01326212609864 0.00160000000000 
0.00160000000000 0.00150000000000 0.01511500493483 0.01468497116633 0.00150000000000 0.00150000000000 0.01509136106541 0.01466690495828 0.01863066724239 0.01783271460387 0.02690118447380 0.02518541326597 0.01822423152819 0.01751328396595 0.02560600765722 0.02408010291618 0.00140000000000 0.00130000000000 0.00160000000000 0.00160000000000 0.00130000000000 0.00130000000000 0.00160000000000 0.00150000000000 0.01369503483450 0.01358104052053 0.01924421521074 0.01852179245640 0.01365925441950 0.00230000000000 0.01883480270413 0.01812700044513 
0.04992408446652 0.02718173669668 0.01738239382265 0.01732785209786 0.02556285913018 0.11555720416524 0.02187640635164 0.01856534263671 0.07770459478746 0.02540988026268 0.01696721614518 0.01712770257203 0.07551977885735 0.10233169730796 0.01934780814087 0.01806570538511 0.00180000000000 0.02078600209071 0.01532025469290 0.02793878760468 0.00140000000000 0.00230000000000 0.00170000000000 0.01917865873994 0.00190000000000 0.02234194646066 0.01574332128732 0.03302371230061 0.00150000000000 0.01813914959103 0.00180000000000 0.02110859435115 
0.01998698205876 0.00220000000000 0.02071669087984 0.01730727216986 0.03367777810539 0.02830229561712 0.02946420857073 0.02910831518140 0.02288216607619 0.02778539722647 0.02208428103498 0.02870991416388 0.01000000000000 0.03987900851477 0.00990000000000 0.03697306403297 0.01527115164150 0.00290000000000 0.01515193934685 0.00310000000000 0.01624482483871 0.00870000000000 0.01599791147048 0.00870000000000 0.00210000000000 0.00590000000000 0.00210000000000 0.00580000000000 0.00150000000000 0.00820000000000 0.00150000000000 0.00820000000000 
0.03282928474751 0.02782339338175 0.00230000000000 0.00200000000000 0.00230000000000 0.00200000000000 0.00140000000000 0.00140000000000 0.02201761710308 0.02203026380350 0.00320000000000 0.00270000000000 0.00300000000000 0.00250000000000 0.00160000000000 0.00150000000000 0.09495554212936 0.10624320611105 0.03319385731566 0.01982541554421 0.02730796860938 0.02501311507817 0.00190000000000 0.00170000000000 0.01600082129393 0.01587930822497 0.01650927278563 0.01700958454731 0.12410341631546 0.06111064781530 0.00230000000000 0.00210000000000 
0.01715321809793 0.01987897514066 0.00180000000000 0.00220000000000 0.00600000000000 0.00570000000000 0.00400000000000 0.00630000000000 0.02546324997844 0.03523018914875 0.01634459208701 0.01798012951907 0.00630000000000 0.00610000000000 0.00660000000000 0.00610000000000 0.01931102579497 0.02638401818086 0.01407798701019 0.01537035237292 0.00710000000000 0.00680000000000 0.00770000000000 0.00680000000000 0.10932212775120 0.11160364025705 0.01734167474489 0.02031416685784 0.00730000000000 0.00800000000000 0.00860000000000 0.00860000000000 
0.01596273938060 0.01465500307486 0.01541536358152 0.00570000000000 0.01573736042392 0.00240000000000 0.01521681632056 0.00560000000000 0.02273837291108 0.01627962574602 0.01669542883124 0.01532468484585 0.02073611011026 0.01594893734646 0.01639696896496 0.01520235931292 0.01799849553948 0.01574506530066 0.01656145100374 0.00930000000000 0.01756900804933 0.01552226122314 0.01634858915096 0.00930000000000 0.04228042870957 0.02342970212396 0.01905520535095 0.01669599372300 0.04324249624907 0.02094614763390 0.01862932166659 0.01639879517548 
0.01482941030665 0.01885682938741 0.01481542078938 0.01864488787696 0.00690000000000 0.01694366105299 0.00690000000000 0.01683017569969 0.00150000000000 0.00220000000000 0.00150000000000 0.00220000000000 0.00150000000000 0.00560000000000 0.00150000000000 0.00560000000000 0.00150000000000 0.00180000000000 0.00150000000000 0.00180000000000 0.00150000000000 0.00180000000000 0.00150000000000 0.00180000000000 0.00120000000000 0.00140000000000 0.00120000000000 0.00140000000000 0.00120000000000 0.00140000000000 0.00120000000000 0.00140000000000 
0.01824991803617 0.01659810773970 0.01977358346077 0.03433631646474 0.00230000000000 0.00580000000000 0.00270000000000 0.00250000000000 0.01665861178258 0.01528750889814 0.00610000000000 0.02744694560016 0.00180000000000 0.00170000000000 0.00210000000000 0.00190000000000 0.02126936307740 0.02725027335330 0.00250000000000 0.00890000000000 0.00690000000000 0.00600000000000 0.02475897527445 0.02245146116394 0.02578684138212 0.01664222147110 0.00590000000000 0.02411209312809 0.00600000000000 0.00560000000000 0.05032074687290 0.01399988620826 
0.00150000000000 0.00150000000000 0.00150000000000 0.00140000000000 0.01298714084995 0.00550000000000 0.00790000000000 0.00520000000000 0.00120000000000 0.00110000000000 0.00110000000000 0.00110000000000 0.00140000000000 0.00130000000000 0.00130000000000 0.00130000000000 0.02326083633507 0.00880000000000 0.01777874794727 0.00730000000000 0.02160529131274 0.02271857509644 0.02934221554411 0.01893581458350 0.00170000000000 0.00160000000000 0.00160000000000 0.00150000000000 0.02006822064785 0.01723690882193 0.01563630225566 0.01415734152398 
0.00200000000000 0.01428231562169 0.00170000000000 0.00200000000000 0.00220000000000 0.01491936419055 0.00170000000000 0.00640000000000 0.00150000000000 0.00170000000000 0.00140000000000 0.00150000000000 0.00150000000000 0.00180000000000 0.00140000000000 0.00150000000000 0.01788721256143 0.01690296134818 0.00550000000000 0.00880000000000 0.01860805743161 0.01701263312554 0.00930000000000 0.00880000000000 0.00520000000000 0.00500000000000 0.00140000000000 0.00490000000000 0.00520000000000 0.00510000000000 0.00150000000000 0.00490000000000 
0.00190000000000 0.00170000000000 0.00190000000000 0.00170000000000 0.00150000000000 0.00140000000000 0.00150000000000 0.00140000000000 0.01663675336190 0.00980000000000 0.01664848217242 0.00980000000000 0.00160000000000 0.00150000000000 0.00160000000000 0.00150000000000 0.00180000000000 0.00170000000000 0.00180000000000 0.00170000000000 0.00150000000000 0.00140000000000 0.00150000000000 0.00140000000000 0.01578644280279 0.00600000000000 0.01588480941537 0.00600000000000 0.00150000000000 0.00140000000000 0.00160000000000 0.00150000000000 
0.01546631000379 0.03257252893953 0.00150000000000 0.00610000000000 0.02960096349719 0.02374426544765 0.01553583740911 0.01747978253613 0.01514241886689 0.03096930141579 0.00150000000000 0.00580000000000 0.02677217170184 0.02422979807654 0.01522908349176 0.01677965243797 0.01604474069221 0.02151576271056 0.00150000000000 0.00590000000000 0.02278515894196 0.03525537867345 0.01530744115037 0.01799303424053 0.01597680136617 0.02045568024620 0.00150000000000 0.00590000000000 0.02207589885583 0.03888473122426 0.01000000000000 0.01748179878833 
0.01586047357033 0.00140000000000 0.02091369615326 0.00140000000000 0.01491362293617 0.00140000000000 0.01952231477987 0.00140000000000 0.00190000000000 0.00120000000000 0.01835426662129 0.00120000000000 0.00190000000000 0.00120000000000 0.01634765829748 0.00120000000000 0.01788902854654 0.00140000000000 0.02414456660670 0.00150000000000 0.01656822821588 0.00140000000000 0.02221302247852 0.00150000000000 0.00220000000000 0.00130000000000 0.01921192389982 0.00130000000000 0.00220000000000 0.00130000000000 0.01942472595943 0.00130000000000 
0.01403461497959 0.01748611399388 0.00220000000000 0.01665575228640 0.01545285771245 0.01877471680749 0.01426246266312 0.01800784628955 0.00130000000000 0.00130000000000 0.00130000000000 0.00130000000000 0.00130000000000 0.00130000000000 0.00130000000000 0.00130000000000 0.01444195749676 0.01802227736009 0.00230000000000 0.01719706645903 0.01589951277455 0.01930585161916 0.01477418960309 0.01854091797106 0.00130000000000 0.00130000000000 0.00130000000000 0.00130000000000 0.00140000000000 0.00140000000000 0.00140000000000 0.00140000000000 
0.01545548276563 0.00200000000000 0.01580966977141 0.01289867884174 0.01664539796056 0.00240000000000 0.01619701702114 0.01319965203095 0.02770448931756 0.02122582734151 0.02257866189301 0.01995100424482 0.03853754207721 0.02452087941875 0.02491900633477 0.02154861276961 0.02050461921943 0.01873697086102 0.02986503738027 0.03075110543166 0.01821052322366 0.01677275485692 0.02545332660095 0.02489314619010 0.01594832152263 0.01481548603731 0.02129300974737 0.02035091156717 0.01498620567687 0.01396627526215 0.01976619711213 0.01874815932015 
0.03590000320150 0.02275198700807 0.01367160284786 0.01447873043616 0.00200000000000 0.01267706289320 0.00130000000000 0.00140000000000 0.02123161536192 0.04525250014138 0.01990906413305 0.01828276046471 0.01450764887526 0.01694287278714 0.00160000000000 0.00180000000000 0.01431561043465 0.03252890682578 0.00650000000000 0.01951998179399 0.00340000000000 0.01900587027966 0.00160000000000 0.00160000000000 0.00180000000000 0.01998434615154 0.01597532513143 0.03784077481576 0.00290000000000 0.03473565725692 0.00220000000000 0.00230000000000 
0.02410832132451 0.00140000000000 0.01806591025244 0.00130000000000 0.00150000000000 0.00110000000000 0.00140000000000 0.00110000000000 0.03759319456331 0.00170000000000 0.02627721833857 0.00150000000000 0.00650000000000 0.00120000000000 0.00180000000000 0.00110000000000 0.09041359646714 0.00180000000000 0.06626362977519 0.00150000000000 0.00620000000000 0.00120000000000 0.00180000000000 0.00110000000000 0.02178622412598 0.00970000000000 0.07025321130577 0.00540000000000 0.01597774760207 0.00130000000000 0.00920000000000 0.00120000000000 
0.00160000000000 0.00170000000000 0.00680000000000 0.01495544160735 0.00140000000000 0.00150000000000 0.00520000000000 0.00520000000000 0.00190000000000 0.00210000000000 0.00690000000000 0.01435113177958 0.00150000000000 0.00160000000000 0.00210000000000 0.01319854995185 0.00150000000000 0.00160000000000 0.00190000000000 0.00220000000000 0.00130000000000 0.00130000000000 0.00150000000000 0.00180000000000 0.00170000000000 0.00180000000000 0.00240000000000 0.00290000000000 0.00140000000000 0.00150000000000 0.00170000000000 0.00190000000000 
0.02194803784179 0.01489753866081 0.01776420513128 0.00150000000000 0.00910000000000 0.03814470342751 0.01774230465702 0.01508369538093 0.00700000000000 0.01631766166080 0.01752028283146 0.00170000000000 0.00500000000000 0.01922193970401 0.00630000000000 0.01687545437178 0.00680000000000 0.00120000000000 0.00140000000000 0.00110000000000 0.03485924746108 0.00170000000000 0.00610000000000 0.00130000000000 0.00690000000000 0.00130000000000 0.00160000000000 0.00110000000000 0.02088193174114 0.00530000000000 0.01540047385511 0.00140000000000 
0.02960538087111 0.03428540657297 0.10870991975312 0.10602791409997 0.01984966154371 0.02079016313594 0.02647000876526 0.02862875873948 0.00200000000000 0.00190000000000 0.00190000000000 0.00190000000000 0.02869402790524 0.02596648239205 0.02342095136855 0.02197889714563 0.04166932157836 0.06493703674883 0.03365404441743 0.02957563935622 0.02312534962177 0.02425048445289 0.03089766265241 0.03380144399742 0.00160000000000 0.00160000000000 0.00150000000000 0.00150000000000 0.00470000000000 0.00470000000000 0.00490000000000 0.00500000000000 
0.02039712111885 0.02214709580774 0.01671540980431 0.01722757676223 0.00150000000000 0.00160000000000 0.00130000000000 0.00130000000000 0.02039721787616 0.02214719472496 0.01671544383383 0.01722761547781 0.00150000000000 0.00160000000000 0.00130000000000 0.00130000000000 0.02090643341173 0.02286911738074 0.01690697017392 0.01734113956201 0.00150000000000 0.00160000000000 0.00130000000000 0.00130000000000 0.02090653220484 0.02286921781467 0.01690700554030 0.01734118071203 0.00150000000000 0.00160000000000 0.00130000000000 0.00130000000000 
0.00140000000000 0.00190000000000 0.00150000000000 0.00230000000000 0.00130000000000 0.00160000000000 0.00140000000000 0.00180000000000 0.00580000000000 0.00990000000000 0.00600000000000 0.01774568310346 0.00180000000000 0.00560000000000 0.00560000000000 0.00600000000000 0.00130000000000 0.00160000000000 0.00140000000000 0.00540000000000 0.00120000000000 0.00140000000000 0.00130000000000 0.00160000000000 0.00510000000000 0.00850000000000 0.00520000000000 0.00860000000000 0.00160000000000 0.00490000000000 0.00500000000000 0.00510000000000 
0.00140000000000 0.00110000000000 0.00140000000000 0.00110000000000 0.00140000000000 0.00110000000000 0.00130000000000 0.00110000000000 0.00110000000000 0.00100000000000 0.00110000000000 0.00100000000000 0.00110000000000 0.00100000000000 0.00110000000000 0.00100000000000 0.00180000000000 0.00120000000000 0.00170000000000 0.00110000000000 0.00170000000000 0.00110000000000 0.00160000000000 0.00110000000000 0.00120000000000 0.00100000000000 0.00120000000000 0.00100000000000 0.00120000000000 0.00100000000000 0.00120000000000 0.00100000000000 
0.00140000000000 0.00150000000000 0.00140000000000 0.00150000000000 0.01581448244744 0.01567882969690 0.01547428262318 0.01525856251415 0.00130000000000 0.00130000000000 0.00130000000000 0.00130000000000 0.00180000000000 0.00630000000000 0.00180000000000 0.00620000000000 0.00120000000000 0.00120000000000 0.00120000000000 0.00120000000000 0.00150000000000 0.00160000000000 0.00150000000000 0.00160000000000 0.00110000000000 0.00120000000000 0.00110000000000 0.00120000000000 0.00130000000000 0.00140000000000 0.00130000000000 0.00140000000000 
0.00180000000000 0.00160000000000 0.01611443764929 0.00540000000000 0.02663090236764 0.00830000000000 0.10699300760797 0.01930541782449 0.00150000000000 0.00130000000000 0.00180000000000 0.00160000000000 0.01706544475897 0.00570000000000 0.02481244186023 0.00890000000000 0.00210000000000 0.00180000000000 0.01754029420044 0.00610000000000 0.05825104116220 0.01587790275311 0.03452947155234 0.10221469135890 0.00160000000000 0.00140000000000 0.00200000000000 0.00170000000000 0.01877924551259 0.00640000000000 0.03772346765588 0.01616652469997 
0.02102332834123 0.01866012844145 0.00160000000000 0.00150000000000 0.02019827117943 0.01825784039413 0.00160000000000 0.00150000000000 0.00170000000000 0.00160000000000 0.00120000000000 0.00120000000000 0.00160000000000 0.00150000000000 0.00120000000000 0.00120000000000 0.02593666105456 0.02051120432764 0.00180000000000 0.00170000000000 0.02420774405538 0.02000321159619 0.00170000000000 0.00160000000000 0.00190000000000 0.00170000000000 0.00120000000000 0.00120000000000 0.00180000000000 0.00170000000000 0.00120000000000 0.00120000000000 
0.00140000000000 0.00220000000000 0.00150000000000 0.00240000000000 0.00140000000000 0.00180000000000 0.00140000000000 0.00190000000000 0.00160000000000 0.00680000000000 0.00160000000000 0.00700000000000 0.00140000000000 0.00220000000000 0.00150000000000 0.00230000000000 0.00140000000000 0.00220000000000 0.00150000000000 0.00240000000000 0.00140000000000 0.00180000000000 0.00140000000000 0.00190000000000 0.00160000000000 0.00680000000000 0.00160000000000 0.00700000000000 0.00140000000000 0.00220000000000 0.00150000000000 0.00240000000000 
0.02390355455773 0.02121757500048 0.03263960435931 0.02597526232980 0.01634907169219 0.01786286427641 0.01567736418687 0.01685018154455 0.04437564909961 0.03455406800773 0.06178673441995 0.04652632329085 0.01540798827513 0.01634513278503 0.00960000000000 0.01562486721736 0.02720483240189 0.02319681999226 0.04363320723281 0.03022097538428 0.01611667800043 0.01742888634040 0.01546528196679 0.01653330000128 0.05615590627014 0.03564934728087 0.05058217480555 0.04961557223779 0.01520646462018 0.01604653713028 0.00940000000000 0.01550725539208 
0.00180000000000 0.00120000000000 0.00120000000000 0.00100000000000 0.00220000000000 0.00120000000000 0.00120000000000 0.00100000000000 0.00150000000000 0.00110000000000 0.00110000000000 0.00100000000000 0.00160000000000 0.00110000000000 0.00110000000000 0.00100000000000 0.00280000000000 0.00130000000000 0.00130000000000 0.00110000000000 0.01434254334507 0.00130000000000 0.00130000000000 0.00110000000000 0.00180000000000 0.00120000000000 0.00120000000000 0.00100000000000 0.00190000000000 0.00120000000000 0.00120000000000 0.00100000000000 
0.00200000000000 0.00170000000000 0.00610000000000 0.00190000000000 0.00200000000000 0.00160000000000 0.00610000000000 0.00180000000000 0.00130000000000 0.00130000000000 0.00140000000000 0.00130000000000 0.00130000000000 0.00120000000000 0.00140000000000 0.00130000000000 0.06599548457101 0.11154460760890 0.04580061230062 0.10550231604429 0.07014312920264 0.10755956298839 0.04900346607259 0.03888280097763 0.01800505670076 0.01482214990805 0.01694159523460 0.00870000000000 0.01767225920970 0.01462339433185 0.01664033994381 0.00840000000000 
0.00150000000000 0.00140000000000 0.00140000000000 0.00130000000000 0.00120000000000 0.00120000000000 0.00120000000000 0.00110000000000 0.00220000000000 0.00170000000000 0.00170000000000 0.00150000000000 0.00140000000000 0.00130000000000 0.00130000000000 0.00120000000000 0.00150000000000 0.00140000000000 0.00140000000000 0.00130000000000 0.00120000000000 0.00120000000000 0.00110000000000 0.00110000000000 0.00210000000000 0.00170000000000 0.00160000000000 0.00150000000000 0.00140000000000 0.00130000000000 0.00130000000000 0.00120000000000 
0.01866833207420 0.02402486100992 0.11895237693551 0.09439361290809 0.03802845672025 0.01711728012423 0.01669658358119 0.00560000000000 0.02758298023946 0.01781435301577 0.02076219651525 0.01618438943532 0.00180000000000 0.00150000000000 0.00150000000000 0.00130000000000 0.01850437076629 0.01435935026781 0.01636433896636 0.00180000000000 0.00150000000000 0.00130000000000 0.00130000000000 0.00120000000000 0.00170000000000 0.00150000000000 0.00140000000000 0.00130000000000 0.00120000000000 0.00120000000000 0.00110000000000 0.00110000000000 
0.02103056435418 0.01473331619645 0.03852409554683 0.01743003177059 0.01457984997168 0.01568208730530 0.00190000000000 0.01396102460727 0.02021355961419 0.01461483190160 0.03293278150054 0.01709122201613 0.01499496144104 0.01620998180971 0.00190000000000 0.01428756125204 0.00700000000000 0.00160000000000 0.01694107715469 0.00190000000000 0.01600815459200 0.02260577345112 0.00830000000000 0.01340044132269 0.00240000000000 0.00160000000000 0.01651976481300 0.00190000000000 0.01676914987413 0.02504916944909 0.01425979137697 0.01596780500954 
0.03993416596541 0.01940721795973 0.01607348367785 0.01992012198424 0.02962486226058 0.02758132341382 0.00210000000000 0.01520423744861 0.01502972014044 0.00180000000000 0.02499825741848 0.02306611926942 0.01737906769038 0.00230000000000 0.01481726138459 0.02712528076650 0.02420358730655 0.03244314883810 0.01358855208666 0.01744688827797 0.01986585338485 0.02346851310572 0.00160000000000 0.00210000000000 0.09714461276940 0.02780219308221 0.01773155862321 0.02125190643110 0.02870496637886 0.06594970328770 0.00210000000000 0.00940000000000 
0.01649580614426 0.00130000000000 0.01500359949621 0.00120000000000 0.01772008201309 0.00180000000000 0.01969514501138 0.00160000000000 0.01649423422740 0.00130000000000 0.01509579297016 0.00120000000000 0.01897237327275 0.00170000000000 0.02173823870896 0.00160000000000 0.00650000000000 0.00120000000000 0.00180000000000 0.00120000000000 0.02915842454779 0.00140000000000 0.01701207454666 0.00140000000000 0.00640000000000 0.00120000000000 0.00180000000000 0.00110000000000 0.02473068259941 0.00140000000000 0.01661992000821 0.00140000000000 
0.00160000000000 0.00140000000000 0.00160000000000 0.00140000000000 0.00140000000000 0.00130000000000 0.00140000000000 0.00130000000000 0.00230000000000 0.00180000000000 0.00230000000000 0.00180000000000 0.00180000000000 0.00160000000000 0.00180000000000 0.00160000000000 0.00150000000000 0.00140000000000 0.00150000000000 0.00140000000000 0.00140000000000 0.00130000000000 0.00140000000000 0.00130000000000 0.00200000000000 0.00170000000000 0.00200000000000 0.00170000000000 0.00170000000000 0.00150000000000 0.00170000000000 0.00150000000000 
0.01607851892015 0.01895512481101 0.01628540090677 0.01713976008293 0.01780673461791 0.02555244999155 0.01692919927294 0.01825181607194 0.01593964516308 0.01864113079166 0.01617733259824 0.01713108232436 0.01766589727536 0.02549907602057 0.01692153063786 0.01824516582505 0.10521401111279 0.01967440117803 0.03131085956530 0.11461656375124 0.10218703641953 0.01660597069292 0.10405021337644 0.10546352640410 0.11343317784311 0.02014247448037 0.03294250373170 0.11230513401909 0.10289645421550 0.01669746978577 0.11183650921588 0.10607378741023 
0.02453521770281 0.01682813072422 0.01848802976438 0.00170000000000 0.02577645706145 0.01617337391601 0.00210000000000 0.00150000000000 0.02011016932669 0.00210000000000 0.00160000000000 0.00130000000000 0.01903632863152 0.00160000000000 0.00140000000000 0.00120000000000 0.01601222474485 0.01606452818281 0.04036836426414 0.00780000000000 0.01686733090461 0.01895453930473 0.00640000000000 0.00220000000000 0.11078461186525 0.01582976250028 0.01733556456090 0.00170000000000 0.06802070598878 0.01506924435567 0.00220000000000 0.00140000000000 
0.00180000000000 0.01439817393335 0.00200000000000 0.00740000000000 0.01456251545020 0.01961881798525 0.00950000000000 0.01509487917251 0.00140000000000 0.00160000000000 0.00140000000000 0.00180000000000 0.00150000000000 0.00210000000000 0.00170000000000 0.00250000000000 0.03534702008762 0.02195662942292 0.00650000000000 0.00240000000000 0.03823486002282 0.01734031219751 0.00930000000000 0.00180000000000 0.01740222820984 0.02577916004485 0.01829641090147 0.00990000000000 0.02336426046574 0.12163803957899 0.02359581977151 0.00590000000000 
0.01789619233010 0.01822631762140 0.10582803147015 0.10475760134499 0.01687189043043 0.01673055657490 0.00180000000000 0.00170000000000 0.01402506005648 0.01425241067644 0.02524856237021 0.02492013079030 0.02715584874893 0.02499014274487 0.01500051371216 0.01491027241855 0.02564484258963 0.02378612084666 0.01542268343818 0.01533133051631 0.00150000000000 0.00150000000000 0.00130000000000 0.00130000000000 0.03481625411701 0.03398962243733 0.02049112684592 0.01994025742499 0.00200000000000 0.00180000000000 0.00140000000000 0.00140000000000 
0.01403162284129 0.00150000000000 0.00160000000000 0.00130000000000 0.00140000000000 0.00120000000000 0.00130000000000 0.00120000000000 0.00240000000000 0.00150000000000 0.00160000000000 0.00130000000000 0.00140000000000 0.00120000000000 0.00130000000000 0.00120000000000 0.01547297382145 0.00560000000000 0.00840000000000 0.00510000000000 0.00530000000000 0.00140000000000 0.00160000000000 0.00130000000000 0.01543498490838 0.00550000000000 0.00840000000000 0.00510000000000 0.00530000000000 0.00140000000000 0.00150000000000 0.00130000000000 
0.00170000000000 0.00120000000000 0.00140000000000 0.00120000000000 0.00130000000000 0.00110000000000 0.00120000000000 0.00110000000000 0.00200000000000 0.00130000000000 0.00150000000000 0.00120000000000 0.00130000000000 0.00110000000000 0.00120000000000 0.00110000000000 0.00130000000000 0.00110000000000 0.00120000000000 0.00110000000000 0.00110000000000 0.00100000000000 0.00110000000000 0.00100000000000 0.00140000000000 0.00110000000000 0.00130000000000 0.00110000000000 0.00120000000000 0.00100000000000 0.00110000000000 0.00100000000000 
0.00160000000000 0.01919001339644 0.00110000000000 0.00130000000000 0.00150000000000 0.01666675023841 0.00110000000000 0.00130000000000 0.00150000000000 0.01712845583611 0.00110000000000 0.00130000000000 0.00140000000000 0.00240000000000 0.00110000000000 0.00120000000000 0.00110000000000 0.00130000000000 0.00100000000000 0.00110000000000 0.00110000000000 0.00130000000000 0.00100000000000 0.00110000000000 0.00110000000000 0.00130000000000 0.00100000000000 0.00110000000000 0.00110000000000 0.00120000000000 0.00100000000000 0.00100000000000 
0.00140000000000 0.00120000000000 0.00130000000000 0.00120000000000 0.00120000000000 0.00110000000000 0.00120000000000 0.00110000000000 0.00110000000000 0.00100000000000 0.00110000000000 0.00100000000000 0.00100000000000 0.00100000000000 0.00100000000000 0.00100000000000 0.00110000000000 0.00100000000000 0.00110000000000 0.00100000000000 0.00100000000000 0.00100000000000 0.00100000000000 0.00100000000000 0.00100000000000 0.00100000000000 0.00100000000000 0.00100000000000 0.00100000000000 0.00100000000000 0.00100000000000 0.00100000000000 
0.00160000000000 0.00170000000000 0.00170000000000 0.00180000000000 0.01542793364684 0.01663914340680 0.01494697730061 0.01637230019296 0.00200000000000 0.00220000000000 0.00220000000000 0.00240000000000 0.01972648726846 0.02550972321322 0.01642442348138 0.02601126956201 0.00190000000000 0.00210000000000 0.00210000000000 0.00220000000000 0.01433827992312 0.01700290390457 0.00940000000000 0.01727680923554 0.00300000000000 0.00340000000000 0.00380000000000 0.00450000000000 0.00640000000000 0.00680000000000 0.00590000000000 0.00600000000000 
0.00160000000000 0.00160000000000 0.00110000000000 0.00110000000000 0.00170000000000 0.00170000000000 0.00110000000000 0.00110000000000 0.00200000000000 0.00200000000000 0.00120000000000 0.00120000000000 0.00220000000000 0.00220000000000 0.00120000000000 0.00120000000000 0.00150000000000 0.00150000000000 0.00110000000000 0.00110000000000 0.00160000000000 0.00160000000000 0.00110000000000 0.00110000000000 0.00190000000000 0.00190000000000 0.00120000000000 0.00120000000000 0.00210000000000 0.00210000000000 0.00120000000000 0.00120000000000 
0.03833536126859 0.00170000000000 0.00610000000000 0.00130000000000 0.03012007914976 0.02613492289876 0.10848717640758 0.00190000000000 0.02530806286557 0.00140000000000 0.01578278275303 0.00120000000000 0.03408559484475 0.01676440999473 0.10751405727028 0.00150000000000 0.02753406525703 0.00160000000000 0.00590000000000 0.00130000000000 0.02467896424325 0.02426426340423 0.10592852443619 0.00180000000000 0.02406967592229 0.00140000000000 0.00190000000000 0.00120000000000 0.03829435572231 0.01731212745727 0.10446200116223 0.00150000000000 
0.01654111229747 0.02696500014249 0.00190000000000 0.01587046539968 0.01590537764612 0.02180235239061 0.00170000000000 0.01522149533384 0.01715622521588 0.02827800455871 0.00210000000000 0.01659400206435 0.01633348694028 0.02261497970928 0.00180000000000 0.01576017974908 0.02203970524355 0.01837840764105 0.02409272800600 0.01759991464994 0.02613964115068 0.02005124990912 0.04527078940039 0.01953610659783 0.02441592929369 0.01971345125570 0.02868581120744 0.01881737060885 0.03010299582304 0.02079889214159 0.07683613842572 0.02128655321722 
0.01653199857349 0.00720000000000 0.01580521310782 0.00210000000000 0.01684678098715 0.01461860000077 0.01611342201844 0.00740000000000 0.00180000000000 0.00160000000000 0.00160000000000 0.00150000000000 0.00190000000000 0.00160000000000 0.00170000000000 0.00150000000000 0.01931321819274 0.01611286700191 0.01785289964011 0.01549381180072 0.01990303965184 0.01644424842322 0.01826691109576 0.01581401518899 0.00690000000000 0.00200000000000 0.00640000000000 0.00180000000000 0.00740000000000 0.00220000000000 0.00630000000000 0.00190000000000 
0.11294456303567 0.04252210226838 0.04076870876794 0.04721338849217 0.00180000000000 0.00190000000000 0.00960000000000 0.00990000000000 0.02960826849635 0.02408933182935 0.03673833416829 0.03103282622820 0.00730000000000 0.00750000000000 0.01721143856453 0.01761153379628 0.03282415266353 0.02489544202889 0.04606380762841 0.04604014545753 0.00190000000000 0.00200000000000 0.00980000000000 0.01000000000000 0.02185761690350 0.01902836352345 0.03029370399852 0.02764282214203 0.00700000000000 0.00720000000000 0.01674554570414 0.01723801122960 
0.02018814966724 0.05467320601475 0.00230000000000 0.01583262407459 0.04394862086022 0.01784938110669 0.00900000000000 0.01377756788637 0.02711208592384 0.02525944094439 0.00320000000000 0.00940000000000 0.02224990722730 0.01537317152973 0.00260000000000 0.00220000000000 0.00230000000000 0.01620730846723 0.00170000000000 0.00230000000000 0.01525772321129 0.01893565598948 0.00240000000000 0.00880000000000 0.00910000000000 0.01992301001845 0.00190000000000 0.00300000000000 0.01951913975953 0.00800000000000 0.00390000000000 0.00290000000000 
0.00760000000000 0.00620000000000 0.00130000000000 0.00130000000000 0.02265494590593 0.03095862218379 0.01953103447964 0.01603819468130 0.01493614695215 0.00620000000000 0.00140000000000 0.00130000000000 0.02193467863841 0.02872437729771 0.02076337526817 0.01667563565948 0.01774578236364 0.00570000000000 0.00130000000000 0.00120000000000 0.10956468712291 0.07410568359437 0.02304116941461 0.01780679109430 0.01825854748426 0.01520039929865 0.00130000000000 0.00130000000000 0.08761008085980 0.07145638616873 0.02492540669893 0.01832108217169 
0.02656240529424 0.06283999670549 0.02881607341954 0.02075443617357 0.01537963323169 0.00210000000000 0.00180000000000 0.00160000000000 0.08733363488099 0.02278810038169 0.01913353401581 0.01641298420378 0.00660000000000 0.00170000000000 0.00150000000000 0.00140000000000 0.02528262828037 0.01411039329415 0.01537037832783 0.00210000000000 0.00190000000000 0.00160000000000 0.00150000000000 0.00140000000000 0.01664316726548 0.01423054863341 0.00630000000000 0.00170000000000 0.00160000000000 0.00140000000000 0.00130000000000 0.00120000000000 
0.00190000000000 0.00190000000000 0.00210000000000 0.00210000000000 0.00190000000000 0.00190000000000 0.00210000000000 0.00210000000000 0.09063759723085 0.07881408856709 0.05789117229128 0.05006353472588 0.09777516188023 0.09313862207743 0.06836241595019 0.05895129096623 0.00180000000000 0.00180000000000 0.00200000000000 0.01494977956980 0.00170000000000 0.00180000000000 0.00200000000000 0.01495712018840 0.12393711705207 0.11603133836248 0.12248934615680 0.12676805813023 0.12043725102012 0.11091735838068 0.12020952394737 0.12050612287804 
M_out
1 1 1 1 1 0 0 0 0 0 0 0 0 0 0 0 0 0 0 0 0 0 0 0 0 0 0 0 0 0 0 0 0 0 0 0 0 0 0 0 0 0 0 0 0 0 0 0 0 0 0 0 0 0 0 0 0 0 0 0 0 0 0 0 0 0 0 0 0 0 0 0 0 0 0 0 0 0 0 0 0 0 0 0 0 0 0 0 0 0 0 0 0 0 0 0 0 0 0 0 
0 1 1 1 1 1 0 0 0 0 0 0 0 0 0 0 0 0 0 0 0 0 0 0 0 0 0 0 0 0 0 0 0 0 0 0 0 0 0 0 0 0 0 0 0 0 0 0 0 0 0 0 0 0 0 0 0 0 0 0 0 0 0 0 0 0 0 0 0 0 0 0 0 0 0 0 0 0 0 0 0 0 0 0 0 0 0 0 0 0 0 0 0 0 0 0 0 0 0 0 
0 0 1 1 1 1 1 0 0 0 0 0 0 0 0 0 0 0 0 0 0 0 0 0 0 0 0 0 0 0 0 0 0 0 0 0 0 0 0 0 0 0 0 0 0 0 0 0 0 0 0 0 0 0 0 0 0 0 0 0 0 0 0 0 0 0 0 0 0 0 0 0 0 0 0 0 0 0 0 0 0 0 0 0 0 0 0 0 0 0 0 0 0 0 0 0 0 0 0 0 
0 0 0 1 1 1 1 1 0 0 0 0 0 0 0 0 0 0 0 0 0 0 0 0 0 0 0 0 0 0 0 0 0 0 0 0 0 0 0 0 0 0 0 0 0 0 0 0 0 0 0 0 0 0 0 0 0 0 0 0 0 0 0 0 0 0 0 0 0 0 0 0 0 0 0 0 0 0 0 0 0 0 0 0 0 0 0 0 0 0 0 0 0 0 0 0 0 0 0 0 
0 0 0 0 1 1 1 1 1 0 0 0 0 0 0 0 0 0 0 0 0 0 0 0 0 0 0 0 0 0 0 0 0 0 0 0 0 0 0 0 0 0 0 0 0 0 0 0 0 0 0 0 0 0 0 0 0 0 0 0 0 0 0 0 0 0 0 0 0 0 0 0 0 0 0 0 0 0 0 0 0 0 0 0 0 0 0 0 0 0 0 0 0 0 0 0 0 0 0 0 
0 0 0 0 0 1 1 1 1 1 0 0 0 0 0 0 0 0 0 0 0 0 0 0 0 0 0 0 0 0 0 0 0 0 0 0 0 0 0 0 0 0 0 0 0 0 0 0 0 0 0 0 0 0 0 0 0 0 0 0 0 0 0 0 0 0 0 0 0 0 0 0 0 0 0 0 0 0 0 0 0 0 0 0 0 0 0 0 0 0 0 0 0 0 0 0 0 0 0 0 
0 0 0 0 0 0 1 1 1 1 1 0 0 0 0 0 0 0 0 0 0 0 0 0 0 0 0 0 0 0 0 0 0 0 0 0 0 0 0 0 0 0 0 0 0 0 0 0 0 0 0 0 0 0 0 0 0 0 0 0 0 0 0 0 0 0 0 0 0 0 0 0 0 0 0 0 0 0 0 0 0 0 0 0 0 0 0 0 0 0 0 0 0 0 0 0 0 0 0 0 
0 0 0 0 0 0 0 1 1 1 1 1 0 0 0 0 0 0 0 0 0 0 0 0 0 0 0 0 0 0 0 0 0 0 0 0 0 0 0 0 0 0 0 0 0 0 0 0 0 0 0 0 0 0 0 0 0 0 0 0 0 0 0 0 0 0 0 0 0 0 0 0 0 0 0 0 0 0 0 0 0 0 0 0 0 0 0 0 0 0 0 0 0 0 0 0 0 0 0 0 
0 0 0 0 0 0 0 0 1 1 1 1 1 0 0 0 0 0 0 0 0 0 0 0 0 0 0 0 0 0 0 0 0 0 0 0 0 0 0 0 0 0 0 0 0 0 0 0 0 0 0 0 0 0 0 0 0 0 0 0 0 0 0 0 0 0 0 0 0 0 0 0 0 0 0 0 0 0 0 0 0 0 0 0 0 0 0 0 0 0 0 0 0 0 0 0 0 0 0 0 
0 0 0 0 0 0 0 0 0 1 1 1 1 1 0 0 0 0 0 0 0 0 0 0 0 0 0 0 0 0 0 0 0 0 0 0 0 0 0 0 0 0 0 0 0 0 0 0 0 0 0 0 0 0 0 0 0 0 0 0 0 0 0 0 0 0 0 0 0 0 0 0 0 0 0 0 0 0 0 0 0 0 0 0 0 0 0 0 0 0 0 0 0 0 0 0 0 0 0 0 
0 0 0 0 0 0 0 0 0 0 1 1 1 1 1 0 0 0 0 0 0 0 0 0 0 0 0 0 0 0 0 0 0 0 0 0 0 0 0 0 0 0 0 0 0 0 0 0 0 0 0 0 0 0 0 0 0 0 0 0 0 0 0 0 0 0 0 0 0 0 0 0 0 0 0 0 0 0 0 0 0 0 0 0 0 0 0 0 0 0 0 0 0 0 0 0 0 0 0 0 
0 0 0 0 0 0 0 0 0 0 0 1 1 1 1 1 0 0 0 0 0 0 0 0 0 0 0 0 0 0 0 0 0 0 0 0 0 0 0 0 0 0 0 0 0 0 0 0 0 0 0 0 0 0 0 0 0 0 0 0 0 0 0 0 0 0 0 0 0 0 0 0 0 0 0 0 0 0 0 0 0 0 0 0 0 0 0 0 0 0 0 0 0 0 0 0 0 0 0 0 
0 0 0 0 0 0 0 0 0 0 0 0 1 1 1 1 1 0 0 0 0 0 0 0 0 0 0 0 0 0 0 0 0 0 0 0 0 0 0 0 0 0 0 0 0 0 0 0 0 0 0 0 0 0 0 0 0 0 0 0 0 0 0 0 0 0 0 0 0 0 0 0 0 0 0 0 0 0 0 0 0 0 0 0 0 0 0 0 0 0 0 0 0 0 0 0 0 0 0 0 
0 0 0 0 0 0 0 0 0 0 0 0 0 1 1 1 1 1 0 0 0 0 0 0 0 0 0 0 0 0 0 0 0 0 0 0 0 0 0 0 0 0 0 0 0 0 0 0 0 0 0 0 0 0 0 0 0 0 0 0 0 0 0 0 0 0 0 0 0 0 0 0 0 0 0 0 0 0 0 0 0 0 0 0 0 0 0 0 0 0 0 0 0 0 0 0 0 0 0 0 
0 0 0 0 0 0 0 0 0 0 0 0 0 0 1 1 1 1 1 0 0 0 0 0 0 0 0 0 0 0 0 0 0 0 0 0 0 0 0 0 0 0 0 0 0 0 0 0 0 0 0 0 0 0 0 0 0 0 0 0 0 0 0 0 0 0 0 0 0 0 0 0 0 0 0 0 0 0 0 0 0 0 0 0 0 0 0 0 0 0 0 0 0 0 0 0 0 0 0 0 
0 0 0 0 0 0 0 0 0 0 0 0 0 0 0 1 1 1 1 1 0 0 0 0 0 0 0 0 0 0 0 0 0 0 0 0 0 0 0 0 0 0 0 0 0 0 0 0 0 0 0 0 0 0 0 0 0 0 0 0 0 0 0 0 0 0 0 0 0 0 0 0 0 0 0 0 0 0 0 0 0 0 0 0 0 0 0 0 0 0 0 0 0 0 0 0 0 0 0 0 
0 0 0 0 0 0 0 0 0 0 0 0 0 0 0 0 1 1 1 1 1 0 0 0 0 0 0 0 0 0 0 0 0 0 0 0 0 0 0 0 0 0 0 0 0 0 0 0 0 0 0 0 0 0 0 0 0 0 0 0 0 0 0 0 0 0 0 0 0 0 0 0 0 0 0 0 0 0 0 0 0 0 0 0 0 0 0 0 0 0 0 0 0 0 0 0 0 0 0 0 
0 0 0 0 0 0 0 0 0 0 0 0 0 0 0 0 0 1 1 1 1 1 0 0 0 0 0 0 0 0 0 0 0 0 0 0 0 0 0 0 0 0 0 0 0 0 0 0 0 0 0 0 0 0 0 0 0 0 0 0 0 0 0 0 0 0 0 0 0 0 0 0 0 0 0 0 0 0 0 0 0 0 0 0 0 0 0 0 0 0 0 0 0 0 0 0 0 0 0 0 
0 0 0 0 0 0 0 0 0 0 0 0 0 0 0 0 0 0 1 1 1 1 1 0 0 0 0 0 0 0 0 0 0 0 0 0 0 0 0 0 0 0 0 0 0 0 0 0 0 0 0 0 0 0 0 0 0 0 0 0 0 0 0 0 0 0 0 0 0 0 0 0 0 0 0 0 0 0 0 0 0 0 0 0 0 0 0 0 0 0 0 0 0 0 0 0 0 0 0 0 
0 0 0 0 0 0 0 0 0 0 0 0 0 0 0 0 0 0 0 1 1 1 1 1 0 0 0 0 0 0 0 0 0 0 0 0 0 0 0 0 0 0 0 0 0 0 0 0 0 0 0 0 0 0 0 0 0 0 0 0 0 0 0 0 0 0 0 0 0 0 0 0 0 0 0 0 0 0 0 0 0 0 0 0 0 0 0 0 0 0 0 0 0 0 0 0 0 0 0 0 
0 0 0 0 0 0 0 0 0 0 0 0 0 0 0 0 0 0 0 0 1 1 1 1 1 0 0 0 0 0 0 0 0 0 0 0 0 0 0 0 0 0 0 0 0 0 0 0 0 0 0 0 0 0 0 0 0 0 0 0 0 0 0 0 0 0 0 0 0 0 0 0 0 0 0 0 0 0 0 0 0 0 0 0 0 0 0 0 0 0 0 0 0 0 0 0 0 0 0 0 
0 0 0 0 0 0 0 0 0 0 0 0 0 0 0 0 0 0 0 0 0 1 1 1 1 1 0 0 0 0 0 0 0 0 0 0 0 0 0 0 0 0 0 0 0 0 0 0 0 0 0 0 0 0 0 0 0 0 0 0 0 0 0 0 0 0 0 0 0 0 0 0 0 0 0 0 0 0 0 0 0 0 0 0 0 0 0 0 0 0 0 0 0 0 0 0 0 0 0 0 
0 0 0 0 0 0 0 0 0 0 0 0 0 0 0 0 0 0 0 0 0 0 1 1 1 1 1 0 0 0 0 0 0 0 0 0 0 0 0 0 0 0 0 0 0 0 0 0 0 0 0 0 0 0 0 0 0 0 0 0 0 0 0 0 0 0 0 0 0 0 0 0 0 0 0 0 0 0 0 0 0 0 0 0 0 0 0 0 0 0 0 0 0 0 0 0 0 0 0 0 
0 0 0 0 0 0 0 0 0 0 0 0 0 0 0 0 0 0 0 0 0 0 0 1 1 1 1 1 0 0 0 0 0 0 0 0 0 0 0 0 0 0 0 0 0 0 0 0 0 0 0 0 0 0 0 0 0 0 0 0 0 0 0 0 0 0 0 0 0 0 0 0 0 0 0 0 0 0 0 0 0 0 0 0 0 0 0 0 0 0 0 0 0 0 0 0 0 0 0 0 
0 0 0 0 0 0 0 0 0 0 0 0 0 0 0 0 0 0 0 0 0 0 0 0 1 1 1 1 1 0 0 0 0 0 0 0 0 0 0 0 0 0 0 0 0 0 0 0 0 0 0 0 0 0 0 0 0 0 0 0 0 0 0 0 0 0 0 0 0 0 0 0 0 0 0 0 0 0 0 0 0 0 0 0 0 0 0 0 0 0 0 0 0 0 0 0 0 0 0 0 
0 0 0 0 0 0 0 0 0 0 0 0 0 0 0 0 0 0 0 0 0 0 0 0 0 1 1 1 1 1 0 0 0 0 0 0 0 0 0 0 0 0 0 0 0 0 0 0 0 0 0 0 0 0 0 0 0 0 0 0 0 0 0 0 0 0 0 0 0 0 0 0 0 0 0 0 0 0 0 0 0 0 0 0 0 0 0 0 0 0 0 0 0 0 0 0 0 0 0 0 
0 0 0 0 0 0 0 0 0 0 0 0 0 0 0 0 0 0 0 0 0 0 0 0 0 0 1 1 1 1 1 0 0 0 0 0 0 0 0 0 0 0 0 0 0 0 0 0 0 0 0 0 0 0 0 0 0 0 0 0 0 0 0 0 0 0 0 0 0 0 0 0 0 0 0 0 0 0 0 0 0 0 0 0 0 0 0 0 0 0 0 0 0 0 0 0 0 0 0 0 
0 0 0 0 0 0 0 0 0 0 0 0 0 0 0 0 0 0 0 0 0 0 0 0 0 0 0 1 1 1 1 1 0 0 0 0 0 0 0 0 0 0 0 0 0 0 0 0 0 0 0 0 0 0 0 0 0 0 0 0 0 0 0 0 0 0 0 0 0 0 0 0 0 0 0 0 0 0 0 0 0 0 0 0 0 0 0 0 0 0 0 0 0 0 0 0 0 0 0 0 
0 0 0 0 0 0 0 0 0 0 0 0 0 0 0 0 0 0 0 0 0 0 0 0 0 0 0 0 1 1 1 1 1 0 0 0 0 0 0 0 0 0 0 0 0 0 0 0 0 0 0 0 0 0 0 0 0 0 0 0 0 0 0 0 0 0 0 0 0 0 0 0 0 0 0 0 0 0 0 0 0 0 0 0 0 0 0 0 0 0 0 0 0 0 0 0 0 0 0 0 
0 0 0 0 0 0 0 0 0 0 0 0 0 0 0 0 0 0 0 0 0 0 0 0 0 0 0 0 0 1 1 1 1 1 0 0 0 0 0 0 0 0 0 0 0 0 0 0 0 0 0 0 0 0 0 0 0 0 0 0 0 0 0 0 0 0 0 0 0 0 0 0 0 0 0 0 0 0 0 0 0 0 0 0 0 0 0 0 0 0 0 0 0 0 0 0 0 0 0 0 
0 0 0 0 0 0 0 0 0 0 0 0 0 0 0 0 0 0 0 0 0 0 0 0 0 0 0 0 0 0 1 1 1 1 1 0 0 0 0 0 0 0 0 0 0 0 0 0 0 0 0 0 0 0 0 0 0 0 0 0 0 0 0 0 0 0 0 0 0 0 0 0 0 0 0 0 0 0 0 0 0 0 0 0 0 0 0 0 0 0 0 0 0 0 0 0 0 0 0 0 
0 0 0 0 0 0 0 0 0 0 0 0 0 0 0 0 0 0 0 0 0 0 0 0 0 0 0 0 0 0 0 1 1 1 1 1 0 0 0 0 0 0 0 0 0 0 0 0 0 0 0 0 0 0 0 0 0 0 0 0 0 0 0 0 0 0 0 0 0 0 0 0 0 0 0 0 0 0 0 0 0 0 0 0 0 0 0 0 0 0 0 0 0 0 0 0 0 0 0 0 
0 0 0 0 0 0 0 0 0 0 0 0 0 0 0 0 0 0 0 0 0 0 0 0 0 0 0 0 0 0 0 0 1 1 1 1 1 0 0 0 0 0 0 0 0 0 0 0 0 0 0 0 0 0 0 0 0 0 0 0 0 0 0 0 0 0 0 0 0 0 0 0 0 0 0 0 0 0 0 0 0 0 0 0 0 0 0 0 0 0 0 0 0 0 0 0 0 0 0 0 
0 0 0 0 0 0 0 0 0 0 0 0 0 0 0 0 0 0 0 0 0 0 0 0 0 0 0 0 0 0 0 0 0 1 1 1 1 1 0 0 0 0 0 0 0 0 0 0 0 0 0 0 0 0 0 0 0 0 0 0 0 0 0 0 0 0 0 0 0 0 0 0 0 0 0 0 0 0 0 0 0 0 0 0 0 0 0 0 0 0 0 0 0 0 0 0 0 0 0 0 
0 0 0 0 0 0 0 0 0 0 0 0 0 0 0 0 0 0 0 0 0 0 0 0 0 0 0 0 0 0 0 0 0 0 1 1 1 1 1 0 0 0 0 0 0 0 0 0 0 0 0 0 0 0 0 0 0 0 0 0 0 0 0 0 0 0 0 0 0 0 0 0 0 0 0 0 0 0 0 0 0 0 0 0 0 0 0 0 0 0 0 0 0 0 0 0 0 0 0 0 
0 0 0 0 0 0 0 0 0 0 0 0 0 0 0 0 0 0 0 0 0 0 0 0 0 0 0 0 0 0 0 0 0 0 0 1 1 1 1 1 0 0 0 0 0 0 0 0 0 0 0 0 0 0 0 0 0 0 0 0 0 0 0 0 0 0 0 0 0 0 0 0 0 0 0 0 0 0 0 0 0 0 0 0 0 0 0 0 0 0 0 0 0 0 0 0 0 0 0 0 
0 0 0 0 0 0 0 0 0 0 0 0 0 0 0 0 0 0 0 0 0 0 0 0 0 0 0 0 0 0 0 0 0 0 0 0 1 1 1 1 1 0 0 0 0 0 0 0 0 0 0 0 0 0 0 0 0 0 0 0 0 0 0 0 0 0 0 0 0 0 0 0 0 0 0 0 0 0 0 0 0 0 0 0 0 0 0 0 0 0 0 0 0 0 0 0 0 0 0 0 
0 0 0 0 0 0 0 0 0 0 0 0 0 0 0 0 0 0 0 0 0 0 0 0 0 0 0 0 0 0 0 0 0 0 0 0 0 1 1 1 1 1 0 0 0 0 0 0 0 0 0 0 0 0 0 0 0 0 0 0 0 0 0 0 0 0 0 0 0 0 0 0 0 0 0 0 0 0 0 0 0 0 0 0 0 0 0 0 0 0 0 0 0 0 0 0 0 0 0 0 
0 0 0 0 0 0 0 0 0 0 0 0 0 0 0 0 0 0 0 0 0 0 0 0 0 0 0 0 0 0 0 0 0 0 0 0 0 0 1 1 1 1 1 0 0 0 0 0 0 0 0 0 0 0 0 0 0 0 0 0 0 0 0 0 0 0 0 0 0 0 0 0 0 0 0 0 0 0 0 0 0 0 0 0 0 0 0 0 0 0 0 0 0 0 0 0 0 0 0 0 
0 0 0 0 0 0 0 0 0 0 0 0 0 0 0 0 0 0 0 0 0 0 0 0 0 0 0 0 0 0 0 0 0 0 0 0 0 0 0 1 1 1 1 1 0 0 0 0 0 0 0 0 0 0 0 0 0 0 0 0 0 0 0 0 0 0 0 0 0 0 0 0 0 0 0 0 0 0 0 0 0 0 0 0 0 0 0 0 0 0 0 0 0 0 0 0 0 0 0 0 
0 0 0 0 0 0 0 0 0 0 0 0 0 0 0 0 0 0 0 0 0 0 0 0 0 0 0 0 0 0 0 0 0 0 0 0 0 0 0 0 1 1 1 1 1 0 0 0 0 0 0 0 0 0 0 0 0 0 0 0 0 0 0 0 0 0 0 0 0 0 0 0 0 0 0 0 0 0 0 0 0 0 0 0 0 0 0 0 0 0 0 0 0 0 0 0 0 0 0 0 
0 0 0 0 0 0 0 0 0 0 0 0 0 0 0 0 0 0 0 0 0 0 0 0 0 0 0 0 0 0 0 0 0 0 0 0 0 0 0 0 0 1 1 1 1 1 0 0 0 0 0 0 0 0 0 0 0 0 0 0 0 0 0 0 0 0 0 0 0 0 0 0 0 0 0 0 0 0 0 0 0 0 0 0 0 0 0 0 0 0 0 0 0 0 0 0 0 0 0 0 
0 0 0 0 0 0 0 0 0 0 0 0 0 0 0 0 0 0 0 0 0 0 0 0 0 0 0 0 0 0 0 0 0 0 0 0 0 0 0 0 0 0 1 1 1 1 1 0 0 0 0 0 0 0 0 0 0 0 0 0 0 0 0 0 0 0 0 0 0 0 0 0 0 0 0 0 0 0 0 0 0 0 0 0 0 0 0 0 0 0 0 0 0 0 0 0 0 0 0 0 
0 0 0 0 0 0 0 0 0 0 0 0 0 0 0 0 0 0 0 0 0 0 0 0 0 0 0 0 0 0 0 0 0 0 0 0 0 0 0 0 0 0 0 1 1 1 1 1 0 0 0 0 0 0 0 0 0 0 0 0 0 0 0 0 0 0 0 0 0 0 0 0 0 0 0 0 0 0 0 0 0 0 0 0 0 0 0 0 0 0 0 0 0 0 0 0 0 0 0 0 
0 0 0 0 0 0 0 0 0 0 0 0 0 0 0 0 0 0 0 0 0 0 0 0 0 0 0 0 0 0 0 0 0 0 0 0 0 0 0 0 0 0 0 0 1 1 1 1 1 0 0 0 0 0 0 0 0 0 0 0 0 0 0 0 0 0 0 0 0 0 0 0 0 0 0 0 0 0 0 0 0 0 0 0 0 0 0 0 0 0 0 0 0 0 0 0 0 0 0 0 
0 0 0 0 0 0 0 0 0 0 0 0 0 0 0 0 0 0 0 0 0 0 0 0 0 0 0 0 0 0 0 0 0 0 0 0 0 0 0 0 0 0 0 0 0 1 1 1 1 1 0 0 0 0 0 0 0 0 0 0 0 0 0 0 0 0 0 0 0 0 0 0 0 0 0 0 0 0 0 0 0 0 0 0 0 0 0 0 0 0 0 0 0 0 0 0 0 0 0 0 
0 0 0 0 0 0 0 0 0 0 0 0 0 0 0 0 0 0 0 0 0 0 0 0 0 0 0 0 0 0 0 0 0 0 0 0 0 0 0 0 0 0 0 0 0 0 1 1 1 1 1 0 0 0 0 0 0 0 0 0 0 0 0 0 0 0 0 0 0 0 0 0 0 0 0 0 0 0 0 0 0 0 0 0 0 0 0 0 0 0 0 0 0 0 0 0 0 0 0 0 
0 0 0 0 0 0 0 0 0 0 0 0 0 0 0 0 0 0 0 0 0 0 0 0 0 0 0 0 0 0 0 0 0 0 0 0 0 0 0 0 0 0 0 0 0 0 0 1 1 1 1 1 0 0 0 0 0 0 0 0 0 0 0 0 0 0 0 0 0 0 0 0 0 0 0 0 0 0 0 0 0 0 0 0 0 0 0 0 0 0 0 0 0 0 0 0 0 0 0 0 
0 0 0 0 0 0 0 0 0 0 0 0 0 0 0 0 0 0 0 0 0 0 0 0 0 0 0 0 0 0 0 0 0 0 0 0 0 0 0 0 0 0 0 0 0 0 0 0 1 1 1 1 1 0 0 0 0 0 0 0 0 0 0 0 0 0 0 0 0 0 0 0 0 0 0 0 0 0 0 0 0 0 0 0 0 0 0 0 0 0 0 0 0 0 0 0 0 0 0 0 
0 0 0 0 0 0 0 0 0 0 0 0 0 0 0 0 0 0 0 0 0 0 0 0 0 0 0 0 0 0 0 0 0 0 0 0 0 0 0 0 0 0 0 0 0 0 0 0 0 1 1 1 1 1 0 0 0 0 0 0 0 0 0 0 0 0 0 0 0 0 0 0 0 0 0 0 0 0 0 0 0 0 0 0 0 0 0 0 0 0 0 0 0 0 0 0 0 0 0 0 
0 0 0 0 0 0 0 0 0 0 0 0 0 0 0 0 0 0 0 0 0 0 0 0 0 0 0 0 0 0 0 0 0 0 0 0 0 0 0 0 0 0 0 0 0 0 0 0 0 0 1 1 1 1 1 0 0 0 0 0 0 0 0 0 0 0 0 0 0 0 0 0 0 0 0 0 0 0 0 0 0 0 0 0 0 0 0 0 0 0 0 0 0 0 0 0 0 0 0 0 
0 0 0 0 0 0 0 0 0 0 0 0 0 0 0 0 0 0 0 0 0 0 0 0 0 0 0 0 0 0 0 0 0 0 0 0 0 0 0 0 0 0 0 0 0 0 0 0 0 0 0 1 1 1 1 1 0 0 0 0 0 0 0 0 0 0 0 0 0 0 0 0 0 0 0 0 0 0 0 0 0 0 0 0 0 0 0 0 0 0 0 0 0 0 0 0 0 0 0 0 
0 0 0 0 0 0 0 0 0 0 0 0 0 0 0 0 0 0 0 0 0 0 0 0 0 0 0 0 0 0 0 0 0 0 0 0 0 0 0 0 0 0 0 0 0 0 0 0 0 0 0 0 1 1 1 1 1 0 0 0 0 0 0 0 0 0 0 0 0 0 0 0 0 0 0 0 0 0 0 0 0 0 0 0 0 0 0 0 0 0 0 0 0 0 0 0 0 0 0 0 
0 0 0 0 0 0 0 0 0 0 0 0 0 0 0 0 0 0 0 0 0 0 0 0 0 0 0 0 0 0 0 0 0 0 0 0 0 0 0 0 0 0 0 0 0 0 0 0 0 0 0 0 0 1 1 1 1 1 0 0 0 0 0 0 0 0 0 0 0 0 0 0 0 0 0 0 0 0 0 0 0 0 0 0 0 0 0 0 0 0 0 0 0 0 0 0 0 0 0 0 
0 0 0 0 0 0 0 0 0 0 0 0 0 0 0 0 0 0 0 0 0 0 0 0 0 0 0 0 0 0 0 0 0 0 0 0 0 0 0 0 0 0 0 0 0 0 0 0 0 0 0 0 0 0 1 1 1 1 1 0 0 0 0 0 0 0 0 0 0 0 0 0 0 0 0 0 0 0 0 0 0 0 0 0 0 0 0 0 0 0 0 0 0 0 0 0 0 0 0 0 
0 0 0 0 0 0 0 0 0 0 0 0 0 0 0 0 0 0 0 0 0 0 0 0 0 0 0 0 0 0 0 0 0 0 0 0 0 0 0 0 0 0 0 0 0 0 0 0 0 0 0 0 0 0 0 1 1 1 1 1 0 0 0 0 0 0 0 0 0 0 0 0 0 0 0 0 0 0 0 0 0 0 0 0 0 0 0 0 0 0 0 0 0 0 0 0 0 0 0 0 
0 0 0 0 0 0 0 0 0 0 0 0 0 0 0 0 0 0 0 0 0 0 0 0 0 0 0 0 0 0 0 0 0 0 0 0 0 0 0 0 0 0 0 0 0 0 0 0 0 0 0 0 0 0 0 0 1 1 1 1 1 0 0 0 0 0 0 0 0 0 0 0 0 0 0 0 0 0 0 0 0 0 0 0 0 0 0 0 0 0 0 0 0 0 0 0 0 0 0 0 
0 0 0 0 0 0 0 0 0 0 0 0 0 0 0 0 0 0 0 0 0 0 0 0 0 0 0 0 0 0 0 0 0 0 0 0 0 0 0 0 0 0 0 0 0 0 0 0 0 0 0 0 0 0 0 0 0 1 1 1 1 1 0 0 0 0 0 0 0 0 0 0 0 0 0 0 0 0 0 0 0 0 0 0 0 0 0 0 0 0 0 0 0 0 0 0 0 0 0 0 
0 0 0 0 0 0 0 0 0 0 0 0 0 0 0 0 0 0 0 0 0 0 0 0 0 0 0 0 0 0 0 0 0 0 0 0 0 0 0 0 0 0 0 0 0 0 0 0 0 0 0 0 0 0 0 0 0 0 1 1 1 1 1 0 0 0 0 0 0 0 0 0 0 0 0 0 0 0 0 0 0 0 0 0 0 0 0 0 0 0 0 0 0 0 0 0 0 0 0 0 
0 0 0 0 0 0 0 0 0 0 0 0 0 0 0 0 0 0 0 0 0 0 0 0 0 0 0 0 0 0 0 0 0 0 0 0 0 0 0 0 0 0 0 0 0 0 0 0 0 0 0 0 0 0 0 0 0 0 0 1 1 1 1 1 0 0 0 0 0 0 0 0 0 0 0 0 0 0 0 0 0 0 0 0 0 0 0 0 0 0 0 0 0 0 0 0 0 0 0 0 
0 0 0 0 0 0 0 0 0 0 0 0 0 0 0 0 0 0 0 0 0 0 0 0 0 0 0 0 0 0 0 0 0 0 0 0 0 0 0 0 0 0 0 0 0 0 0 0 0 0 0 0 0 0 0 0 0 0 0 0 1 1 1 1 1 0 0 0 0 0 0 0 0 0 0 0 0 0 0 0 0 0 0 0 0 0 0 0 0 0 0 0 0 0 0 0 0 0 0 0 
0 0 0 0 0 0 0 0 0 0 0 0 0 0 0 0 0 0 0 0 0 0 0 0 0 0 0 0 0 0 0 0 0 0 0 0 0 0 0 0 0 0 0 0 0 0 0 0 0 0 0 0 0 0 0 0 0 0 0 0 0 1 1 1 1 1 0 0 0 0 0 0 0 0 0 0 0 0 0 0 0 0 0 0 0 0 0 0 0 0 0 0 0 0 0 0 0 0 0 0 
0 0 0 0 0 0 0 0 0 0 0 0 0 0 0 0 0 0 0 0 0 0 0 0 0 0 0 0 0 0 0 0 0 0 0 0 0 0 0 0 0 0 0 0 0 0 0 0 0 0 0 0 0 0 0 0 0 0 0 0 0 0 1 1 1 1 1 0 0 0 0 0 0 0 0 0 0 0 0 0 0 0 0 0 0 0 0 0 0 0 0 0 0 0 0 0 0 0 0 0 
0 0 0 0 0 0 0 0 0 0 0 0 0 0 0 0 0 0 0 0 0 0 0 0 0 0 0 0 0 0 0 0 0 0 0 0 0 0 0 0 0 0 0 0 0 0 0 0 0 0 0 0 0 0 0 0 0 0 0 0 0 0 0 1 1 1 1 1 0 0 0 0 0 0 0 0 0 0 0 0 0 0 0 0 0 0 0 0 0 0 0 0 0 0 0 0 0 0 0 0 
0 0 0 0 0 0 0 0 0 0 0 0 0 0 0 0 0 0 0 0 0 0 0 0 0 0 0 0 0 0 0 0 0 0 0 0 0 0 0 0 0 0 0 0 0 0 0 0 0 0 0 0 0 0 0 0 0 0 0 0 0 0 0 0 1 1 1 1 1 0 0 0 0 0 0 0 0 0 0 0 0 0 0 0 0 0 0 0 0 0 0 0 0 0 0 0 0 0 0 0 
0 0 0 0 0 0 0 0 0 0 0 0 0 0 0 0 0 0 0 0 0 0 0 0 0 0 0 0 0 0 0 0 0 0 0 0 0 0 0 0 0 0 0 0 0 0 0 0 0 0 0 0 0 0 0 0 0 0 0 0 0 0 0 0 0 1 1 1 1 1 0 0 0 0 0 0 0 0 0 0 0 0 0 0 0 0 0 0 0 0 0 0 0 0 0 0 0 0 0 0 
0 0 0 0 0 0 0 0 0 0 0 0 0 0 0 0 0 0 0 0 0 0 0 0 0 0 0 0 0 0 0 0 0 0 0 0 0 0 0 0 0 0 0 0 0 0 0 0 0 0 0 0 0 0 0 0 0 0 0 0 0 0 0 0 0 0 1 1 1 1 1 0 0 0 0 0 0 0 0 0 0 0 0 0 0 0 0 0 0 0 0 0 0 0 0 0 0 0 0 0 
0 0 0 0 0 0 0 0 0 0 0 0 0 0 0 0 0 0 0 0 0 0 0 0 0 0 0 0 0 0 0 0 0 0 0 0 0 0 0 0 0 0 0 0 0 0 0 0 0 0 0 0 0 0 0 0 0 0 0 0 0 0 0 0 0 0 0 1 1 1 1 1 0 0 0 0 0 0 0 0 0 0 0 0 0 0 0 0 0 0 0 0 0 0 0 0 0 0 0 0 
0 0 0 0 0 0 0 0 0 0 0 0 0 0 0 0 0 0 0 0 0 0 0 0 0 0 0 0 0 0 0 0 0 0 0 0 0 0 0 0 0 0 0 0 0 0 0 0 0 0 0 0 0 0 0 0 0 0 0 0 0 0 0 0 0 0 0 0 1 1 1 1 1 0 0 0 0 0 0 0 0 0 0 0 0 0 0 0 0 0 0 0 0 0 0 0 0 0 0 0 
0 0 0 0 0 0 0 0 0 0 0 0 0 0 0 0 0 0 0 0 0 0 0 0 0 0 0 0 0 0 0 0 0 0 0 0 0 0 0 0 0 0 0 0 0 0 0 0 0 0 0 0 0 0 0 0 0 0 0 0 0 0 0 0 0 0 0 0 0 1 1 1 1 1 0 0 0 0 0 0 0 0 0 0 0 0 0 0 0 0 0 0 0 0 0 0 0 0 0 0 
0 0 0 0 0 0 0 0 0 0 0 0 0 0 0 0 0 0 0 0 0 0 0 0 0 0 0 0 0 0 0 0 0 0 0 0 0 0 0 0 0 0 0 0 0 0 0 0 0 0 0 0 0 0 0 0 0 0 0 0 0 0 0 0 0 0 0 0 0 0 1 1 1 1 1 0 0 0 0 0 0 0 0 0 0 0 0 0 0 0 0 0 0 0 0 0 0 0 0 0 
0 0 0 0 0 0 0 0 0 0 0 0 0 0 0 0 0 0 0 0 0 0 0 0 0 0 0 0 0 0 0 0 0 0 0 0 0 0 0 0 0 0 0 0 0 0 0 0 0 0 0 0 0 0 0 0 0 0 0 0 0 0 0 0 0 0 0 0 0 0 0 1 1 1 1 1 0 0 0 0 0 0 0 0 0 0 0 0 0 0 0 0 0 0 0 0 0 0 0 0 
0 0 0 0 0 0 0 0 0 0 0 0 0 0 0 0 0 0 0 0 0 0 0 0 0 0 0 0 0 0 0 0 0 0 0 0 0 0 0 0 0 0 0 0 0 0 0 0 0 0 0 0 0 0 0 0 0 0 0 0 0 0 0 0 0 0 0 0 0 0 0 0 1 1 1 1 1 0 0 0 0 0 0 0 0 0 0 0 0 0 0 0 0 0 0 0 0 0 0 0 
0 0 0 0 0 0 0 0 0 0 0 0 0 0 0 0 0 0 0 0 0 0 0 0 0 0 0 0 0 0 0 0 0 0 0 0 0 0 0 0 0 0 0 0 0 0 0 0 0 0 0 0 0 0 0 0 0 0 0 0 0 0 0 0 0 0 0 0 0 0 0 0 0 1 1 1 1 1 0 0 0 0 0 0 0 0 0 0 0 0 0 0 0 0 0 0 0 0 0 0 
0 0 0 0 0 0 0 0 0 0 0 0 0 0 0 0 0 0 0 0 0 0 0 0 0 0 0 0 0 0 0 0 0 0 0 0 0 0 0 0 0 0 0 0 0 0 0 0 0 0 0 0 0 0 0 0 0 0 0 0 0 0 0 0 0 0 0 0 0 0 0 0 0 0 1 1 1 1 1 0 0 0 0 0 0 0 0 0 0 0 0 0 0 0 0 0 0 0 0 0 
0 0 0 0 0 0 0 0 0 0 0 0 0 0 0 0 0 0 0 0 0 0 0 0 0 0 0 0 0 0 0 0 0 0 0 0 0 0 0 0 0 0 0 0 0 0 0 0 0 0 0 0 0 0 0 0 0 0 0 0 0 0 0 0 0 0 0 0 0 0 0 0 0 0 0 1 1 1 1 1 0 0 0 0 0 0 0 0 0 0 0 0 0 0 0 0 0 0 0 0 
0 0 0 0 0 0 0 0 0 0 0 0 0 0 0 0 0 0 0 0 0 0 0 0 0 0 0 0 0 0 0 0 0 0 0 0 0 0 0 0 0 0 0 0 0 0 0 0 0 0 0 0 0 0 0 0 0 0 0 0 0 0 0 0 0 0 0 0 0 0 0 0 0 0 0 0 1 1 1 1 1 0 0 0 0 0 0 0 0 0 0 0 0 0 0 0 0 0 0 0 
0 0 0 0 0 0 0 0 0 0 0 0 0 0 0 0 0 0 0 0 0 0 0 0 0 0 0 0 0 0 0 0 0 0 0 0 0 0 0 0 0 0 0 0 0 0 0 0 0 0 0 0 0 0 0 0 0 0 0 0 0 0 0 0 0 0 0 0 0 0 0 0 0 0 0 0 0 1 1 1 1 1 0 0 0 0 0 0 0 0 0 0 0 0 0 0 0 0 0 0 
0 0 0 0 0 0 0 0 0 0 0 0 0 0 0 0 0 0 0 0 0 0 0 0 0 0 0 0 0 0 0 0 0 0 0 0 0 0 0 0 0 0 0 0 0 0 0 0 0 0 0 0 0 0 0 0 0 0 0 0 0 0 0 0 0 0 0 0 0 0 0 0 0 0 0 0 0 0 1 1 1 1 1 0 0 0 0 0 0 0 0 0 0 0 0 0 0 0 0 0 
0 0 0 0 0 0 0 0 0 0 0 0 0 0 0 0 0 0 0 0 0 0 0 0 0 0 0 0 0 0 0 0 0 0 0 0 0 0 0 0 0 0 0 0 0 0 0 0 0 0 0 0 0 0 0 0 0 0 0 0 0 0 0 0 0 0 0 0 0 0 0 0 0 0 0 0 0 0 0 1 1 1 1 1 0 0 0 0 0 0 0 0 0 0 0 0 0 0 0 0 
0 0 0 0 0 0 0 0 0 0 0 0 0 0 0 0 0 0 0 0 0 0 0 0 0 0 0 0 0 0 0 0 0 0 0 0 0 0 0 0 0 0 0 0 0 0 0 0 0 0 0 0 0 0 0 0 0 0 0 0 0 0 0 0 0 0 0 0 0 0 0 0 0 0 0 0 0 0 0 0 1 1 1 1 1 0 0 0 0 0 0 0 0 0 0 0 0 0 0 0 
0 0 0 0 0 0 0 0 0 0 0 0 0 0 0 0 0 0 0 0 0 0 0 0 0 0 0 0 0 0 0 0 0 0 0 0 0 0 0 0 0 0 0 0 0 0 0 0 0 0 0 0 0 0 0 0 0 0 0 0 0 0 0 0 0 0 0 0 0 0 0 0 0 0 0 0 0 0 0 0 0 1 1 1 1 1 0 0 0 0 0 0 0 0 0 0 0 0 0 0 
0 0 0 0 0 0 0 0 0 0 0 0 0 0 0 0 0 0 0 0 0 0 0 0 0 0 0 0 0 0 0 0 0 0 0 0 0 0 0 0 0 0 0 0 0 0 0 0 0 0 0 0 0 0 0 0 0 0 0 0 0 0 0 0 0 0 0 0 0 0 0 0 0 0 0 0 0 0 0 0 0 0 1 1 1 1 1 0 0 0 0 0 0 0 0 0 0 0 0 0 
0 0 0 0 0 0 0 0 0 0 0 0 0 0 0 0 0 0 0 0 0 0 0 0 0 0 0 0 0 0 0 0 0 0 0 0 0 0 0 0 0 0 0 0 0 0 0 0 0 0 0 0 0 0 0 0 0 0 0 0 0 0 0 0 0 0 0 0 0 0 0 0 0 0 0 0 0 0 0 0 0 0 0 1 1 1 1 1 0 0 0 0 0 0 0 0 0 0 0 0 
0 0 0 0 0 0 0 0 0 0 0 0 0 0 0 0 0 0 0 0 0 0 0 0 0 0 0 0 0 0 0 0 0 0 0 0 0 0 0 0 0 0 0 0 0 0 0 0 0 0 0 0 0 0 0 0 0 0 0 0 0 0 0 0 0 0 0 0 0 0 0 0 0 0 0 0 0 0 0 0 0 0 0 0 1 1 1 1 1 0 0 0 0 0 0 0 0 0 0 0 
0 0 0 0 0 0 0 0 0 0 0 0 0 0 0 0 0 0 0 0 0 0 0 0 0 0 0 0 0 0 0 0 0 0 0 0 0 0 0 0 0 0 0 0 0 0 0 0 0 0 0 0 0 0 0 0 0 0 0 0 0 0 0 0 0 0 0 0 0 0 0 0 0 0 0 0 0 0 0 0 0 0 0 0 0 1 1 1 1 1 0 0 0 0 0 0 0 0 0 0 
0 0 0 0 0 0 0 0 0 0 0 0 0 0 0 0 0 0 0 0 0 0 0 0 0 0 0 0 0 0 0 0 0 0 0 0 0 0 0 0 0 0 0 0 0 0 0 0 0 0 0 0 0 0 0 0 0 0 0 0 0 0 0 0 0 0 0 0 0 0 0 0 0 0 0 0 0 0 0 0 0 0 0 0 0 0 1 1 1 1 1 0 0 0 0 0 0 0 0 0 
0 0 0 0 0 0 0 0 0 0 0 0 0 0 0 0 0 0 0 0 0 0 0 0 0 0 0 0 0 0 0 0 0 0 0 0 0 0 0 0 0 0 0 0 0 0 0 0 0 0 0 0 0 0 0 0 0 0 0 0 0 0 0 0 0 0 0 0 0 0 0 0 0 0 0 0 0 0 0 0 0 0 0 0 0 0 0 1 1 1 1 1 0 0 0 0 0 0 0 0 
0 0 0 0 0 0 0 0 0 0 0 0 0 0 0 0 0 0 0 0 0 0 0 0 0 0 0 0 0 0 0 0 0 0 0 0 0 0 0 0 0 0 0 0 0 0 0 0 0 0 0 0 0 0 0 0 0 0 0 0 0 0 0 0 0 0 0 0 0 0 0 0 0 0 0 0 0 0 0 0 0 0 0 0 0 0 0 0 1 1 1 1 1 0 0 0 0 0 0 0 
0 0 0 0 0 0 0 0 0 0 0 0 0 0 0 0 0 0 0 0 0 0 0 0 0 0 0 0 0 0 0 0 0 0 0 0 0 0 0 0 0 0 0 0 0 0 0 0 0 0 0 0 0 0 0 0 0 0 0 0 0 0 0 0 0 0 0 0 0 0 0 0 0 0 0 0 0 0 0 0 0 0 0 0 0 0 0 0 0 1 1 1 1 1 0 0 0 0 0 0 
0 0 0 0 0 0 0 0 0 0 0 0 0 0 0 0 0 0 0 0 0 0 0 0 0 0 0 0 0 0 0 0 0 0 0 0 0 0 0 0 0 0 0 0 0 0 0 0 0 0 0 0 0 0 0 0 0 0 0 0 0 0 0 0 0 0 0 0 0 0 0 0 0 0 0 0 0 0 0 0 0 0 0 0 0 0 0 0 0 0 1 1 1 1 1 0 0 0 0 0 
0 0 0 0 0 0 0 0 0 0 0 0 0 0 0 0 0 0 0 0 0 0 0 0 0 0 0 0 0 0 0 0 0 0 0 0 0 0 0 0 0 0 0 0 0 0 0 0 0 0 0 0 0 0 0 0 0 0 0 0 0 0 0 0 0 0 0 0 0 0 0 0 0 0 0 0 0 0 0 0 0 0 0 0 0 0 0 0 0 0 0 1 1 1 1 1 0 0 0 0 
0 0 0 0 0 0 0 0 0 0 0 0 0 0 0 0 0 0 0 0 0 0 0 0 0 0 0 0 0 0 0 0 0 0 0 0 0 0 0 0 0 0 0 0 0 0 0 0 0 0 0 0 0 0 0 0 0 0 0 0 0 0 0 0 0 0 0 0 0 0 0 0 0 0 0 0 0 0 0 0 0 0 0 0 0 0 0 0 0 0 0 0 1 1 1 1 1 0 0 0 
0 0 0 0 0 0 0 0 0 0 0 0 0 0 0 0 0 0 0 0 0 0 0 0 0 0 0 0 0 0 0 0 0 0 0 0 0 0 0 0 0 0 0 0 0 0 0 0 0 0 0 0 0 0 0 0 0 0 0 0 0 0 0 0 0 0 0 0 0 0 0 0 0 0 0 0 0 0 0 0 0 0 0 0 0 0 0 0 0 0 0 0 0 1 1 1 1 1 0 0 
0 0 0 0 0 0 0 0 0 0 0 0 0 0 0 0 0 0 0 0 0 0 0 0 0 0 0 0 0 0 0 0 0 0 0 0 0 0 0 0 0 0 0 0 0 0 0 0 0 0 0 0 0 0 0 0 0 0 0 0 0 0 0 0 0 0 0 0 0 0 0 0 0 0 0 0 0 0 0 0 0 0 0 0 0 0 0 0 0 0 0 0 0 0 1 1 1 1 1 0 
0 0 0 0 0 0 0 0 0 0 0 0 0 0 0 0 0 0 0 0 0 0 0 0 0 0 0 0 0 0 0 0 0 0 0 0 0 0 0 0 0 0 0 0 0 0 0 0 0 0 0 0 0 0 0 0 0 0 0 0 0 0 0 0 0 0 0 0 0 0 0 0 0 0 0 0 0 0 0 0 0 0 0 0 0 0 0 0 0 0 0 0 0 0 0 1 1 1 1 1 
1 0 0 0 0 0 0 0 0 0 0 0 0 0 0 0 0 0 0 0 0 0 0 0 0 0 0 0 0 0 0 0 0 0 0 0 0 0 0 0 0 0 0 0 0 0 0 0 0 0 0 0 0 0 0 0 0 0 0 0 0 0 0 0 0 0 0 0 0 0 0 0 0 0 0 0 0 0 0 0 0 0 0 0 0 0 0 0 0 0 0 0 0 0 0 0 1 1 1 1 
1 1 0 0 0 0 0 0 0 0 0 0 0 0 0 0 0 0 0 0 0 0 0 0 0 0 0 0 0 0 0 0 0 0 0 0 0 0 0 0 0 0 0 0 0 0 0 0 0 0 0 0 0 0 0 0 0 0 0 0 0 0 0 0 0 0 0 0 0 0 0 0 0 0 0 0 0 0 0 0 0 0 0 0 0 0 0 0 0 0 0 0 0 0 0 0 0 1 1 1 
1 1 1 0 0 0 0 0 0 0 0 0 0 0 0 0 0 0 0 0 0 0 0 0 0 0 0 0 0 0 0 0 0 0 0 0 0 0 0 0 0 0 0 0 0 0 0 0 0 0 0 0 0 0 0 0 0 0 0 0 0 0 0 0 0 0 0 0 0 0 0 0 0 0 0 0 0 0 0 0 0 0 0 0 0 0 0 0 0 0 0 0 0 0 0 0 0 0 1 1 
1 1 1 1 0 0 0 0 0 0 0 0 0 0 0 0 0 0 0 0 0 0 0 0 0 0 0 0 0 0 0 0 0 0 0 0 0 0 0 0 0 0 0 0 0 0 0 0 0 0 0 0 0 0 0 0 0 0 0 0 0 0 0 0 0 0 0 0 0 0 0 0 0 0 0 0 0 0 0 0 0 0 0 0 0 0 0 0 0 0 0 0 0 0 0 0 0 0 0 1 
