Parameters
100 4
F_el
0.02986483939604 0.00170000000000 0.02922505786790 0.00170000000000 0.00170000000000 0.00120000000000 0.00180000000000 0.00120000000000 0.01718455713667 0.00140000000000 0.01668160745092 0.00140000000000 0.00140000000000 0.00110000000000 0.00140000000000 0.00110000000000 0.02728327458089 0.01916526192977 0.02420479296553 0.01857985555821 0.01536245530765 0.00140000000000 0.01506538385360 0.00150000000000 0.05727490709235 0.00200000000000 0.05840545270171 0.00200000000000 0.00210000000000 0.00130000000000 0.00220000000000 0.00130000000000 
0.02586262876071 0.10782744372754 0.02026956511702 0.03231252587485 0.06055832167273 0.10965249306603 0.02504875039241 0.10465339794136 0.01545474859248 0.01837408502400 0.03435169370435 0.07264505112639 0.00210000000000 0.00200000000000 0.02075137296428 0.10220824428560 0.01800410564364 0.02802323769102 0.01680800293235 0.02081948418411 0.02247333548816 0.10460822016679 0.01892937404860 0.02678451601304 0.01999874599864 0.08827378557347 0.03126155960576 0.07343986602858 0.01577631792831 0.01935161312788 0.04509460768545 0.10310701101522 
0.03504846754463 0.01900533517283 0.01863900849914 0.01637583012155 0.02471950136907 0.02169191446607 0.02604862012733 0.01721550220468 0.08228617821761 0.02068324450987 0.02194183006862 0.01732945723413 0.01980018758421 0.02550418781374 0.06279551430334 0.01855263020876 0.00790000000000 0.06190999534598 0.01827722813250 0.02360461179056 0.00170000000000 0.02278770003943 0.00710000000000 0.10226668186154 0.00660000000000 0.03345952898101 0.01645502678058 0.02883376631492 0.00160000000000 0.01981990820540 0.00630000000000 0.03444488034694 
0.00160000000000 0.00130000000000 0.00150000000000 0.00130000000000 0.03560405641620 0.01590383098342 0.02879839315476 0.01497726405306 0.00170000000000 0.00140000000000 0.00160000000000 0.00130000000000 0.11730549445503 0.01865992562733 0.10973434510148 0.01727229526195 0.00210000000000 0.00150000000000 0.00190000000000 0.00150000000000 0.02318629110661 0.02281940477591 0.02495086580248 0.02005998974584 0.00650000000000 0.00160000000000 0.00240000000000 0.00160000000000 0.02021225480940 0.04255012019320 0.02115685338493 0.03070389469020 
0.02224639401247 0.01621611432052 0.03517205881527 0.03159504020325 0.00660000000000 0.00170000000000 0.01741112589822 0.00730000000000 0.03252150755913 0.01838740989607 0.02122090465304 0.03340286511564 0.00810000000000 0.00200000000000 0.02048161792300 0.01509432605482 0.03165553508166 0.04883434677379 0.01820909639545 0.02048147617674 0.01933590056369 0.01526109731676 0.04934532315287 0.02280195071023 0.02165082321131 0.02971875310048 0.01594460831958 0.01682796320544 0.02371657825610 0.01658084380684 0.02220450158351 0.04160393681124 
0.01547032761871 0.01659471948901 0.05015961440113 0.00170000000000 0.03376001598824 0.00150000000000 0.01959803218849 0.00120000000000 0.02143343477947 0.00130000000000 0.01910034720054 0.00120000000000 0.00170000000000 0.00110000000000 0.00130000000000 0.00110000000000 0.01942944846941 0.00200000000000 0.10538032145480 0.00140000000000 0.01670904346461 0.00130000000000 0.00180000000000 0.00110000000000 0.01736937653940 0.00120000000000 0.00150000000000 0.00110000000000 0.00140000000000 0.00110000000000 0.00120000000000 0.00100000000000 
0.02432627863829 0.04725870305899 0.00150000000000 0.00190000000000 0.01616206316948 0.01773158189392 0.00130000000000 0.00140000000000 0.01647328269076 0.00180000000000 0.03266487246840 0.02616347446381 0.03762409261846 0.02298797446668 0.01682042803480 0.01917719125082 0.01933768608984 0.00790000000000 0.00180000000000 0.00640000000000 0.01547996890452 0.01941711072862 0.00140000000000 0.00160000000000 0.00160000000000 0.00140000000000 0.01795494482712 0.01495904325498 0.01657754587899 0.01249614094887 0.01675151573943 0.03246635973614 
0.01831764986913 0.01509447206453 0.00660000000000 0.01505594529967 0.10352678619794 0.03101529274423 0.00150000000000 0.00180000000000 0.01935814314109 0.00220000000000 0.03330216270555 0.10385262141191 0.10351375109704 0.02919104011853 0.01898083917350 0.02103938626653 0.01935489085817 0.01554817464778 0.00220000000000 0.00780000000000 0.04731907564045 0.03741857008577 0.00150000000000 0.00170000000000 0.02010655905763 0.01715443202379 0.02708222467454 0.10297380067412 0.10417950219890 0.10225906931192 0.00210000000000 0.02011264905790 
0.00190000000000 0.02697918916199 0.03038920202567 0.00180000000000 0.00220000000000 0.02637788224963 0.11838272910391 0.00170000000000 0.10631797575080 0.00160000000000 0.00170000000000 0.00120000000000 0.10258267016824 0.00150000000000 0.00170000000000 0.00110000000000 0.00150000000000 0.03125431671215 0.01295945835089 0.00190000000000 0.00160000000000 0.02912255698333 0.03167024677194 0.00170000000000 0.10236497045409 0.00170000000000 0.00190000000000 0.00120000000000 0.10778337589006 0.00160000000000 0.00180000000000 0.00120000000000 
0.01620725307920 0.01577240428220 0.02159580837792 0.02026429694737 0.00190000000000 0.00180000000000 0.01575862673502 0.00230000000000 0.00180000000000 0.00170000000000 0.00210000000000 0.00190000000000 0.00150000000000 0.00140000000000 0.00160000000000 0.00150000000000 0.03172194827438 0.02677806209073 0.11237398618285 0.10553539446630 0.01789756009945 0.01725047947605 0.02583708545643 0.02333477014672 0.01958415571849 0.01869296702117 0.03070001852787 0.02729714741651 0.00190000000000 0.00180000000000 0.01846275411912 0.00220000000000 
0.00150000000000 0.00150000000000 0.00130000000000 0.00130000000000 0.00170000000000 0.00170000000000 0.00130000000000 0.00130000000000 0.00140000000000 0.00140000000000 0.00120000000000 0.00120000000000 0.00150000000000 0.00150000000000 0.00120000000000 0.00120000000000 0.00160000000000 0.00160000000000 0.00130000000000 0.00130000000000 0.00170000000000 0.00180000000000 0.00140000000000 0.00140000000000 0.00140000000000 0.00140000000000 0.00120000000000 0.00120000000000 0.00150000000000 0.00150000000000 0.00130000000000 0.00130000000000 
0.00180000000000 0.04806927007707 0.00160000000000 0.02623465001122 0.01498589047365 0.01517798224074 0.00590000000000 0.02717030924321 0.01335965063323 0.03720182398342 0.00530000000000 0.02247572449540 0.01558898236383 0.01655048990729 0.00940000000000 0.03508378837675 0.02508612799128 0.01799561559769 0.01714971054028 0.02683784393169 0.02927685607317 0.00510000000000 0.02289066776394 0.01397762289048 0.02186178198878 0.01856247007739 0.01560146847138 0.02599394889403 0.03355976111282 0.00900000000000 0.02076061052840 0.01513615133077 
0.00190000000000 0.00170000000000 0.00240000000000 0.00590000000000 0.00170000000000 0.00150000000000 0.00190000000000 0.00170000000000 0.02101365565268 0.01795418940147 0.02690970842723 0.02054901456224 0.01642237597491 0.00950000000000 0.05551130722725 0.01666956365890 0.00190000000000 0.00170000000000 0.00800000000000 0.00600000000000 0.00170000000000 0.00160000000000 0.00200000000000 0.00170000000000 0.02143878953153 0.01806730491134 0.02859880334808 0.02095048887139 0.01664954424593 0.00960000000000 0.05208201352461 0.01689453528158 
0.01814971219970 0.10394675235391 0.01704010114832 0.10395280116357 0.01559934025804 0.02056125345313 0.00990000000000 0.01940123677009 0.00170000000000 0.00670000000000 0.00170000000000 0.00620000000000 0.00160000000000 0.00580000000000 0.00160000000000 0.00580000000000 0.02461902558382 0.11141535766143 0.02327329430871 0.10866815814126 0.01823158780515 0.02751238087043 0.01746329093514 0.02634014700656 0.00190000000000 0.01734269741389 0.00190000000000 0.01621901096719 0.00180000000000 0.01517688530194 0.00180000000000 0.01248882394617 
0.06365537399520 0.03325663804511 0.01996024449370 0.02206109859477 0.09160430262661 0.02724389639267 0.05019494042049 0.03266678961993 0.02264101594219 0.02283939802234 0.04855944419547 0.03494242333822 0.02215236282184 0.02003403698593 0.03437398251081 0.02766743548054 0.10424704103587 0.05138017180346 0.02269824577115 0.01730962909940 0.10739601948228 0.09396746271534 0.03291972129761 0.02601580603720 0.03318422149993 0.02872551906080 0.03271360905788 0.02824021980925 0.03528088131588 0.02680960852100 0.04818829120944 0.03267234101139 
0.03650137907642 0.01554869880013 0.01569128752205 0.01534682797542 0.02829430872408 0.00880000000000 0.03981748498651 0.00710000000000 0.00220000000000 0.00250000000000 0.00150000000000 0.00170000000000 0.00460000000000 0.00510000000000 0.00190000000000 0.00220000000000 0.00680000000000 0.00640000000000 0.00180000000000 0.00190000000000 0.01891824221365 0.03658717573635 0.00670000000000 0.00610000000000 0.00150000000000 0.00160000000000 0.00130000000000 0.00130000000000 0.00190000000000 0.00200000000000 0.00140000000000 0.00150000000000 
0.00170000000000 0.00130000000000 0.00130000000000 0.00120000000000 0.00130000000000 0.00110000000000 0.00110000000000 0.00110000000000 0.00200000000000 0.00140000000000 0.00140000000000 0.00120000000000 0.00140000000000 0.00120000000000 0.00120000000000 0.00110000000000 0.00120000000000 0.00110000000000 0.00110000000000 0.00100000000000 0.00110000000000 0.00100000000000 0.00100000000000 0.00100000000000 0.00130000000000 0.00120000000000 0.00110000000000 0.00110000000000 0.00110000000000 0.00110000000000 0.00110000000000 0.00100000000000 
0.00170000000000 0.00170000000000 0.00130000000000 0.00130000000000 0.00240000000000 0.00250000000000 0.00140000000000 0.00140000000000 0.00130000000000 0.00130000000000 0.00110000000000 0.00110000000000 0.00150000000000 0.00150000000000 0.00120000000000 0.00120000000000 0.00190000000000 0.00200000000000 0.00130000000000 0.00130000000000 0.01765908003122 0.01780485811041 0.00140000000000 0.00140000000000 0.00140000000000 0.00140000000000 0.00120000000000 0.00120000000000 0.00160000000000 0.00160000000000 0.00120000000000 0.00120000000000 
0.01610396682549 0.01571148004141 0.01482345216285 0.00810000000000 0.02205554503018 0.01565605928095 0.02513897450870 0.01630035798442 0.00240000000000 0.01467293936315 0.00220000000000 0.00650000000000 0.01805588715737 0.01451408678145 0.01909903150058 0.01465082168866 0.00190000000000 0.00650000000000 0.00180000000000 0.00610000000000 0.10278245770804 0.02507887897718 0.03211173065061 0.04028999156795 0.00170000000000 0.00210000000000 0.00160000000000 0.00190000000000 0.03588464178041 0.01908618462862 0.02949483331785 0.02196400139158 
0.03771192311464 0.02023350005850 0.03725076284685 0.02949666239731 0.03627569429277 0.02004343501855 0.03217885597935 0.02886388133619 0.04208559728226 0.02676758057713 0.02298532845891 0.04293194946426 0.03506842154971 0.02625591349362 0.02183635709684 0.03536389904593 0.03598327129467 0.03050614779746 0.02195198553335 0.03426513672330 0.03128343179800 0.02986652711534 0.02092500316588 0.03001508186415 0.02267357645826 0.03983448045401 0.01767305005510 0.02061405460614 0.02153633293159 0.03339654961436 0.01727356959721 0.01967969911471 
0.00180000000000 0.02665929580060 0.00190000000000 0.09034554865964 0.00140000000000 0.02522512442668 0.00140000000000 0.07796280130381 0.02245254086139 0.00180000000000 0.10402269969572 0.01283221078765 0.01478744835426 0.01726658710655 0.01599650895107 0.01794851537342 0.00130000000000 0.01727977240076 0.00130000000000 0.01967921719769 0.00110000000000 0.00190000000000 0.00120000000000 0.00220000000000 0.00180000000000 0.02463106041466 0.00190000000000 0.02808314947091 0.00140000000000 0.02538936841383 0.00140000000000 0.10975474924836 
0.01424930184459 0.00200000000000 0.02623762466455 0.02276393613306 0.06120001771771 0.02055365714259 0.00170000000000 0.00160000000000 0.00120000000000 0.00120000000000 0.00190000000000 0.00170000000000 0.00150000000000 0.00150000000000 0.02671868823961 0.01686273760947 0.01648822070512 0.01475776476650 0.02026579575188 0.01901117593958 0.02750196627865 0.02509663177934 0.00170000000000 0.00150000000000 0.00130000000000 0.00120000000000 0.01520173048468 0.00250000000000 0.00180000000000 0.00170000000000 0.06058925245213 0.03395929860637 
0.00140000000000 0.01915186407547 0.00120000000000 0.00170000000000 0.00110000000000 0.00130000000000 0.00100000000000 0.00110000000000 0.00190000000000 0.08168431821832 0.00130000000000 0.01491147676288 0.00110000000000 0.00160000000000 0.00110000000000 0.00120000000000 0.00140000000000 0.01884437357073 0.00120000000000 0.00170000000000 0.00110000000000 0.00130000000000 0.00100000000000 0.00110000000000 0.00180000000000 0.07390759234161 0.00130000000000 0.01459663459107 0.00110000000000 0.00150000000000 0.00110000000000 0.00120000000000 
0.00200000000000 0.11771274234108 0.02427358283637 0.01553460023414 0.00200000000000 0.03735990600846 0.02031631752528 0.01689010873585 0.00140000000000 0.01321204836743 0.00210000000000 0.00240000000000 0.00140000000000 0.00890000000000 0.00200000000000 0.00300000000000 0.00250000000000 0.01467177177462 0.00840000000000 0.00150000000000 0.00240000000000 0.01671589367445 0.02527690998339 0.00160000000000 0.00160000000000 0.00260000000000 0.00410000000000 0.00150000000000 0.00160000000000 0.00340000000000 0.00310000000000 0.00160000000000 
0.00140000000000 0.00140000000000 0.00140000000000 0.00140000000000 0.00140000000000 0.00140000000000 0.00140000000000 0.00140000000000 0.00120000000000 0.00110000000000 0.00120000000000 0.00110000000000 0.00120000000000 0.00110000000000 0.00120000000000 0.00110000000000 0.00120000000000 0.00120000000000 0.00120000000000 0.00120000000000 0.00120000000000 0.00120000000000 0.00120000000000 0.00120000000000 0.00110000000000 0.00110000000000 0.00110000000000 0.00110000000000 0.00110000000000 0.00110000000000 0.00110000000000 0.00110000000000 
0.00150000000000 0.00590000000000 0.00160000000000 0.01449756636085 0.00120000000000 0.00140000000000 0.00130000000000 0.00150000000000 0.00150000000000 0.00600000000000 0.00170000000000 0.01500091590680 0.00130000000000 0.00140000000000 0.00130000000000 0.00150000000000 0.00110000000000 0.00120000000000 0.00110000000000 0.00130000000000 0.00110000000000 0.00110000000000 0.00110000000000 0.00110000000000 0.00110000000000 0.00120000000000 0.00120000000000 0.00130000000000 0.00110000000000 0.00110000000000 0.00110000000000 0.00110000000000 
0.02225297242693 0.02811825453187 0.01771790004920 0.01933596407952 0.02246028055832 0.02914033824184 0.01761025393909 0.01924936246194 0.00150000000000 0.00180000000000 0.00140000000000 0.00170000000000 0.00160000000000 0.00180000000000 0.00140000000000 0.00170000000000 0.02377972954861 0.03436411213978 0.01787724122020 0.01963965498137 0.02418818793370 0.10235317546804 0.01777234399038 0.01963303682899 0.00160000000000 0.00210000000000 0.00150000000000 0.00550000000000 0.00160000000000 0.00210000000000 0.00150000000000 0.00550000000000 
0.00220000000000 0.00260000000000 0.00620000000000 0.00210000000000 0.00180000000000 0.00220000000000 0.00170000000000 0.00180000000000 0.00190000000000 0.00230000000000 0.00170000000000 0.00190000000000 0.00170000000000 0.00200000000000 0.00150000000000 0.00170000000000 0.00190000000000 0.00210000000000 0.00540000000000 0.00180000000000 0.00160000000000 0.00190000000000 0.00150000000000 0.00160000000000 0.00170000000000 0.00190000000000 0.00150000000000 0.00160000000000 0.00150000000000 0.00170000000000 0.00140000000000 0.00150000000000 
0.00150000000000 0.00150000000000 0.02335710927102 0.02580591133968 0.00140000000000 0.00140000000000 0.02242861273315 0.02423753188118 0.00130000000000 0.00130000000000 0.01626414283054 0.01680869748259 0.00130000000000 0.00130000000000 0.00990000000000 0.01438552049635 0.00110000000000 0.00120000000000 0.00170000000000 0.00170000000000 0.00110000000000 0.00110000000000 0.00160000000000 0.00170000000000 0.00110000000000 0.00110000000000 0.00140000000000 0.00150000000000 0.00110000000000 0.00110000000000 0.00140000000000 0.00140000000000 
0.02000271573689 0.00230000000000 0.01970713755326 0.00220000000000 0.01672267473637 0.01886638428806 0.01391982130367 0.01896279911208 0.01769956222313 0.01385093550124 0.01753015364252 0.01405137322940 0.01642904500112 0.01995365803299 0.01333770624349 0.02005749841858 0.01720324522176 0.01502429973251 0.01703082485500 0.01436988779934 0.01323580193788 0.02125694389082 0.01321594712186 0.02144189927419 0.01558513720122 0.01533637369928 0.01558951822692 0.01556243764283 0.01286001200499 0.02318251439776 0.01284319405056 0.02338513378772 
0.00170000000000 0.00170000000000 0.00140000000000 0.00140000000000 0.00940000000000 0.00920000000000 0.00280000000000 0.00280000000000 0.00140000000000 0.00140000000000 0.00130000000000 0.00130000000000 0.00290000000000 0.00290000000000 0.00190000000000 0.00190000000000 0.01673824710584 0.01672145866542 0.00210000000000 0.00210000000000 0.00290000000000 0.00620000000000 0.00340000000000 0.00350000000000 0.00210000000000 0.00210000000000 0.00170000000000 0.00170000000000 0.01579804667619 0.01579308076894 0.01598892079913 0.00970000000000 
0.00180000000000 0.00140000000000 0.00130000000000 0.00120000000000 0.00150000000000 0.00130000000000 0.00130000000000 0.00110000000000 0.00210000000000 0.00140000000000 0.00140000000000 0.00120000000000 0.00170000000000 0.00130000000000 0.00130000000000 0.00120000000000 0.01758110238718 0.00180000000000 0.00180000000000 0.00130000000000 0.01476576653379 0.00150000000000 0.00150000000000 0.00130000000000 0.02070594734424 0.00200000000000 0.01327680037080 0.00140000000000 0.01624854331582 0.00170000000000 0.00170000000000 0.00130000000000 
0.03902550398162 0.00660000000000 0.03005594625358 0.00630000000000 0.03340771277603 0.01660376460057 0.04346183166851 0.01576937922342 0.00230000000000 0.00140000000000 0.00200000000000 0.00140000000000 0.01653308334792 0.00160000000000 0.01579273732084 0.00150000000000 0.02308378984826 0.00210000000000 0.02144018171384 0.00190000000000 0.03710979228684 0.01537873225982 0.03036123036587 0.01485768086031 0.00180000000000 0.00130000000000 0.00170000000000 0.00130000000000 0.01311392917761 0.00150000000000 0.01278379583010 0.00140000000000 
0.00190000000000 0.00150000000000 0.00120000000000 0.00110000000000 0.00120000000000 0.00110000000000 0.00100000000000 0.00100000000000 0.00190000000000 0.00150000000000 0.00120000000000 0.00110000000000 0.00120000000000 0.00110000000000 0.00100000000000 0.00100000000000 0.00120000000000 0.00110000000000 0.00100000000000 0.00100000000000 0.00100000000000 0.00100000000000 0.00100000000000 0.00100000000000 0.00120000000000 0.00110000000000 0.00100000000000 0.00100000000000 0.00100000000000 0.00100000000000 0.00100000000000 0.00100000000000 
0.00150000000000 0.00110000000000 0.04247066328200 0.00180000000000 0.00160000000000 0.00120000000000 0.04007307026235 0.00200000000000 0.00120000000000 0.00110000000000 0.01632903508255 0.00130000000000 0.00130000000000 0.00110000000000 0.01716314679109 0.00140000000000 0.00150000000000 0.00110000000000 0.04216587205580 0.00180000000000 0.00160000000000 0.00120000000000 0.03987179893248 0.00200000000000 0.00120000000000 0.00110000000000 0.01632829630736 0.00130000000000 0.00130000000000 0.00110000000000 0.01716192606902 0.00140000000000 
0.00240000000000 0.00160000000000 0.00130000000000 0.00120000000000 0.00120000000000 0.00110000000000 0.00110000000000 0.00100000000000 0.00200000000000 0.00150000000000 0.00120000000000 0.00110000000000 0.00120000000000 0.00110000000000 0.00100000000000 0.00100000000000 0.00210000000000 0.00160000000000 0.00130000000000 0.00120000000000 0.00120000000000 0.00110000000000 0.00110000000000 0.00100000000000 0.00200000000000 0.00150000000000 0.00120000000000 0.00120000000000 0.00120000000000 0.00110000000000 0.00110000000000 0.00100000000000 
0.00160000000000 0.00160000000000 0.02921166055493 0.02750410658120 0.00600000000000 0.00600000000000 0.06867185277848 0.04230426468040 0.00170000000000 0.00170000000000 0.06855294581090 0.07470195529537 0.00870000000000 0.00870000000000 0.03090771509430 0.03091006104640 0.00160000000000 0.00150000000000 0.02410972921771 0.02309396910711 0.00590000000000 0.00590000000000 0.03031339140276 0.02841478050119 0.00160000000000 0.00160000000000 0.02831393220760 0.02708248153084 0.00860000000000 0.00530000000000 0.02724942296905 0.02709794908914 
0.02164366579523 0.01676056567405 0.01843614907361 0.01584653120003 0.00230000000000 0.00170000000000 0.00700000000000 0.00180000000000 0.01926083921520 0.02507329878562 0.02032842432714 0.02811102736818 0.01778738183713 0.02589023649484 0.01952406764035 0.03588834297723 0.02102296609418 0.01652643019377 0.01802406925223 0.01563083919047 0.00230000000000 0.00170000000000 0.00670000000000 0.00180000000000 0.01946254167269 0.02559023491773 0.02061921823196 0.02891234430056 0.01806055232158 0.02697161107593 0.01990409029499 0.03174332221780 
0.03943384428973 0.02280581523049 0.02020427315655 0.01700460999139 0.10790894707036 0.02679772643963 0.02412887484793 0.01868940842274 0.02585820104126 0.01938804794740 0.01677547172240 0.01384273697441 0.03377871076839 0.02170526132903 0.01897087628934 0.01624179533875 0.01794396609245 0.01565835002507 0.00190000000000 0.01264878648799 0.01896804282280 0.01603392714267 0.00210000000000 0.01283949817516 0.01646116726821 0.01563576657224 0.00170000000000 0.00170000000000 0.01732192946050 0.01587696237619 0.00180000000000 0.00200000000000 
0.02575364872634 0.11463125209279 0.02110023716124 0.02195961686460 0.02204403632521 0.03783624432469 0.02252722723158 0.02349501629483 0.01944402867469 0.02120135825240 0.01285021602125 0.00990000000000 0.02153522073594 0.07568166260893 0.01318070167269 0.01578975106160 0.00210000000000 0.01435188949375 0.00150000000000 0.00150000000000 0.01425212149313 0.01507899801496 0.00150000000000 0.00150000000000 0.00140000000000 0.00140000000000 0.00120000000000 0.00120000000000 0.00140000000000 0.00140000000000 0.00120000000000 0.00120000000000 
0.00180000000000 0.00180000000000 0.00170000000000 0.00180000000000 0.00120000000000 0.00120000000000 0.00120000000000 0.00120000000000 0.00150000000000 0.00150000000000 0.00150000000000 0.00150000000000 0.00110000000000 0.00110000000000 0.00110000000000 0.00110000000000 0.03554004929593 0.05918208626611 0.03262452267645 0.04691903328522 0.00160000000000 0.00170000000000 0.00160000000000 0.00160000000000 0.01915509410556 0.02049688366194 0.01872775397591 0.01988267514332 0.00140000000000 0.00140000000000 0.00140000000000 0.00140000000000 
0.01884504946087 0.01872736534773 0.01393605909105 0.00240000000000 0.01788711985657 0.01768920780055 0.00210000000000 0.00210000000000 0.01531845212697 0.01521296261615 0.00170000000000 0.00170000000000 0.01478490984700 0.01476412598723 0.00170000000000 0.00170000000000 0.00150000000000 0.00150000000000 0.00130000000000 0.00130000000000 0.00150000000000 0.00150000000000 0.00130000000000 0.00130000000000 0.00140000000000 0.00140000000000 0.00120000000000 0.00120000000000 0.00140000000000 0.00130000000000 0.00120000000000 0.00120000000000 
0.00150000000000 0.00110000000000 0.00170000000000 0.00110000000000 0.01779021878460 0.00130000000000 0.02441943056450 0.00140000000000 0.00120000000000 0.00100000000000 0.00120000000000 0.00100000000000 0.00150000000000 0.00110000000000 0.00160000000000 0.00110000000000 0.00150000000000 0.00110000000000 0.00170000000000 0.00110000000000 0.01817577759012 0.00130000000000 0.02699926868815 0.00140000000000 0.00120000000000 0.00100000000000 0.00120000000000 0.00100000000000 0.00150000000000 0.00110000000000 0.00170000000000 0.00110000000000 
0.01820527721370 0.03761289399780 0.01444948094914 0.02688743131677 0.02717605527569 0.02041829978151 0.01758486886171 0.04657200619650 0.01729856623491 0.05425440515697 0.01370467176586 0.02191814765678 0.02201815625119 0.02324519119065 0.01688634751884 0.04003629319341 0.00160000000000 0.01653131889440 0.00130000000000 0.00600000000000 0.00610000000000 0.01949169326958 0.00150000000000 0.01630879642872 0.00150000000000 0.01586062355638 0.00130000000000 0.00980000000000 0.00980000000000 0.01855905272473 0.00150000000000 0.01572681734090 
0.01853654098644 0.01783471579657 0.02420412240909 0.00160000000000 0.01731241212610 0.02080994217012 0.03221781680914 0.00170000000000 0.01736206874346 0.01970397614433 0.02955963791682 0.00170000000000 0.01658467117583 0.02353348392463 0.06136906679651 0.00190000000000 0.00140000000000 0.01757965567891 0.00250000000000 0.02384215150292 0.00140000000000 0.01678626555397 0.00220000000000 0.03377167742261 0.00140000000000 0.01731393873199 0.00210000000000 0.04214911393648 0.00130000000000 0.01594411581224 0.00200000000000 0.10195128865233 
0.01629020812795 0.02079639244149 0.01628767215311 0.02050618593951 0.10256713222394 0.02553918070360 0.05756698020942 0.02592732177669 0.02435795842373 0.08855092245624 0.02394893389779 0.06922451214516 0.02115652889117 0.01679942727470 0.02144540888555 0.01692266471646 0.01936383206256 0.02952033632782 0.01925399948265 0.02849882049922 0.02948443455005 0.01841979960315 0.03006633216394 0.01864400566593 0.04167465116126 0.02707294450402 0.03892563388183 0.02756112906414 0.01707716617523 0.01452635545090 0.01720217259652 0.01463138063384 
0.02358675351319 0.04167059596177 0.04859332183676 0.02360784341245 0.00190000000000 0.01337569559417 0.01574318139535 0.01821494376997 0.02337525520445 0.03992715168171 0.05100272288588 0.02372255006058 0.00190000000000 0.01329056531773 0.01573200713922 0.01812369972306 0.01896489094407 0.02188859005823 0.02531220380159 0.03502678609682 0.00150000000000 0.00170000000000 0.01513830220510 0.01577527627177 0.01887058127442 0.02178299476304 0.02511515455541 0.03451655892074 0.00150000000000 0.00170000000000 0.01513014549504 0.01576288940458 
0.00190000000000 0.00200000000000 0.01916319094097 0.02100963456456 0.00220000000000 0.01423370477285 0.02170841353278 0.02485469954437 0.00150000000000 0.00160000000000 0.01492194955464 0.01567089583125 0.00160000000000 0.00170000000000 0.01611952722731 0.01719415238081 0.00130000000000 0.00140000000000 0.00180000000000 0.00190000000000 0.00140000000000 0.00140000000000 0.00200000000000 0.00220000000000 0.00120000000000 0.00130000000000 0.00150000000000 0.00160000000000 0.00130000000000 0.00130000000000 0.00160000000000 0.00170000000000 
0.01713914688058 0.02670413613829 0.01862178168140 0.03352562972085 0.02716656638145 0.03917656871675 0.03289794184928 0.03079400522727 0.02525115735061 0.06843434371653 0.02942701472075 0.07115194154761 0.05614623321432 0.03407837878706 0.10330617253692 0.02955788739785 0.03465964339596 0.02561831613231 0.06030995302048 0.02307983240793 0.03136224522365 0.01709971184165 0.02717833408884 0.01644533586115 0.03854364515690 0.02031568413946 0.03199893616244 0.01953216920473 0.02359902020617 0.01626798411333 0.02026227467066 0.01579181270464 
0.00670000000000 0.00220000000000 0.00160000000000 0.00160000000000 0.00230000000000 0.00210000000000 0.00160000000000 0.00160000000000 0.00170000000000 0.00160000000000 0.00140000000000 0.00140000000000 0.00170000000000 0.00160000000000 0.00140000000000 0.00140000000000 0.00220000000000 0.00210000000000 0.00160000000000 0.00160000000000 0.00220000000000 0.00210000000000 0.00160000000000 0.00160000000000 0.00170000000000 0.00160000000000 0.00140000000000 0.00140000000000 0.00170000000000 0.00160000000000 0.00140000000000 0.00140000000000 
0.03098198009907 0.01446466313929 0.02071023741354 0.00180000000000 0.01915415349486 0.00160000000000 0.00210000000000 0.00140000000000 0.10405269138978 0.01718193705177 0.10259048177803 0.00180000000000 0.02000008245132 0.00160000000000 0.00210000000000 0.00140000000000 0.03139571721151 0.01456070628904 0.02092395597443 0.00180000000000 0.01927824307943 0.00160000000000 0.00210000000000 0.00140000000000 0.10415363909712 0.01728778772171 0.10267269391121 0.00180000000000 0.02070759816932 0.00160000000000 0.00210000000000 0.00140000000000 
0.00160000000000 0.00160000000000 0.00160000000000 0.00160000000000 0.00160000000000 0.00160000000000 0.00160000000000 0.00160000000000 0.00160000000000 0.00160000000000 0.00160000000000 0.00160000000000 0.00160000000000 0.00160000000000 0.00150000000000 0.00150000000000 0.00140000000000 0.00140000000000 0.00130000000000 0.00130000000000 0.00140000000000 0.00140000000000 0.00130000000000 0.00130000000000 0.00140000000000 0.00130000000000 0.00130000000000 0.00130000000000 0.00130000000000 0.00130000000000 0.00130000000000 0.00130000000000 
0.00150000000000 0.00150000000000 0.00150000000000 0.00150000000000 0.00170000000000 0.00180000000000 0.00170000000000 0.00190000000000 0.00170000000000 0.00180000000000 0.00170000000000 0.00180000000000 0.01755326499809 0.01788024054327 0.01795905750401 0.01828719029308 0.00120000000000 0.00120000000000 0.00120000000000 0.00120000000000 0.00130000000000 0.00130000000000 0.00130000000000 0.00130000000000 0.00130000000000 0.00130000000000 0.00130000000000 0.00130000000000 0.00140000000000 0.00140000000000 0.00140000000000 0.00140000000000 
0.00680000000000 0.00700000000000 0.01654352584017 0.01696180590673 0.00230000000000 0.00230000000000 0.01655919390952 0.01697255571012 0.01646202934506 0.01677887501625 0.01869889620307 0.01907813057602 0.01647219165401 0.01678842029074 0.01868639865498 0.01898114494206 0.00120000000000 0.00120000000000 0.00120000000000 0.00120000000000 0.00120000000000 0.00120000000000 0.00120000000000 0.00120000000000 0.00120000000000 0.00120000000000 0.00120000000000 0.00120000000000 0.00120000000000 0.00120000000000 0.00120000000000 0.00120000000000 
0.02224891063599 0.00310000000000 0.02143668083888 0.00290000000000 0.06296790118534 0.02915187781890 0.05737624007316 0.03154235838986 0.05854282971975 0.00830000000000 0.04870361376808 0.00770000000000 0.03667202624949 0.01919420765578 0.03778986231230 0.01929819740559 0.03953598214712 0.01684145181533 0.04272756075856 0.01723789420560 0.03121531441929 0.01869403673200 0.03173202929089 0.01870668504758 0.02173783826413 0.00630000000000 0.02194126147114 0.00630000000000 0.02377397917278 0.01612205012376 0.02388604558444 0.01611986060191 
0.02214780341796 0.06010303446822 0.02666532686654 0.07817453108544 0.01537135990907 0.01974561818543 0.01546405576774 0.02098810836167 0.02183605545825 0.02028040427537 0.02224822449444 0.02059112014611 0.02634949727406 0.05383200038601 0.02998550113605 0.09469316166312 0.04350820840638 0.02453978043686 0.03638177677273 0.02474128001777 0.01883651378632 0.02377874740811 0.02006057571169 0.02634077835489 0.00200000000000 0.00160000000000 0.01386593485144 0.00160000000000 0.06802589862021 0.02889034544623 0.04756387238925 0.02863540452026 
0.01600568790046 0.02001293728900 0.00160000000000 0.00970000000000 0.00160000000000 0.00910000000000 0.00120000000000 0.00130000000000 0.00190000000000 0.01528331845696 0.00140000000000 0.00140000000000 0.00140000000000 0.00140000000000 0.00120000000000 0.00120000000000 0.04932424632671 0.01841480835187 0.01727592566917 0.01467305173117 0.01652140696004 0.01459993597392 0.00140000000000 0.00160000000000 0.02456030985569 0.01804459100191 0.00160000000000 0.00900000000000 0.00160000000000 0.00840000000000 0.00120000000000 0.00130000000000 
0.01648832091401 0.01540431033656 0.00190000000000 0.00160000000000 0.00180000000000 0.00150000000000 0.00140000000000 0.00130000000000 0.02321724400678 0.01935843726895 0.01659680658958 0.00580000000000 0.01591932668035 0.00500000000000 0.00150000000000 0.00130000000000 0.03994507517729 0.02261997725315 0.01905645789798 0.01690962102331 0.01734116589392 0.01614872290165 0.00190000000000 0.00160000000000 0.10829916055393 0.10289418648906 0.10293633779794 0.02242895351501 0.02346523272431 0.01987261700870 0.01766574100158 0.01673989933268 
0.00190000000000 0.02304264092715 0.00200000000000 0.02262160250650 0.00210000000000 0.02823786990375 0.00220000000000 0.02790220631788 0.00640000000000 0.01932858436975 0.00650000000000 0.01911658552524 0.00750000000000 0.02189876554516 0.00780000000000 0.02140211592477 0.02904079598137 0.00200000000000 0.02985711601040 0.00200000000000 0.03658817423372 0.00210000000000 0.03810548083845 0.00210000000000 0.03650578722415 0.00180000000000 0.03810638517162 0.00180000000000 0.05681652999294 0.00190000000000 0.06557995136221 0.00190000000000 
0.01862651703281 0.00640000000000 0.00770000000000 0.00190000000000 0.05844233579747 0.01933525505276 0.00760000000000 0.01393197092454 0.00140000000000 0.00120000000000 0.00130000000000 0.00120000000000 0.00170000000000 0.00140000000000 0.00160000000000 0.00130000000000 0.02019857816116 0.01461251310304 0.00950000000000 0.00200000000000 0.05662933884335 0.02078541791789 0.00720000000000 0.01466646870529 0.00140000000000 0.00120000000000 0.00140000000000 0.00120000000000 0.00180000000000 0.00140000000000 0.00170000000000 0.00140000000000 
0.00210000000000 0.01516553720383 0.01486837626392 0.01668333163319 0.00170000000000 0.00170000000000 0.00180000000000 0.00190000000000 0.00180000000000 0.00190000000000 0.00210000000000 0.01517609458422 0.00150000000000 0.00160000000000 0.00160000000000 0.00170000000000 0.01698176399350 0.01854783393761 0.01848046729227 0.02032314186880 0.00190000000000 0.01589566016923 0.01658037828054 0.01794765400790 0.01570318328051 0.01718319096740 0.01699897738124 0.01865953402638 0.00160000000000 0.00170000000000 0.00180000000000 0.01633762394628 
0.00160000000000 0.00630000000000 0.03367530029995 0.04195284341280 0.00180000000000 0.00680000000000 0.08675254527563 0.02623833468563 0.00170000000000 0.00660000000000 0.04464460094472 0.04058404061848 0.00200000000000 0.01457375279994 0.10242981944276 0.02665665253373 0.01626574300823 0.01880745292447 0.03391272963648 0.02495405833506 0.01800222738620 0.02168376729796 0.02680398655085 0.02200365370839 0.01735036793767 0.02016126210008 0.03344629164742 0.02516672221276 0.01933017115621 0.02370161216711 0.02692282446041 0.02240046475332 
0.01588542321226 0.02870802171378 0.01784828800923 0.02235559185817 0.00220000000000 0.02898804293270 0.00700000000000 0.02080280971726 0.00180000000000 0.10641019928367 0.00200000000000 0.10468442619927 0.00160000000000 0.02092127533294 0.00170000000000 0.03601568044843 0.04348577178778 0.02638878319466 0.10643019499207 0.02149969029528 0.02077149917923 0.02320488236919 0.02737048076344 0.01963809686297 0.01931150309517 0.10395727475958 0.04363286936101 0.10420066104508 0.00250000000000 0.10365279066219 0.01573038753090 0.10435328191010 
0.01617461821884 0.01532087386746 0.01983349407963 0.01889292112573 0.00350000000000 0.00290000000000 0.10492981701200 0.02250773154001 0.01643097987066 0.01581459852855 0.02036046688672 0.01932722693925 0.00200000000000 0.00180000000000 0.03921221112053 0.03855475420844 0.04675192452879 0.03539427407629 0.04354538939681 0.03516816056777 0.09494118584510 0.09403423582132 0.08141773762556 0.10765783636318 0.06126799677873 0.02661642871770 0.04806833760624 0.03242149553371 0.08177204619295 0.06602896003135 0.04662811513950 0.04167038477055 
0.02553951301612 0.01642895296759 0.02658181517290 0.02694264085228 0.02093134191509 0.01482304959380 0.02777124089664 0.02959811453442 0.01859596299900 0.01265210402692 0.03514956139614 0.02572459895556 0.01586471356869 0.00610000000000 0.03043396611800 0.02337220260122 0.10899983859791 0.05819804654892 0.02652656705843 0.02610325446145 0.10435135844853 0.03729472004072 0.02711676557018 0.02688653523007 0.03059694169538 0.02338686628941 0.04990971480248 0.06894192926992 0.02713685878545 0.02154551071978 0.06021702268772 0.04516324370308 
0.00170000000000 0.00220000000000 0.00150000000000 0.00170000000000 0.00170000000000 0.00210000000000 0.00150000000000 0.00170000000000 0.00130000000000 0.00140000000000 0.00130000000000 0.00130000000000 0.00130000000000 0.00140000000000 0.00130000000000 0.00130000000000 0.00120000000000 0.00130000000000 0.00120000000000 0.00120000000000 0.00120000000000 0.00130000000000 0.00120000000000 0.00120000000000 0.00110000000000 0.00110000000000 0.00110000000000 0.00110000000000 0.00110000000000 0.00110000000000 0.00110000000000 0.00110000000000 
0.01618411981515 0.01634303958965 0.03108398991943 0.02507765164550 0.01955680089944 0.01914117303307 0.02921826498578 0.02647816549265 0.01628870270575 0.01635356302487 0.03158684344881 0.02538856630203 0.01957333017141 0.01924151882162 0.02951442154987 0.02658719209872 0.00590000000000 0.00510000000000 0.01793249592939 0.01741826875634 0.01620914364926 0.01647513020209 0.02018153890755 0.01963368532311 0.00590000000000 0.00520000000000 0.01803129975820 0.01751327086494 0.01630305932708 0.01656741366210 0.02027610474651 0.01973010889794 
0.02360464111103 0.03026757155012 0.02183515149181 0.02307737856681 0.00160000000000 0.01607405650582 0.00160000000000 0.01415906462679 0.01979850479179 0.04213334739078 0.01759678904300 0.02794250928839 0.00150000000000 0.01512780408511 0.00150000000000 0.00700000000000 0.03738979761732 0.02696014797716 0.05958328378891 0.02193972863052 0.00180000000000 0.01923812471649 0.00170000000000 0.01691396874195 0.02545502646105 0.03304396098039 0.02478671320541 0.02511944913957 0.00170000000000 0.01726851603278 0.00160000000000 0.01536377894358 
0.00200000000000 0.00150000000000 0.00130000000000 0.00120000000000 0.01473275002499 0.00160000000000 0.00140000000000 0.00120000000000 0.00220000000000 0.00160000000000 0.00130000000000 0.00120000000000 0.01484901701153 0.00180000000000 0.00140000000000 0.00130000000000 0.10320256448261 0.01989299764787 0.01982877447272 0.00170000000000 0.02800978546960 0.01586959001870 0.02284963010256 0.00200000000000 0.02256980753623 0.00740000000000 0.02106666118835 0.00190000000000 0.01766237287267 0.00300000000000 0.02623987171926 0.00230000000000 
0.00210000000000 0.01613382830168 0.00140000000000 0.00180000000000 0.00600000000000 0.02261612728314 0.00160000000000 0.00230000000000 0.01917540212706 0.11817523777907 0.00180000000000 0.01472622570868 0.02983606312768 0.01539866098804 0.00220000000000 0.01720028563043 0.00710000000000 0.01780106946369 0.00150000000000 0.00200000000000 0.00740000000000 0.03560956240939 0.00160000000000 0.00270000000000 0.02101306335633 0.10504863933565 0.00200000000000 0.01663347100821 0.04849478264350 0.01561957884697 0.00260000000000 0.10710642340161 
0.00180000000000 0.00210000000000 0.00220000000000 0.00610000000000 0.00130000000000 0.00130000000000 0.00140000000000 0.00150000000000 0.01767644319522 0.01905042886120 0.01919741982727 0.02167639887785 0.00170000000000 0.00630000000000 0.00190000000000 0.00630000000000 0.03016332573956 0.04365849479636 0.02422534261363 0.02028550203530 0.00200000000000 0.00680000000000 0.00260000000000 0.00720000000000 0.11089640257249 0.10455743973609 0.10446292777147 0.02107495949897 0.01976738368287 0.02172747553804 0.02351351875417 0.02828811725272 
0.01423672680747 0.01711758048522 0.00150000000000 0.00170000000000 0.01424721124272 0.01712360498690 0.00150000000000 0.00170000000000 0.01404184142226 0.01681271821011 0.00150000000000 0.00170000000000 0.01413369255256 0.01690377141046 0.00150000000000 0.00170000000000 0.00140000000000 0.00160000000000 0.00120000000000 0.00130000000000 0.00140000000000 0.00160000000000 0.00120000000000 0.00130000000000 0.00140000000000 0.00150000000000 0.00120000000000 0.00130000000000 0.00140000000000 0.00150000000000 0.00120000000000 0.00130000000000 
0.01681863692054 0.00130000000000 0.01702097431914 0.00130000000000 0.00130000000000 0.00110000000000 0.00130000000000 0.00110000000000 0.02300934163244 0.01481859339240 0.02514650894158 0.01512412237876 0.00640000000000 0.00120000000000 0.00630000000000 0.00120000000000 0.00170000000000 0.00120000000000 0.00170000000000 0.00120000000000 0.00110000000000 0.00100000000000 0.00110000000000 0.00100000000000 0.02343547343276 0.00160000000000 0.02265803102625 0.00160000000000 0.00140000000000 0.00110000000000 0.00140000000000 0.00110000000000 
0.01811416661252 0.01747771921120 0.00140000000000 0.00140000000000 0.00180000000000 0.00180000000000 0.00120000000000 0.00120000000000 0.01489877114364 0.01412016833476 0.00130000000000 0.00130000000000 0.00160000000000 0.00160000000000 0.00120000000000 0.00120000000000 0.01801954215005 0.01737391288901 0.00140000000000 0.00140000000000 0.00180000000000 0.00180000000000 0.00120000000000 0.00120000000000 0.01491389857568 0.00920000000000 0.00130000000000 0.00130000000000 0.00160000000000 0.00160000000000 0.00120000000000 0.00120000000000 
0.00190000000000 0.07352937539050 0.02021223910506 0.01797617641354 0.00170000000000 0.03221267895719 0.01729979638543 0.01774365003014 0.00200000000000 0.02880532448199 0.01868165128791 0.02014080161953 0.00180000000000 0.02339985387842 0.01693568448235 0.02034713163774 0.00220000000000 0.03892340646046 0.02314583000503 0.01732613334876 0.00190000000000 0.08700297983340 0.01930312756468 0.01699940620701 0.01355802499307 0.04601506350509 0.02036497978249 0.01925816763739 0.00200000000000 0.02841874890612 0.01816629451676 0.01935016191166 
0.00200000000000 0.00140000000000 0.00650000000000 0.00540000000000 0.00200000000000 0.00140000000000 0.00690000000000 0.00550000000000 0.00120000000000 0.00110000000000 0.00140000000000 0.00120000000000 0.00120000000000 0.00110000000000 0.00140000000000 0.00120000000000 0.03759051053506 0.00630000000000 0.00690000000000 0.00940000000000 0.03053648640409 0.00860000000000 0.00700000000000 0.01000000000000 0.00180000000000 0.00140000000000 0.00630000000000 0.00190000000000 0.00190000000000 0.00140000000000 0.00660000000000 0.00200000000000 
0.02790306270002 0.01787111047433 0.03407779778399 0.01812497486914 0.01816108132794 0.01808998028463 0.01794470951810 0.01772880891245 0.02500482471309 0.02993740835139 0.02701179947977 0.10273878428338 0.00150000000000 0.00170000000000 0.00150000000000 0.00170000000000 0.02085825792682 0.02066220325741 0.02043425742051 0.02008500839904 0.01414624310306 0.01410108954698 0.01421290538526 0.01417122727172 0.01787660067644 0.01711913503829 0.01754037715568 0.01676723544756 0.00130000000000 0.00140000000000 0.00130000000000 0.00140000000000 
0.01820964251263 0.04521719628793 0.00150000000000 0.00150000000000 0.10705345853971 0.10903320929553 0.01570468969775 0.01563820139572 0.00140000000000 0.00140000000000 0.00110000000000 0.00110000000000 0.00200000000000 0.00190000000000 0.00130000000000 0.00130000000000 0.02904637399316 0.02012993026994 0.01542646993395 0.01535906426828 0.01816148072823 0.00680000000000 0.11609276298774 0.03222994465355 0.00210000000000 0.00200000000000 0.00130000000000 0.00130000000000 0.02161479663610 0.00940000000000 0.00170000000000 0.00170000000000 
0.00740000000000 0.00170000000000 0.00770000000000 0.00170000000000 0.00650000000000 0.00160000000000 0.00660000000000 0.00160000000000 0.00170000000000 0.00140000000000 0.00170000000000 0.00140000000000 0.00150000000000 0.00130000000000 0.00150000000000 0.00130000000000 0.01443764053112 0.00380000000000 0.01490431902671 0.00590000000000 0.00710000000000 0.00570000000000 0.00710000000000 0.00570000000000 0.00310000000000 0.00200000000000 0.00310000000000 0.00210000000000 0.00240000000000 0.00180000000000 0.00240000000000 0.00180000000000 
0.00220000000000 0.02986742808444 0.04358147923210 0.02359024242131 0.02023401810321 0.00180000000000 0.00860000000000 0.00140000000000 0.02927604751858 0.03537116881952 0.02080222371151 0.01451584437922 0.01312650626151 0.00140000000000 0.00460000000000 0.00120000000000 0.00130000000000 0.00170000000000 0.01437985519958 0.05162884666125 0.01508754206291 0.00680000000000 0.01657530503541 0.00690000000000 0.00170000000000 0.02078176007301 0.04396234626430 0.02661441106476 0.02513425369014 0.00190000000000 0.01508663978376 0.00140000000000 
0.02890297843719 0.00150000000000 0.01547786300563 0.00960000000000 0.04198166684817 0.00160000000000 0.01558737989758 0.01602558290692 0.01841681200105 0.00140000000000 0.01621545359127 0.00250000000000 0.02132784164259 0.00140000000000 0.01623590627662 0.00830000000000 0.10707054251586 0.00170000000000 0.00200000000000 0.00900000000000 0.12134644504799 0.00180000000000 0.00190000000000 0.01864133711519 0.02378325030841 0.00150000000000 0.00240000000000 0.00750000000000 0.03563534018756 0.00150000000000 0.00220000000000 0.00780000000000 
0.05224273658433 0.00170000000000 0.02143318975113 0.02144133854003 0.00230000000000 0.00120000000000 0.04684035414399 0.00160000000000 0.04528148670185 0.00160000000000 0.01704882348363 0.01897256342611 0.00210000000000 0.00120000000000 0.02881404297156 0.00150000000000 0.00880000000000 0.02950978817631 0.00460000000000 0.02224699087325 0.00780000000000 0.01518341248920 0.01552766443212 0.03912973976327 0.00850000000000 0.03619984322643 0.00450000000000 0.01846035216679 0.01532442092068 0.01348848699663 0.00920000000000 0.07601328154932 
0.00190000000000 0.00200000000000 0.00150000000000 0.00150000000000 0.00180000000000 0.00190000000000 0.00140000000000 0.00140000000000 0.01674001386469 0.01725673723528 0.00190000000000 0.00200000000000 0.00330000000000 0.00610000000000 0.00170000000000 0.00180000000000 0.01858982292909 0.01898732453084 0.01263522542462 0.01283009894323 0.01772123061801 0.01790043025836 0.00180000000000 0.00190000000000 0.03976448011301 0.03663799060408 0.01983592592207 0.02044755285758 0.03008766475557 0.03669049010671 0.01887510708431 0.01936750742064 
0.02183925943272 0.02626242947459 0.02184809283362 0.02625732833688 0.01786811879006 0.00810000000000 0.01786447294711 0.00810000000000 0.04747849638344 0.02092673284089 0.04807445937323 0.02092323977227 0.01603610986861 0.00780000000000 0.01594804611328 0.00780000000000 0.00150000000000 0.01907726839554 0.00150000000000 0.01916254653489 0.02092155276917 0.02975511802318 0.02092912153702 0.02966020031192 0.00180000000000 0.02479510499318 0.00180000000000 0.02480482718895 0.03485501204879 0.02346158497147 0.03505228846702 0.02337361714248 
0.01567408887890 0.00210000000000 0.00140000000000 0.00130000000000 0.00650000000000 0.00170000000000 0.00130000000000 0.00120000000000 0.00130000000000 0.00120000000000 0.00110000000000 0.00110000000000 0.00120000000000 0.00120000000000 0.00110000000000 0.00100000000000 0.02680107027084 0.02273638257296 0.00970000000000 0.00140000000000 0.01481572394425 0.01503444932793 0.00150000000000 0.00130000000000 0.00130000000000 0.00130000000000 0.00110000000000 0.00110000000000 0.00130000000000 0.00120000000000 0.00110000000000 0.00110000000000 
0.01652786241091 0.03598280662789 0.10475179859829 0.02096934621104 0.01556898511614 0.02692591532447 0.03480779549673 0.02389172070450 0.00590000000000 0.00880000000000 0.01663044650407 0.01776650047945 0.00240000000000 0.00690000000000 0.00850000000000 0.02061139474027 0.02883215061061 0.10403818916972 0.10421576692075 0.02359838347567 0.02574389684145 0.10538267022645 0.10511094234258 0.02532906513435 0.01827713457098 0.10475679282560 0.10648466769437 0.03091618711263 0.01712620284637 0.10295000696132 0.10408867297962 0.10262465357044 
0.02809830455598 0.01872532462094 0.01461719203098 0.01812473086781 0.10454308124620 0.01760530796726 0.00230000000000 0.00730000000000 0.02090684147632 0.00330000000000 0.00160000000000 0.00190000000000 0.00890000000000 0.00360000000000 0.00160000000000 0.00180000000000 0.00170000000000 0.00140000000000 0.10444693530700 0.02853273526917 0.00170000000000 0.00140000000000 0.11235014119913 0.02230817855938 0.00160000000000 0.00140000000000 0.01725546921085 0.00310000000000 0.00160000000000 0.00140000000000 0.00400000000000 0.00350000000000 
0.01980922855241 0.00200000000000 0.01790400372847 0.00200000000000 0.03852885939279 0.01596330391382 0.03325210854374 0.01562075203586 0.01536907045333 0.01589776224063 0.00770000000000 0.01545905926986 0.02194992204244 0.01884897137137 0.02032928470121 0.01865310665637 0.00180000000000 0.02451640849678 0.00180000000000 0.02565470027468 0.02428137405197 0.02584391496515 0.02262468649602 0.02657870535977 0.00150000000000 0.04942703166753 0.00150000000000 0.10410605793607 0.01921457544648 0.03658515422137 0.01849308437911 0.04083509533431 
0.00180000000000 0.01486411673933 0.02369631590923 0.04171855686482 0.01459335371043 0.02478831136499 0.03670143448180 0.08148525893484 0.00130000000000 0.00130000000000 0.00180000000000 0.00970000000000 0.00140000000000 0.00150000000000 0.02334569431561 0.02441391089046 0.00610000000000 0.01630117839439 0.02936037586426 0.08388039181612 0.01534533589500 0.03847897330629 0.10667826860657 0.04588891344346 0.00130000000000 0.00150000000000 0.02108146079837 0.02388049429833 0.00150000000000 0.00170000000000 0.02745717144731 0.04160664327719 
0.05072984825161 0.03586198149542 0.07547124492485 0.03887068128920 0.02534367425583 0.02626457971920 0.02727122548582 0.02738690108027 0.03337050145910 0.10259814260138 0.03005956001158 0.10268350925411 0.09192845608739 0.03790186078151 0.04651179951085 0.04165258892656 0.02153286639544 0.02341276039899 0.02246562004933 0.02413171846982 0.01756413595166 0.01988399300754 0.01800624714508 0.02030635802969 0.03168772957545 0.02990873554534 0.03487147283467 0.03141172582495 0.02236109922339 0.02400831389824 0.02347703701389 0.02481723896460 
0.05054362516701 0.01635115892817 0.02642622427390 0.10185506117578 0.02882761495231 0.00180000000000 0.10876437340847 0.01935694196448 0.02031232687842 0.02194423286875 0.01879923741990 0.10629557547879 0.03042228624487 0.01604950810005 0.02179212952936 0.10642836558786 0.07456534859255 0.00250000000000 0.02787210563318 0.02851273771000 0.02659537571391 0.00170000000000 0.10950635049433 0.01891465643161 0.02112743326875 0.02089443865000 0.01911504209530 0.10555330020587 0.03498305799213 0.01564349782682 0.02263586218618 0.10674587211277 
0.02266035271187 0.00170000000000 0.01371087738779 0.00130000000000 0.00170000000000 0.00120000000000 0.00130000000000 0.00110000000000 0.04330678791518 0.00250000000000 0.01758912655468 0.00150000000000 0.01444123835766 0.00140000000000 0.00150000000000 0.00120000000000 0.00140000000000 0.00120000000000 0.00120000000000 0.00110000000000 0.00120000000000 0.00100000000000 0.00110000000000 0.00100000000000 0.00170000000000 0.00120000000000 0.00130000000000 0.00110000000000 0.00120000000000 0.00110000000000 0.00110000000000 0.00100000000000 
0.01499905341974 0.02007938247818 0.00120000000000 0.00130000000000 0.03348073855217 0.03087378385233 0.00140000000000 0.00160000000000 0.10211284882722 0.02235604211456 0.00190000000000 0.01817921345515 0.00180000000000 0.00150000000000 0.02156580861037 0.04267625517738 0.00160000000000 0.00240000000000 0.00110000000000 0.00120000000000 0.01499763801363 0.02303648625285 0.00120000000000 0.00130000000000 0.12940905352617 0.10308775871802 0.00140000000000 0.00170000000000 0.08031297206848 0.00190000000000 0.00200000000000 0.01856315367469 
0.01824955533643 0.00140000000000 0.00180000000000 0.00120000000000 0.02133856320095 0.00140000000000 0.00210000000000 0.00120000000000 0.00170000000000 0.00120000000000 0.00130000000000 0.00110000000000 0.00210000000000 0.00120000000000 0.00140000000000 0.00110000000000 0.10367309273925 0.00170000000000 0.01918972469429 0.00130000000000 0.02717038097321 0.00210000000000 0.02253903408265 0.00140000000000 0.01719878752216 0.00130000000000 0.00160000000000 0.00110000000000 0.01890963348365 0.00140000000000 0.00190000000000 0.00120000000000 
0.00220000000000 0.01745280606135 0.01799816061901 0.03869235818608 0.00140000000000 0.00170000000000 0.00180000000000 0.01513552699272 0.02706469164267 0.01626099027785 0.01850696094959 0.00180000000000 0.01936455504918 0.03668615646357 0.11101627611196 0.01964535951554 0.00140000000000 0.00180000000000 0.00180000000000 0.01526341067256 0.00120000000000 0.00140000000000 0.00140000000000 0.00160000000000 0.01967993004632 0.03530431813953 0.12163526014521 0.01902116875326 0.00210000000000 0.01580697936212 0.01645679841823 0.03959033072254 
0.00170000000000 0.00140000000000 0.00120000000000 0.00110000000000 0.00120000000000 0.00110000000000 0.00110000000000 0.00100000000000 0.01641715049518 0.00200000000000 0.00140000000000 0.00130000000000 0.00140000000000 0.00130000000000 0.00110000000000 0.00110000000000 0.00160000000000 0.00140000000000 0.00120000000000 0.00110000000000 0.00120000000000 0.00110000000000 0.00110000000000 0.00100000000000 0.01649259853465 0.00180000000000 0.00140000000000 0.00130000000000 0.00140000000000 0.00120000000000 0.00110000000000 0.00110000000000 
0.01693499297789 0.01543220083032 0.01832490300110 0.01618783946625 0.01578540729491 0.02145602755678 0.01504684523075 0.01961730624372 0.00140000000000 0.00130000000000 0.00150000000000 0.00140000000000 0.02090395867787 0.01689766365782 0.02496441022281 0.01825773355983 0.00230000000000 0.00190000000000 0.01839512521134 0.00220000000000 0.03055555065480 0.10826578632676 0.02384680379435 0.10421247690873 0.00130000000000 0.00120000000000 0.00130000000000 0.00130000000000 0.02270588263539 0.01785755331758 0.06954740950957 0.01950953363251 
0.00150000000000 0.00200000000000 0.00150000000000 0.00200000000000 0.04114678971106 0.01679541915660 0.03532385882516 0.01657930289148 0.00110000000000 0.00120000000000 0.00110000000000 0.00120000000000 0.00170000000000 0.00250000000000 0.00170000000000 0.00240000000000 0.00160000000000 0.00210000000000 0.00150000000000 0.00200000000000 0.04366025281997 0.01647859604312 0.03671366583641 0.01626261231600 0.00110000000000 0.00120000000000 0.00110000000000 0.00120000000000 0.00170000000000 0.00260000000000 0.00170000000000 0.00250000000000 
0.01492997656290 0.01760426334550 0.00730000000000 0.01690050943547 0.01525063195223 0.01813564372204 0.01462724146472 0.01743553263678 0.00140000000000 0.00160000000000 0.00140000000000 0.00160000000000 0.00140000000000 0.00160000000000 0.00140000000000 0.00160000000000 0.00680000000000 0.01569629149941 0.00650000000000 0.01519404676463 0.00710000000000 0.01601630316372 0.00670000000000 0.01551243313951 0.00140000000000 0.00150000000000 0.00140000000000 0.00150000000000 0.00140000000000 0.00150000000000 0.00140000000000 0.00160000000000 
0.00190000000000 0.00220000000000 0.00170000000000 0.00190000000000 0.00200000000000 0.00230000000000 0.00180000000000 0.00190000000000 0.00120000000000 0.00120000000000 0.00120000000000 0.00120000000000 0.00120000000000 0.00120000000000 0.00120000000000 0.00120000000000 0.00190000000000 0.00210000000000 0.00170000000000 0.00190000000000 0.00190000000000 0.00210000000000 0.00170000000000 0.00190000000000 0.00120000000000 0.00120000000000 0.00120000000000 0.00120000000000 0.00120000000000 0.00120000000000 0.00120000000000 0.00120000000000 
M_out
1 1 1 1 1 0 0 0 0 0 0 0 0 0 0 0 0 0 0 0 0 0 0 0 0 0 0 0 0 0 0 0 0 0 0 0 0 0 0 0 0 0 0 0 0 0 0 0 0 0 0 0 0 0 0 0 0 0 0 0 0 0 0 0 0 0 0 0 0 0 0 0 0 0 0 0 0 0 0 0 0 0 0 0 0 0 0 0 0 0 0 0 0 0 0 0 0 0 0 0 
0 1 1 1 1 1 0 0 0 0 0 0 0 0 0 0 0 0 0 0 0 0 0 0 0 0 0 0 0 0 0 0 0 0 0 0 0 0 0 0 0 0 0 0 0 0 0 0 0 0 0 0 0 0 0 0 0 0 0 0 0 0 0 0 0 0 0 0 0 0 0 0 0 0 0 0 0 0 0 0 0 0 0 0 0 0 0 0 0 0 0 0 0 0 0 0 0 0 0 0 
0 0 1 1 1 1 1 0 0 0 0 0 0 0 0 0 0 0 0 0 0 0 0 0 0 0 0 0 0 0 0 0 0 0 0 0 0 0 0 0 0 0 0 0 0 0 0 0 0 0 0 0 0 0 0 0 0 0 0 0 0 0 0 0 0 0 0 0 0 0 0 0 0 0 0 0 0 0 0 0 0 0 0 0 0 0 0 0 0 0 0 0 0 0 0 0 0 0 0 0 
0 0 0 1 1 1 1 1 0 0 0 0 0 0 0 0 0 0 0 0 0 0 0 0 0 0 0 0 0 0 0 0 0 0 0 0 0 0 0 0 0 0 0 0 0 0 0 0 0 0 0 0 0 0 0 0 0 0 0 0 0 0 0 0 0 0 0 0 0 0 0 0 0 0 0 0 0 0 0 0 0 0 0 0 0 0 0 0 0 0 0 0 0 0 0 0 0 0 0 0 
0 0 0 0 1 1 1 1 1 0 0 0 0 0 0 0 0 0 0 0 0 0 0 0 0 0 0 0 0 0 0 0 0 0 0 0 0 0 0 0 0 0 0 0 0 0 0 0 0 0 0 0 0 0 0 0 0 0 0 0 0 0 0 0 0 0 0 0 0 0 0 0 0 0 0 0 0 0 0 0 0 0 0 0 0 0 0 0 0 0 0 0 0 0 0 0 0 0 0 0 
0 0 0 0 0 1 1 1 1 1 0 0 0 0 0 0 0 0 0 0 0 0 0 0 0 0 0 0 0 0 0 0 0 0 0 0 0 0 0 0 0 0 0 0 0 0 0 0 0 0 0 0 0 0 0 0 0 0 0 0 0 0 0 0 0 0 0 0 0 0 0 0 0 0 0 0 0 0 0 0 0 0 0 0 0 0 0 0 0 0 0 0 0 0 0 0 0 0 0 0 
0 0 0 0 0 0 1 1 1 1 1 0 0 0 0 0 0 0 0 0 0 0 0 0 0 0 0 0 0 0 0 0 0 0 0 0 0 0 0 0 0 0 0 0 0 0 0 0 0 0 0 0 0 0 0 0 0 0 0 0 0 0 0 0 0 0 0 0 0 0 0 0 0 0 0 0 0 0 0 0 0 0 0 0 0 0 0 0 0 0 0 0 0 0 0 0 0 0 0 0 
0 0 0 0 0 0 0 1 1 1 1 1 0 0 0 0 0 0 0 0 0 0 0 0 0 0 0 0 0 0 0 0 0 0 0 0 0 0 0 0 0 0 0 0 0 0 0 0 0 0 0 0 0 0 0 0 0 0 0 0 0 0 0 0 0 0 0 0 0 0 0 0 0 0 0 0 0 0 0 0 0 0 0 0 0 0 0 0 0 0 0 0 0 0 0 0 0 0 0 0 
0 0 0 0 0 0 0 0 1 1 1 1 1 0 0 0 0 0 0 0 0 0 0 0 0 0 0 0 0 0 0 0 0 0 0 0 0 0 0 0 0 0 0 0 0 0 0 0 0 0 0 0 0 0 0 0 0 0 0 0 0 0 0 0 0 0 0 0 0 0 0 0 0 0 0 0 0 0 0 0 0 0 0 0 0 0 0 0 0 0 0 0 0 0 0 0 0 0 0 0 
0 0 0 0 0 0 0 0 0 1 1 1 1 1 0 0 0 0 0 0 0 0 0 0 0 0 0 0 0 0 0 0 0 0 0 0 0 0 0 0 0 0 0 0 0 0 0 0 0 0 0 0 0 0 0 0 0 0 0 0 0 0 0 0 0 0 0 0 0 0 0 0 0 0 0 0 0 0 0 0 0 0 0 0 0 0 0 0 0 0 0 0 0 0 0 0 0 0 0 0 
0 0 0 0 0 0 0 0 0 0 1 1 1 1 1 0 0 0 0 0 0 0 0 0 0 0 0 0 0 0 0 0 0 0 0 0 0 0 0 0 0 0 0 0 0 0 0 0 0 0 0 0 0 0 0 0 0 0 0 0 0 0 0 0 0 0 0 0 0 0 0 0 0 0 0 0 0 0 0 0 0 0 0 0 0 0 0 0 0 0 0 0 0 0 0 0 0 0 0 0 
0 0 0 0 0 0 0 0 0 0 0 1 1 1 1 1 0 0 0 0 0 0 0 0 0 0 0 0 0 0 0 0 0 0 0 0 0 0 0 0 0 0 0 0 0 0 0 0 0 0 0 0 0 0 0 0 0 0 0 0 0 0 0 0 0 0 0 0 0 0 0 0 0 0 0 0 0 0 0 0 0 0 0 0 0 0 0 0 0 0 0 0 0 0 0 0 0 0 0 0 
0 0 0 0 0 0 0 0 0 0 0 0 1 1 1 1 1 0 0 0 0 0 0 0 0 0 0 0 0 0 0 0 0 0 0 0 0 0 0 0 0 0 0 0 0 0 0 0 0 0 0 0 0 0 0 0 0 0 0 0 0 0 0 0 0 0 0 0 0 0 0 0 0 0 0 0 0 0 0 0 0 0 0 0 0 0 0 0 0 0 0 0 0 0 0 0 0 0 0 0 
0 0 0 0 0 0 0 0 0 0 0 0 0 1 1 1 1 1 0 0 0 0 0 0 0 0 0 0 0 0 0 0 0 0 0 0 0 0 0 0 0 0 0 0 0 0 0 0 0 0 0 0 0 0 0 0 0 0 0 0 0 0 0 0 0 0 0 0 0 0 0 0 0 0 0 0 0 0 0 0 0 0 0 0 0 0 0 0 0 0 0 0 0 0 0 0 0 0 0 0 
0 0 0 0 0 0 0 0 0 0 0 0 0 0 1 1 1 1 1 0 0 0 0 0 0 0 0 0 0 0 0 0 0 0 0 0 0 0 0 0 0 0 0 0 0 0 0 0 0 0 0 0 0 0 0 0 0 0 0 0 0 0 0 0 0 0 0 0 0 0 0 0 0 0 0 0 0 0 0 0 0 0 0 0 0 0 0 0 0 0 0 0 0 0 0 0 0 0 0 0 
0 0 0 0 0 0 0 0 0 0 0 0 0 0 0 1 1 1 1 1 0 0 0 0 0 0 0 0 0 0 0 0 0 0 0 0 0 0 0 0 0 0 0 0 0 0 0 0 0 0 0 0 0 0 0 0 0 0 0 0 0 0 0 0 0 0 0 0 0 0 0 0 0 0 0 0 0 0 0 0 0 0 0 0 0 0 0 0 0 0 0 0 0 0 0 0 0 0 0 0 
0 0 0 0 0 0 0 0 0 0 0 0 0 0 0 0 1 1 1 1 1 0 0 0 0 0 0 0 0 0 0 0 0 0 0 0 0 0 0 0 0 0 0 0 0 0 0 0 0 0 0 0 0 0 0 0 0 0 0 0 0 0 0 0 0 0 0 0 0 0 0 0 0 0 0 0 0 0 0 0 0 0 0 0 0 0 0 0 0 0 0 0 0 0 0 0 0 0 0 0 
0 0 0 0 0 0 0 0 0 0 0 0 0 0 0 0 0 1 1 1 1 1 0 0 0 0 0 0 0 0 0 0 0 0 0 0 0 0 0 0 0 0 0 0 0 0 0 0 0 0 0 0 0 0 0 0 0 0 0 0 0 0 0 0 0 0 0 0 0 0 0 0 0 0 0 0 0 0 0 0 0 0 0 0 0 0 0 0 0 0 0 0 0 0 0 0 0 0 0 0 
0 0 0 0 0 0 0 0 0 0 0 0 0 0 0 0 0 0 1 1 1 1 1 0 0 0 0 0 0 0 0 0 0 0 0 0 0 0 0 0 0 0 0 0 0 0 0 0 0 0 0 0 0 0 0 0 0 0 0 0 0 0 0 0 0 0 0 0 0 0 0 0 0 0 0 0 0 0 0 0 0 0 0 0 0 0 0 0 0 0 0 0 0 0 0 0 0 0 0 0 
0 0 0 0 0 0 0 0 0 0 0 0 0 0 0 0 0 0 0 1 1 1 1 1 0 0 0 0 0 0 0 0 0 0 0 0 0 0 0 0 0 0 0 0 0 0 0 0 0 0 0 0 0 0 0 0 0 0 0 0 0 0 0 0 0 0 0 0 0 0 0 0 0 0 0 0 0 0 0 0 0 0 0 0 0 0 0 0 0 0 0 0 0 0 0 0 0 0 0 0 
0 0 0 0 0 0 0 0 0 0 0 0 0 0 0 0 0 0 0 0 1 1 1 1 1 0 0 0 0 0 0 0 0 0 0 0 0 0 0 0 0 0 0 0 0 0 0 0 0 0 0 0 0 0 0 0 0 0 0 0 0 0 0 0 0 0 0 0 0 0 0 0 0 0 0 0 0 0 0 0 0 0 0 0 0 0 0 0 0 0 0 0 0 0 0 0 0 0 0 0 
0 0 0 0 0 0 0 0 0 0 0 0 0 0 0 0 0 0 0 0 0 1 1 1 1 1 0 0 0 0 0 0 0 0 0 0 0 0 0 0 0 0 0 0 0 0 0 0 0 0 0 0 0 0 0 0 0 0 0 0 0 0 0 0 0 0 0 0 0 0 0 0 0 0 0 0 0 0 0 0 0 0 0 0 0 0 0 0 0 0 0 0 0 0 0 0 0 0 0 0 
0 0 0 0 0 0 0 0 0 0 0 0 0 0 0 0 0 0 0 0 0 0 1 1 1 1 1 0 0 0 0 0 0 0 0 0 0 0 0 0 0 0 0 0 0 0 0 0 0 0 0 0 0 0 0 0 0 0 0 0 0 0 0 0 0 0 0 0 0 0 0 0 0 0 0 0 0 0 0 0 0 0 0 0 0 0 0 0 0 0 0 0 0 0 0 0 0 0 0 0 
0 0 0 0 0 0 0 0 0 0 0 0 0 0 0 0 0 0 0 0 0 0 0 1 1 1 1 1 0 0 0 0 0 0 0 0 0 0 0 0 0 0 0 0 0 0 0 0 0 0 0 0 0 0 0 0 0 0 0 0 0 0 0 0 0 0 0 0 0 0 0 0 0 0 0 0 0 0 0 0 0 0 0 0 0 0 0 0 0 0 0 0 0 0 0 0 0 0 0 0 
0 0 0 0 0 0 0 0 0 0 0 0 0 0 0 0 0 0 0 0 0 0 0 0 1 1 1 1 1 0 0 0 0 0 0 0 0 0 0 0 0 0 0 0 0 0 0 0 0 0 0 0 0 0 0 0 0 0 0 0 0 0 0 0 0 0 0 0 0 0 0 0 0 0 0 0 0 0 0 0 0 0 0 0 0 0 0 0 0 0 0 0 0 0 0 0 0 0 0 0 
0 0 0 0 0 0 0 0 0 0 0 0 0 0 0 0 0 0 0 0 0 0 0 0 0 1 1 1 1 1 0 0 0 0 0 0 0 0 0 0 0 0 0 0 0 0 0 0 0 0 0 0 0 0 0 0 0 0 0 0 0 0 0 0 0 0 0 0 0 0 0 0 0 0 0 0 0 0 0 0 0 0 0 0 0 0 0 0 0 0 0 0 0 0 0 0 0 0 0 0 
0 0 0 0 0 0 0 0 0 0 0 0 0 0 0 0 0 0 0 0 0 0 0 0 0 0 1 1 1 1 1 0 0 0 0 0 0 0 0 0 0 0 0 0 0 0 0 0 0 0 0 0 0 0 0 0 0 0 0 0 0 0 0 0 0 0 0 0 0 0 0 0 0 0 0 0 0 0 0 0 0 0 0 0 0 0 0 0 0 0 0 0 0 0 0 0 0 0 0 0 
0 0 0 0 0 0 0 0 0 0 0 0 0 0 0 0 0 0 0 0 0 0 0 0 0 0 0 1 1 1 1 1 0 0 0 0 0 0 0 0 0 0 0 0 0 0 0 0 0 0 0 0 0 0 0 0 0 0 0 0 0 0 0 0 0 0 0 0 0 0 0 0 0 0 0 0 0 0 0 0 0 0 0 0 0 0 0 0 0 0 0 0 0 0 0 0 0 0 0 0 
0 0 0 0 0 0 0 0 0 0 0 0 0 0 0 0 0 0 0 0 0 0 0 0 0 0 0 0 1 1 1 1 1 0 0 0 0 0 0 0 0 0 0 0 0 0 0 0 0 0 0 0 0 0 0 0 0 0 0 0 0 0 0 0 0 0 0 0 0 0 0 0 0 0 0 0 0 0 0 0 0 0 0 0 0 0 0 0 0 0 0 0 0 0 0 0 0 0 0 0 
0 0 0 0 0 0 0 0 0 0 0 0 0 0 0 0 0 0 0 0 0 0 0 0 0 0 0 0 0 1 1 1 1 1 0 0 0 0 0 0 0 0 0 0 0 0 0 0 0 0 0 0 0 0 0 0 0 0 0 0 0 0 0 0 0 0 0 0 0 0 0 0 0 0 0 0 0 0 0 0 0 0 0 0 0 0 0 0 0 0 0 0 0 0 0 0 0 0 0 0 
0 0 0 0 0 0 0 0 0 0 0 0 0 0 0 0 0 0 0 0 0 0 0 0 0 0 0 0 0 0 1 1 1 1 1 0 0 0 0 0 0 0 0 0 0 0 0 0 0 0 0 0 0 0 0 0 0 0 0 0 0 0 0 0 0 0 0 0 0 0 0 0 0 0 0 0 0 0 0 0 0 0 0 0 0 0 0 0 0 0 0 0 0 0 0 0 0 0 0 0 
0 0 0 0 0 0 0 0 0 0 0 0 0 0 0 0 0 0 0 0 0 0 0 0 0 0 0 0 0 0 0 1 1 1 1 1 0 0 0 0 0 0 0 0 0 0 0 0 0 0 0 0 0 0 0 0 0 0 0 0 0 0 0 0 0 0 0 0 0 0 0 0 0 0 0 0 0 0 0 0 0 0 0 0 0 0 0 0 0 0 0 0 0 0 0 0 0 0 0 0 
0 0 0 0 0 0 0 0 0 0 0 0 0 0 0 0 0 0 0 0 0 0 0 0 0 0 0 0 0 0 0 0 1 1 1 1 1 0 0 0 0 0 0 0 0 0 0 0 0 0 0 0 0 0 0 0 0 0 0 0 0 0 0 0 0 0 0 0 0 0 0 0 0 0 0 0 0 0 0 0 0 0 0 0 0 0 0 0 0 0 0 0 0 0 0 0 0 0 0 0 
0 0 0 0 0 0 0 0 0 0 0 0 0 0 0 0 0 0 0 0 0 0 0 0 0 0 0 0 0 0 0 0 0 1 1 1 1 1 0 0 0 0 0 0 0 0 0 0 0 0 0 0 0 0 0 0 0 0 0 0 0 0 0 0 0 0 0 0 0 0 0 0 0 0 0 0 0 0 0 0 0 0 0 0 0 0 0 0 0 0 0 0 0 0 0 0 0 0 0 0 
0 0 0 0 0 0 0 0 0 0 0 0 0 0 0 0 0 0 0 0 0 0 0 0 0 0 0 0 0 0 0 0 0 0 1 1 1 1 1 0 0 0 0 0 0 0 0 0 0 0 0 0 0 0 0 0 0 0 0 0 0 0 0 0 0 0 0 0 0 0 0 0 0 0 0 0 0 0 0 0 0 0 0 0 0 0 0 0 0 0 0 0 0 0 0 0 0 0 0 0 
0 0 0 0 0 0 0 0 0 0 0 0 0 0 0 0 0 0 0 0 0 0 0 0 0 0 0 0 0 0 0 0 0 0 0 1 1 1 1 1 0 0 0 0 0 0 0 0 0 0 0 0 0 0 0 0 0 0 0 0 0 0 0 0 0 0 0 0 0 0 0 0 0 0 0 0 0 0 0 0 0 0 0 0 0 0 0 0 0 0 0 0 0 0 0 0 0 0 0 0 
0 0 0 0 0 0 0 0 0 0 0 0 0 0 0 0 0 0 0 0 0 0 0 0 0 0 0 0 0 0 0 0 0 0 0 0 1 1 1 1 1 0 0 0 0 0 0 0 0 0 0 0 0 0 0 0 0 0 0 0 0 0 0 0 0 0 0 0 0 0 0 0 0 0 0 0 0 0 0 0 0 0 0 0 0 0 0 0 0 0 0 0 0 0 0 0 0 0 0 0 
0 0 0 0 0 0 0 0 0 0 0 0 0 0 0 0 0 0 0 0 0 0 0 0 0 0 0 0 0 0 0 0 0 0 0 0 0 1 1 1 1 1 0 0 0 0 0 0 0 0 0 0 0 0 0 0 0 0 0 0 0 0 0 0 0 0 0 0 0 0 0 0 0 0 0 0 0 0 0 0 0 0 0 0 0 0 0 0 0 0 0 0 0 0 0 0 0 0 0 0 
0 0 0 0 0 0 0 0 0 0 0 0 0 0 0 0 0 0 0 0 0 0 0 0 0 0 0 0 0 0 0 0 0 0 0 0 0 0 1 1 1 1 1 0 0 0 0 0 0 0 0 0 0 0 0 0 0 0 0 0 0 0 0 0 0 0 0 0 0 0 0 0 0 0 0 0 0 0 0 0 0 0 0 0 0 0 0 0 0 0 0 0 0 0 0 0 0 0 0 0 
0 0 0 0 0 0 0 0 0 0 0 0 0 0 0 0 0 0 0 0 0 0 0 0 0 0 0 0 0 0 0 0 0 0 0 0 0 0 0 1 1 1 1 1 0 0 0 0 0 0 0 0 0 0 0 0 0 0 0 0 0 0 0 0 0 0 0 0 0 0 0 0 0 0 0 0 0 0 0 0 0 0 0 0 0 0 0 0 0 0 0 0 0 0 0 0 0 0 0 0 
0 0 0 0 0 0 0 0 0 0 0 0 0 0 0 0 0 0 0 0 0 0 0 0 0 0 0 0 0 0 0 0 0 0 0 0 0 0 0 0 1 1 1 1 1 0 0 0 0 0 0 0 0 0 0 0 0 0 0 0 0 0 0 0 0 0 0 0 0 0 0 0 0 0 0 0 0 0 0 0 0 0 0 0 0 0 0 0 0 0 0 0 0 0 0 0 0 0 0 0 
0 0 0 0 0 0 0 0 0 0 0 0 0 0 0 0 0 0 0 0 0 0 0 0 0 0 0 0 0 0 0 0 0 0 0 0 0 0 0 0 0 1 1 1 1 1 0 0 0 0 0 0 0 0 0 0 0 0 0 0 0 0 0 0 0 0 0 0 0 0 0 0 0 0 0 0 0 0 0 0 0 0 0 0 0 0 0 0 0 0 0 0 0 0 0 0 0 0 0 0 
0 0 0 0 0 0 0 0 0 0 0 0 0 0 0 0 0 0 0 0 0 0 0 0 0 0 0 0 0 0 0 0 0 0 0 0 0 0 0 0 0 0 1 1 1 1 1 0 0 0 0 0 0 0 0 0 0 0 0 0 0 0 0 0 0 0 0 0 0 0 0 0 0 0 0 0 0 0 0 0 0 0 0 0 0 0 0 0 0 0 0 0 0 0 0 0 0 0 0 0 
0 0 0 0 0 0 0 0 0 0 0 0 0 0 0 0 0 0 0 0 0 0 0 0 0 0 0 0 0 0 0 0 0 0 0 0 0 0 0 0 0 0 0 1 1 1 1 1 0 0 0 0 0 0 0 0 0 0 0 0 0 0 0 0 0 0 0 0 0 0 0 0 0 0 0 0 0 0 0 0 0 0 0 0 0 0 0 0 0 0 0 0 0 0 0 0 0 0 0 0 
0 0 0 0 0 0 0 0 0 0 0 0 0 0 0 0 0 0 0 0 0 0 0 0 0 0 0 0 0 0 0 0 0 0 0 0 0 0 0 0 0 0 0 0 1 1 1 1 1 0 0 0 0 0 0 0 0 0 0 0 0 0 0 0 0 0 0 0 0 0 0 0 0 0 0 0 0 0 0 0 0 0 0 0 0 0 0 0 0 0 0 0 0 0 0 0 0 0 0 0 
0 0 0 0 0 0 0 0 0 0 0 0 0 0 0 0 0 0 0 0 0 0 0 0 0 0 0 0 0 0 0 0 0 0 0 0 0 0 0 0 0 0 0 0 0 1 1 1 1 1 0 0 0 0 0 0 0 0 0 0 0 0 0 0 0 0 0 0 0 0 0 0 0 0 0 0 0 0 0 0 0 0 0 0 0 0 0 0 0 0 0 0 0 0 0 0 0 0 0 0 
0 0 0 0 0 0 0 0 0 0 0 0 0 0 0 0 0 0 0 0 0 0 0 0 0 0 0 0 0 0 0 0 0 0 0 0 0 0 0 0 0 0 0 0 0 0 1 1 1 1 1 0 0 0 0 0 0 0 0 0 0 0 0 0 0 0 0 0 0 0 0 0 0 0 0 0 0 0 0 0 0 0 0 0 0 0 0 0 0 0 0 0 0 0 0 0 0 0 0 0 
0 0 0 0 0 0 0 0 0 0 0 0 0 0 0 0 0 0 0 0 0 0 0 0 0 0 0 0 0 0 0 0 0 0 0 0 0 0 0 0 0 0 0 0 0 0 0 1 1 1 1 1 0 0 0 0 0 0 0 0 0 0 0 0 0 0 0 0 0 0 0 0 0 0 0 0 0 0 0 0 0 0 0 0 0 0 0 0 0 0 0 0 0 0 0 0 0 0 0 0 
0 0 0 0 0 0 0 0 0 0 0 0 0 0 0 0 0 0 0 0 0 0 0 0 0 0 0 0 0 0 0 0 0 0 0 0 0 0 0 0 0 0 0 0 0 0 0 0 1 1 1 1 1 0 0 0 0 0 0 0 0 0 0 0 0 0 0 0 0 0 0 0 0 0 0 0 0 0 0 0 0 0 0 0 0 0 0 0 0 0 0 0 0 0 0 0 0 0 0 0 
0 0 0 0 0 0 0 0 0 0 0 0 0 0 0 0 0 0 0 0 0 0 0 0 0 0 0 0 0 0 0 0 0 0 0 0 0 0 0 0 0 0 0 0 0 0 0 0 0 1 1 1 1 1 0 0 0 0 0 0 0 0 0 0 0 0 0 0 0 0 0 0 0 0 0 0 0 0 0 0 0 0 0 0 0 0 0 0 0 0 0 0 0 0 0 0 0 0 0 0 
0 0 0 0 0 0 0 0 0 0 0 0 0 0 0 0 0 0 0 0 0 0 0 0 0 0 0 0 0 0 0 0 0 0 0 0 0 0 0 0 0 0 0 0 0 0 0 0 0 0 1 1 1 1 1 0 0 0 0 0 0 0 0 0 0 0 0 0 0 0 0 0 0 0 0 0 0 0 0 0 0 0 0 0 0 0 0 0 0 0 0 0 0 0 0 0 0 0 0 0 
0 0 0 0 0 0 0 0 0 0 0 0 0 0 0 0 0 0 0 0 0 0 0 0 0 0 0 0 0 0 0 0 0 0 0 0 0 0 0 0 0 0 0 0 0 0 0 0 0 0 0 1 1 1 1 1 0 0 0 0 0 0 0 0 0 0 0 0 0 0 0 0 0 0 0 0 0 0 0 0 0 0 0 0 0 0 0 0 0 0 0 0 0 0 0 0 0 0 0 0 
0 0 0 0 0 0 0 0 0 0 0 0 0 0 0 0 0 0 0 0 0 0 0 0 0 0 0 0 0 0 0 0 0 0 0 0 0 0 0 0 0 0 0 0 0 0 0 0 0 0 0 0 1 1 1 1 1 0 0 0 0 0 0 0 0 0 0 0 0 0 0 0 0 0 0 0 0 0 0 0 0 0 0 0 0 0 0 0 0 0 0 0 0 0 0 0 0 0 0 0 
0 0 0 0 0 0 0 0 0 0 0 0 0 0 0 0 0 0 0 0 0 0 0 0 0 0 0 0 0 0 0 0 0 0 0 0 0 0 0 0 0 0 0 0 0 0 0 0 0 0 0 0 0 1 1 1 1 1 0 0 0 0 0 0 0 0 0 0 0 0 0 0 0 0 0 0 0 0 0 0 0 0 0 0 0 0 0 0 0 0 0 0 0 0 0 0 0 0 0 0 
0 0 0 0 0 0 0 0 0 0 0 0 0 0 0 0 0 0 0 0 0 0 0 0 0 0 0 0 0 0 0 0 0 0 0 0 0 0 0 0 0 0 0 0 0 0 0 0 0 0 0 0 0 0 1 1 1 1 1 0 0 0 0 0 0 0 0 0 0 0 0 0 0 0 0 0 0 0 0 0 0 0 0 0 0 0 0 0 0 0 0 0 0 0 0 0 0 0 0 0 
0 0 0 0 0 0 0 0 0 0 0 0 0 0 0 0 0 0 0 0 0 0 0 0 0 0 0 0 0 0 0 0 0 0 0 0 0 0 0 0 0 0 0 0 0 0 0 0 0 0 0 0 0 0 0 1 1 1 1 1 0 0 0 0 0 0 0 0 0 0 0 0 0 0 0 0 0 0 0 0 0 0 0 0 0 0 0 0 0 0 0 0 0 0 0 0 0 0 0 0 
0 0 0 0 0 0 0 0 0 0 0 0 0 0 0 0 0 0 0 0 0 0 0 0 0 0 0 0 0 0 0 0 0 0 0 0 0 0 0 0 0 0 0 0 0 0 0 0 0 0 0 0 0 0 0 0 1 1 1 1 1 0 0 0 0 0 0 0 0 0 0 0 0 0 0 0 0 0 0 0 0 0 0 0 0 0 0 0 0 0 0 0 0 0 0 0 0 0 0 0 
0 0 0 0 0 0 0 0 0 0 0 0 0 0 0 0 0 0 0 0 0 0 0 0 0 0 0 0 0 0 0 0 0 0 0 0 0 0 0 0 0 0 0 0 0 0 0 0 0 0 0 0 0 0 0 0 0 1 1 1 1 1 0 0 0 0 0 0 0 0 0 0 0 0 0 0 0 0 0 0 0 0 0 0 0 0 0 0 0 0 0 0 0 0 0 0 0 0 0 0 
0 0 0 0 0 0 0 0 0 0 0 0 0 0 0 0 0 0 0 0 0 0 0 0 0 0 0 0 0 0 0 0 0 0 0 0 0 0 0 0 0 0 0 0 0 0 0 0 0 0 0 0 0 0 0 0 0 0 1 1 1 1 1 0 0 0 0 0 0 0 0 0 0 0 0 0 0 0 0 0 0 0 0 0 0 0 0 0 0 0 0 0 0 0 0 0 0 0 0 0 
0 0 0 0 0 0 0 0 0 0 0 0 0 0 0 0 0 0 0 0 0 0 0 0 0 0 0 0 0 0 0 0 0 0 0 0 0 0 0 0 0 0 0 0 0 0 0 0 0 0 0 0 0 0 0 0 0 0 0 1 1 1 1 1 0 0 0 0 0 0 0 0 0 0 0 0 0 0 0 0 0 0 0 0 0 0 0 0 0 0 0 0 0 0 0 0 0 0 0 0 
0 0 0 0 0 0 0 0 0 0 0 0 0 0 0 0 0 0 0 0 0 0 0 0 0 0 0 0 0 0 0 0 0 0 0 0 0 0 0 0 0 0 0 0 0 0 0 0 0 0 0 0 0 0 0 0 0 0 0 0 1 1 1 1 1 0 0 0 0 0 0 0 0 0 0 0 0 0 0 0 0 0 0 0 0 0 0 0 0 0 0 0 0 0 0 0 0 0 0 0 
0 0 0 0 0 0 0 0 0 0 0 0 0 0 0 0 0 0 0 0 0 0 0 0 0 0 0 0 0 0 0 0 0 0 0 0 0 0 0 0 0 0 0 0 0 0 0 0 0 0 0 0 0 0 0 0 0 0 0 0 0 1 1 1 1 1 0 0 0 0 0 0 0 0 0 0 0 0 0 0 0 0 0 0 0 0 0 0 0 0 0 0 0 0 0 0 0 0 0 0 
0 0 0 0 0 0 0 0 0 0 0 0 0 0 0 0 0 0 0 0 0 0 0 0 0 0 0 0 0 0 0 0 0 0 0 0 0 0 0 0 0 0 0 0 0 0 0 0 0 0 0 0 0 0 0 0 0 0 0 0 0 0 1 1 1 1 1 0 0 0 0 0 0 0 0 0 0 0 0 0 0 0 0 0 0 0 0 0 0 0 0 0 0 0 0 0 0 0 0 0 
0 0 0 0 0 0 0 0 0 0 0 0 0 0 0 0 0 0 0 0 0 0 0 0 0 0 0 0 0 0 0 0 0 0 0 0 0 0 0 0 0 0 0 0 0 0 0 0 0 0 0 0 0 0 0 0 0 0 0 0 0 0 0 1 1 1 1 1 0 0 0 0 0 0 0 0 0 0 0 0 0 0 0 0 0 0 0 0 0 0 0 0 0 0 0 0 0 0 0 0 
0 0 0 0 0 0 0 0 0 0 0 0 0 0 0 0 0 0 0 0 0 0 0 0 0 0 0 0 0 0 0 0 0 0 0 0 0 0 0 0 0 0 0 0 0 0 0 0 0 0 0 0 0 0 0 0 0 0 0 0 0 0 0 0 1 1 1 1 1 0 0 0 0 0 0 0 0 0 0 0 0 0 0 0 0 0 0 0 0 0 0 0 0 0 0 0 0 0 0 0 
0 0 0 0 0 0 0 0 0 0 0 0 0 0 0 0 0 0 0 0 0 0 0 0 0 0 0 0 0 0 0 0 0 0 0 0 0 0 0 0 0 0 0 0 0 0 0 0 0 0 0 0 0 0 0 0 0 0 0 0 0 0 0 0 0 1 1 1 1 1 0 0 0 0 0 0 0 0 0 0 0 0 0 0 0 0 0 0 0 0 0 0 0 0 0 0 0 0 0 0 
0 0 0 0 0 0 0 0 0 0 0 0 0 0 0 0 0 0 0 0 0 0 0 0 0 0 0 0 0 0 0 0 0 0 0 0 0 0 0 0 0 0 0 0 0 0 0 0 0 0 0 0 0 0 0 0 0 0 0 0 0 0 0 0 0 0 1 1 1 1 1 0 0 0 0 0 0 0 0 0 0 0 0 0 0 0 0 0 0 0 0 0 0 0 0 0 0 0 0 0 
0 0 0 0 0 0 0 0 0 0 0 0 0 0 0 0 0 0 0 0 0 0 0 0 0 0 0 0 0 0 0 0 0 0 0 0 0 0 0 0 0 0 0 0 0 0 0 0 0 0 0 0 0 0 0 0 0 0 0 0 0 0 0 0 0 0 0 1 1 1 1 1 0 0 0 0 0 0 0 0 0 0 0 0 0 0 0 0 0 0 0 0 0 0 0 0 0 0 0 0 
0 0 0 0 0 0 0 0 0 0 0 0 0 0 0 0 0 0 0 0 0 0 0 0 0 0 0 0 0 0 0 0 0 0 0 0 0 0 0 0 0 0 0 0 0 0 0 0 0 0 0 0 0 0 0 0 0 0 0 0 0 0 0 0 0 0 0 0 1 1 1 1 1 0 0 0 0 0 0 0 0 0 0 0 0 0 0 0 0 0 0 0 0 0 0 0 0 0 0 0 
0 0 0 0 0 0 0 0 0 0 0 0 0 0 0 0 0 0 0 0 0 0 0 0 0 0 0 0 0 0 0 0 0 0 0 0 0 0 0 0 0 0 0 0 0 0 0 0 0 0 0 0 0 0 0 0 0 0 0 0 0 0 0 0 0 0 0 0 0 1 1 1 1 1 0 0 0 0 0 0 0 0 0 0 0 0 0 0 0 0 0 0 0 0 0 0 0 0 0 0 
0 0 0 0 0 0 0 0 0 0 0 0 0 0 0 0 0 0 0 0 0 0 0 0 0 0 0 0 0 0 0 0 0 0 0 0 0 0 0 0 0 0 0 0 0 0 0 0 0 0 0 0 0 0 0 0 0 0 0 0 0 0 0 0 0 0 0 0 0 0 1 1 1 1 1 0 0 0 0 0 0 0 0 0 0 0 0 0 0 0 0 0 0 0 0 0 0 0 0 0 
0 0 0 0 0 0 0 0 0 0 0 0 0 0 0 0 0 0 0 0 0 0 0 0 0 0 0 0 0 0 0 0 0 0 0 0 0 0 0 0 0 0 0 0 0 0 0 0 0 0 0 0 0 0 0 0 0 0 0 0 0 0 0 0 0 0 0 0 0 0 0 1 1 1 1 1 0 0 0 0 0 0 0 0 0 0 0 0 0 0 0 0 0 0 0 0 0 0 0 0 
0 0 0 0 0 0 0 0 0 0 0 0 0 0 0 0 0 0 0 0 0 0 0 0 0 0 0 0 0 0 0 0 0 0 0 0 0 0 0 0 0 0 0 0 0 0 0 0 0 0 0 0 0 0 0 0 0 0 0 0 0 0 0 0 0 0 0 0 0 0 0 0 1 1 1 1 1 0 0 0 0 0 0 0 0 0 0 0 0 0 0 0 0 0 0 0 0 0 0 0 
0 0 0 0 0 0 0 0 0 0 0 0 0 0 0 0 0 0 0 0 0 0 0 0 0 0 0 0 0 0 0 0 0 0 0 0 0 0 0 0 0 0 0 0 0 0 0 0 0 0 0 0 0 0 0 0 0 0 0 0 0 0 0 0 0 0 0 0 0 0 0 0 0 1 1 1 1 1 0 0 0 0 0 0 0 0 0 0 0 0 0 0 0 0 0 0 0 0 0 0 
0 0 0 0 0 0 0 0 0 0 0 0 0 0 0 0 0 0 0 0 0 0 0 0 0 0 0 0 0 0 0 0 0 0 0 0 0 0 0 0 0 0 0 0 0 0 0 0 0 0 0 0 0 0 0 0 0 0 0 0 0 0 0 0 0 0 0 0 0 0 0 0 0 0 1 1 1 1 1 0 0 0 0 0 0 0 0 0 0 0 0 0 0 0 0 0 0 0 0 0 
0 0 0 0 0 0 0 0 0 0 0 0 0 0 0 0 0 0 0 0 0 0 0 0 0 0 0 0 0 0 0 0 0 0 0 0 0 0 0 0 0 0 0 0 0 0 0 0 0 0 0 0 0 0 0 0 0 0 0 0 0 0 0 0 0 0 0 0 0 0 0 0 0 0 0 1 1 1 1 1 0 0 0 0 0 0 0 0 0 0 0 0 0 0 0 0 0 0 0 0 
0 0 0 0 0 0 0 0 0 0 0 0 0 0 0 0 0 0 0 0 0 0 0 0 0 0 0 0 0 0 0 0 0 0 0 0 0 0 0 0 0 0 0 0 0 0 0 0 0 0 0 0 0 0 0 0 0 0 0 0 0 0 0 0 0 0 0 0 0 0 0 0 0 0 0 0 1 1 1 1 1 0 0 0 0 0 0 0 0 0 0 0 0 0 0 0 0 0 0 0 
0 0 0 0 0 0 0 0 0 0 0 0 0 0 0 0 0 0 0 0 0 0 0 0 0 0 0 0 0 0 0 0 0 0 0 0 0 0 0 0 0 0 0 0 0 0 0 0 0 0 0 0 0 0 0 0 0 0 0 0 0 0 0 0 0 0 0 0 0 0 0 0 0 0 0 0 0 1 1 1 1 1 0 0 0 0 0 0 0 0 0 0 0 0 0 0 0 0 0 0 
0 0 0 0 0 0 0 0 0 0 0 0 0 0 0 0 0 0 0 0 0 0 0 0 0 0 0 0 0 0 0 0 0 0 0 0 0 0 0 0 0 0 0 0 0 0 0 0 0 0 0 0 0 0 0 0 0 0 0 0 0 0 0 0 0 0 0 0 0 0 0 0 0 0 0 0 0 0 1 1 1 1 1 0 0 0 0 0 0 0 0 0 0 0 0 0 0 0 0 0 
0 0 0 0 0 0 0 0 0 0 0 0 0 0 0 0 0 0 0 0 0 0 0 0 0 0 0 0 0 0 0 0 0 0 0 0 0 0 0 0 0 0 0 0 0 0 0 0 0 0 0 0 0 0 0 0 0 0 0 0 0 0 0 0 0 0 0 0 0 0 0 0 0 0 0 0 0 0 0 1 1 1 1 1 0 0 0 0 0 0 0 0 0 0 0 0 0 0 0 0 
0 0 0 0 0 0 0 0 0 0 0 0 0 0 0 0 0 0 0 0 0 0 0 0 0 0 0 0 0 0 0 0 0 0 0 0 0 0 0 0 0 0 0 0 0 0 0 0 0 0 0 0 0 0 0 0 0 0 0 0 0 0 0 0 0 0 0 0 0 0 0 0 0 0 0 0 0 0 0 0 1 1 1 1 1 0 0 0 0 0 0 0 0 0 0 0 0 0 0 0 
0 0 0 0 0 0 0 0 0 0 0 0 0 0 0 0 0 0 0 0 0 0 0 0 0 0 0 0 0 0 0 0 0 0 0 0 0 0 0 0 0 0 0 0 0 0 0 0 0 0 0 0 0 0 0 0 0 0 0 0 0 0 0 0 0 0 0 0 0 0 0 0 0 0 0 0 0 0 0 0 0 1 1 1 1 1 0 0 0 0 0 0 0 0 0 0 0 0 0 0 
0 0 0 0 0 0 0 0 0 0 0 0 0 0 0 0 0 0 0 0 0 0 0 0 0 0 0 0 0 0 0 0 0 0 0 0 0 0 0 0 0 0 0 0 0 0 0 0 0 0 0 0 0 0 0 0 0 0 0 0 0 0 0 0 0 0 0 0 0 0 0 0 0 0 0 0 0 0 0 0 0 0 1 1 1 1 1 0 0 0 0 0 0 0 0 0 0 0 0 0 
0 0 0 0 0 0 0 0 0 0 0 0 0 0 0 0 0 0 0 0 0 0 0 0 0 0 0 0 0 0 0 0 0 0 0 0 0 0 0 0 0 0 0 0 0 0 0 0 0 0 0 0 0 0 0 0 0 0 0 0 0 0 0 0 0 0 0 0 0 0 0 0 0 0 0 0 0 0 0 0 0 0 0 1 1 1 1 1 0 0 0 0 0 0 0 0 0 0 0 0 
0 0 0 0 0 0 0 0 0 0 0 0 0 0 0 0 0 0 0 0 0 0 0 0 0 0 0 0 0 0 0 0 0 0 0 0 0 0 0 0 0 0 0 0 0 0 0 0 0 0 0 0 0 0 0 0 0 0 0 0 0 0 0 0 0 0 0 0 0 0 0 0 0 0 0 0 0 0 0 0 0 0 0 0 1 1 1 1 1 0 0 0 0 0 0 0 0 0 0 0 
0 0 0 0 0 0 0 0 0 0 0 0 0 0 0 0 0 0 0 0 0 0 0 0 0 0 0 0 0 0 0 0 0 0 0 0 0 0 0 0 0 0 0 0 0 0 0 0 0 0 0 0 0 0 0 0 0 0 0 0 0 0 0 0 0 0 0 0 0 0 0 0 0 0 0 0 0 0 0 0 0 0 0 0 0 1 1 1 1 1 0 0 0 0 0 0 0 0 0 0 
0 0 0 0 0 0 0 0 0 0 0 0 0 0 0 0 0 0 0 0 0 0 0 0 0 0 0 0 0 0 0 0 0 0 0 0 0 0 0 0 0 0 0 0 0 0 0 0 0 0 0 0 0 0 0 0 0 0 0 0 0 0 0 0 0 0 0 0 0 0 0 0 0 0 0 0 0 0 0 0 0 0 0 0 0 0 1 1 1 1 1 0 0 0 0 0 0 0 0 0 
0 0 0 0 0 0 0 0 0 0 0 0 0 0 0 0 0 0 0 0 0 0 0 0 0 0 0 0 0 0 0 0 0 0 0 0 0 0 0 0 0 0 0 0 0 0 0 0 0 0 0 0 0 0 0 0 0 0 0 0 0 0 0 0 0 0 0 0 0 0 0 0 0 0 0 0 0 0 0 0 0 0 0 0 0 0 0 1 1 1 1 1 0 0 0 0 0 0 0 0 
0 0 0 0 0 0 0 0 0 0 0 0 0 0 0 0 0 0 0 0 0 0 0 0 0 0 0 0 0 0 0 0 0 0 0 0 0 0 0 0 0 0 0 0 0 0 0 0 0 0 0 0 0 0 0 0 0 0 0 0 0 0 0 0 0 0 0 0 0 0 0 0 0 0 0 0 0 0 0 0 0 0 0 0 0 0 0 0 1 1 1 1 1 0 0 0 0 0 0 0 
0 0 0 0 0 0 0 0 0 0 0 0 0 0 0 0 0 0 0 0 0 0 0 0 0 0 0 0 0 0 0 0 0 0 0 0 0 0 0 0 0 0 0 0 0 0 0 0 0 0 0 0 0 0 0 0 0 0 0 0 0 0 0 0 0 0 0 0 0 0 0 0 0 0 0 0 0 0 0 0 0 0 0 0 0 0 0 0 0 1 1 1 1 1 0 0 0 0 0 0 
0 0 0 0 0 0 0 0 0 0 0 0 0 0 0 0 0 0 0 0 0 0 0 0 0 0 0 0 0 0 0 0 0 0 0 0 0 0 0 0 0 0 0 0 0 0 0 0 0 0 0 0 0 0 0 0 0 0 0 0 0 0 0 0 0 0 0 0 0 0 0 0 0 0 0 0 0 0 0 0 0 0 0 0 0 0 0 0 0 0 1 1 1 1 1 0 0 0 0 0 
0 0 0 0 0 0 0 0 0 0 0 0 0 0 0 0 0 0 0 0 0 0 0 0 0 0 0 0 0 0 0 0 0 0 0 0 0 0 0 0 0 0 0 0 0 0 0 0 0 0 0 0 0 0 0 0 0 0 0 0 0 0 0 0 0 0 0 0 0 0 0 0 0 0 0 0 0 0 0 0 0 0 0 0 0 0 0 0 0 0 0 1 1 1 1 1 0 0 0 0 
0 0 0 0 0 0 0 0 0 0 0 0 0 0 0 0 0 0 0 0 0 0 0 0 0 0 0 0 0 0 0 0 0 0 0 0 0 0 0 0 0 0 0 0 0 0 0 0 0 0 0 0 0 0 0 0 0 0 0 0 0 0 0 0 0 0 0 0 0 0 0 0 0 0 0 0 0 0 0 0 0 0 0 0 0 0 0 0 0 0 0 0 1 1 1 1 1 0 0 0 
0 0 0 0 0 0 0 0 0 0 0 0 0 0 0 0 0 0 0 0 0 0 0 0 0 0 0 0 0 0 0 0 0 0 0 0 0 0 0 0 0 0 0 0 0 0 0 0 0 0 0 0 0 0 0 0 0 0 0 0 0 0 0 0 0 0 0 0 0 0 0 0 0 0 0 0 0 0 0 0 0 0 0 0 0 0 0 0 0 0 0 0 0 1 1 1 1 1 0 0 
0 0 0 0 0 0 0 0 0 0 0 0 0 0 0 0 0 0 0 0 0 0 0 0 0 0 0 0 0 0 0 0 0 0 0 0 0 0 0 0 0 0 0 0 0 0 0 0 0 0 0 0 0 0 0 0 0 0 0 0 0 0 0 0 0 0 0 0 0 0 0 0 0 0 0 0 0 0 0 0 0 0 0 0 0 0 0 0 0 0 0 0 0 0 1 1 1 1 1 0 
0 0 0 0 0 0 0 0 0 0 0 0 0 0 0 0 0 0 0 0 0 0 0 0 0 0 0 0 0 0 0 0 0 0 0 0 0 0 0 0 0 0 0 0 0 0 0 0 0 0 0 0 0 0 0 0 0 0 0 0 0 0 0 0 0 0 0 0 0 0 0 0 0 0 0 0 0 0 0 0 0 0 0 0 0 0 0 0 0 0 0 0 0 0 0 1 1 1 1 1 
1 0 0 0 0 0 0 0 0 0 0 0 0 0 0 0 0 0 0 0 0 0 0 0 0 0 0 0 0 0 0 0 0 0 0 0 0 0 0 0 0 0 0 0 0 0 0 0 0 0 0 0 0 0 0 0 0 0 0 0 0 0 0 0 0 0 0 0 0 0 0 0 0 0 0 0 0 0 0 0 0 0 0 0 0 0 0 0 0 0 0 0 0 0 0 0 1 1 1 1 
1 1 0 0 0 0 0 0 0 0 0 0 0 0 0 0 0 0 0 0 0 0 0 0 0 0 0 0 0 0 0 0 0 0 0 0 0 0 0 0 0 0 0 0 0 0 0 0 0 0 0 0 0 0 0 0 0 0 0 0 0 0 0 0 0 0 0 0 0 0 0 0 0 0 0 0 0 0 0 0 0 0 0 0 0 0 0 0 0 0 0 0 0 0 0 0 0 1 1 1 
1 1 1 0 0 0 0 0 0 0 0 0 0 0 0 0 0 0 0 0 0 0 0 0 0 0 0 0 0 0 0 0 0 0 0 0 0 0 0 0 0 0 0 0 0 0 0 0 0 0 0 0 0 0 0 0 0 0 0 0 0 0 0 0 0 0 0 0 0 0 0 0 0 0 0 0 0 0 0 0 0 0 0 0 0 0 0 0 0 0 0 0 0 0 0 0 0 0 1 1 
1 1 1 1 0 0 0 0 0 0 0 0 0 0 0 0 0 0 0 0 0 0 0 0 0 0 0 0 0 0 0 0 0 0 0 0 0 0 0 0 0 0 0 0 0 0 0 0 0 0 0 0 0 0 0 0 0 0 0 0 0 0 0 0 0 0 0 0 0 0 0 0 0 0 0 0 0 0 0 0 0 0 0 0 0 0 0 0 0 0 0 0 0 0 0 0 0 0 0 1 
