Parameters
100 4
F_el
0.00160000000000 0.06648466832030 0.00140000000000 0.01719560203703 0.00140000000000 0.02284792576284 0.00120000000000 0.01440305863722 0.00130000000000 0.01954256530169 0.00120000000000 0.00950000000000 0.00120000000000 0.00220000000000 0.00110000000000 0.00170000000000 0.02666472183406 0.02390612749080 0.01422603499983 0.05212235749818 0.01987124045638 0.03623103196245 0.00820000000000 0.02938382546708 0.01720022582357 0.10301674199215 0.00510000000000 0.02483954654458 0.00190000000000 0.10721120513445 0.00150000000000 0.02094150787755 
0.01831018636092 0.00150000000000 0.01586043713467 0.00140000000000 0.01777483743398 0.00140000000000 0.01552960254113 0.00140000000000 0.01547225412937 0.00130000000000 0.00950000000000 0.00120000000000 0.01534008068982 0.00130000000000 0.00570000000000 0.00120000000000 0.01538650852159 0.02165416010881 0.01638306282749 0.01792366679989 0.01583421763179 0.02073235670791 0.01704222574732 0.01735189643190 0.07328877216558 0.01662740781024 0.03097919549656 0.01612983439540 0.04417022655607 0.01640952976747 0.02911133921984 0.01364932219331 
0.02575305860805 0.01895481476222 0.02461099688819 0.01928404210628 0.10407427363889 0.01736131481462 0.10473411216376 0.01757535720090 0.10162195089548 0.00160000000000 0.10170581137023 0.00170000000000 0.01991888213296 0.00150000000000 0.02034665529591 0.00150000000000 0.00150000000000 0.01682678816170 0.00150000000000 0.01676902775694 0.01613976021874 0.02109042064070 0.01618357741858 0.02077102765294 0.02119704090546 0.06470972910814 0.02088568223561 0.05056054165862 0.02913982582697 0.03223977489216 0.02820289554107 0.03333486051408 
0.01610065562317 0.02636398708706 0.10329882136397 0.03173881026718 0.00190000000000 0.01688743314202 0.02195397833375 0.06552161781244 0.03713391712945 0.01966101626573 0.01867920418795 0.01678323520513 0.01582383715537 0.10046739535619 0.05373671321236 0.02064010243775 0.02046588729134 0.10935740772650 0.04980036322576 0.02081754063771 0.00720000000000 0.02142881340761 0.03954439245393 0.03605927914998 0.01697994831551 0.01424753742604 0.01757784042110 0.00540000000000 0.09051542974769 0.02001818806485 0.01891037478800 0.01684200244609 
0.06835965311937 0.08250511595575 0.00670000000000 0.00240000000000 0.01517687449058 0.01517879725998 0.01763019414350 0.01731145880991 0.01652586851853 0.01632866905319 0.00130000000000 0.00130000000000 0.02854154015765 0.02745640306458 0.00180000000000 0.00170000000000 0.01984886599957 0.01995588331866 0.01829282139755 0.01807845886296 0.00170000000000 0.00180000000000 0.02349652396930 0.02389962553762 0.02266408467289 0.02235097264768 0.00160000000000 0.00160000000000 0.02294259512111 0.02314758743944 0.00720000000000 0.00700000000000 
0.01652895452298 0.11005658323235 0.01569710434708 0.11012325323846 0.00170000000000 0.02060475798475 0.00160000000000 0.01879948033927 0.01877903387167 0.10643084022612 0.01742412053295 0.10748033721021 0.00190000000000 0.02481258177504 0.00170000000000 0.02132614039063 0.00290000000000 0.01502296005092 0.00230000000000 0.04544259034874 0.00160000000000 0.00670000000000 0.00150000000000 0.00610000000000 0.01312507432956 0.01347701547269 0.00950000000000 0.01514393730148 0.00180000000000 0.01578357920563 0.00160000000000 0.00970000000000 
0.00190000000000 0.01642461306077 0.02862214002774 0.01516009857608 0.02408217096063 0.01716524914450 0.01602354176805 0.00150000000000 0.00180000000000 0.00800000000000 0.10313861679138 0.00200000000000 0.02506610779106 0.00250000000000 0.00210000000000 0.00140000000000 0.00160000000000 0.00640000000000 0.01541334996883 0.02063202016760 0.01598443338401 0.10186724436983 0.05843367594891 0.00220000000000 0.00150000000000 0.00280000000000 0.00780000000000 0.01582673320896 0.01543911835137 0.02349463744108 0.01788300975800 0.00170000000000 
0.01551986319627 0.04171875879579 0.01454927527164 0.02941061291767 0.02236306166731 0.10345611514390 0.01943162256473 0.10757528346075 0.04959121466138 0.01903727049183 0.03013447953335 0.02058067388491 0.10953795809472 0.01929374681407 0.08770142452097 0.02093778615118 0.02191606896096 0.01841949408981 0.01873578234152 0.02013866420517 0.11034434973095 0.01883197732798 0.10881723214785 0.02047966081188 0.01894480962572 0.00740000000000 0.02122493065442 0.01475304100295 0.01920038382501 0.01491700177806 0.02122246187311 0.01543774802857 
0.00220000000000 0.00120000000000 0.00230000000000 0.00120000000000 0.02997678229210 0.00150000000000 0.04097887310728 0.00150000000000 0.00140000000000 0.00110000000000 0.00140000000000 0.00110000000000 0.00220000000000 0.00130000000000 0.00220000000000 0.00130000000000 0.01642166832542 0.00130000000000 0.01642296311730 0.00130000000000 0.02330363518574 0.00180000000000 0.02314701752971 0.00180000000000 0.00160000000000 0.00120000000000 0.00160000000000 0.00120000000000 0.01621895195969 0.00140000000000 0.01606017682022 0.00140000000000 
0.01935184437016 0.10399743157461 0.00180000000000 0.01592296559412 0.01966947015050 0.10509211172761 0.00180000000000 0.01603401405041 0.01873087045491 0.03418089419311 0.00170000000000 0.01569326612686 0.01896192605432 0.03714338242164 0.00180000000000 0.01571554098088 0.00200000000000 0.01558451649049 0.00140000000000 0.00150000000000 0.00200000000000 0.01578777914937 0.00140000000000 0.00150000000000 0.00190000000000 0.01527371956980 0.00140000000000 0.00150000000000 0.00190000000000 0.01547359640719 0.00140000000000 0.00150000000000 
0.00180000000000 0.00150000000000 0.00180000000000 0.00140000000000 0.01536100842286 0.00190000000000 0.01482298226191 0.00170000000000 0.03139445785732 0.00800000000000 0.04804529075750 0.00640000000000 0.01821616282853 0.02676027077394 0.01876758575380 0.02313236725617 0.10972387514641 0.01719542678610 0.10765542649307 0.01633862209215 0.05984150867492 0.02477868988961 0.05908759958544 0.02229987036223 0.00160000000000 0.01380250328653 0.00160000000000 0.01424036304047 0.00140000000000 0.00230000000000 0.00140000000000 0.00680000000000 
0.05340839185034 0.02019711606706 0.02734956415567 0.10248085199100 0.02185042387895 0.00230000000000 0.11632839062109 0.02153062767433 0.00570000000000 0.01862832868158 0.00160000000000 0.01562586912148 0.00750000000000 0.02432009377380 0.00180000000000 0.01796953940753 0.00150000000000 0.00130000000000 0.00180000000000 0.00140000000000 0.00140000000000 0.00120000000000 0.00150000000000 0.00130000000000 0.02843610161316 0.01747235605043 0.02959890681827 0.02192654222061 0.01896338644208 0.01289709123468 0.02786674372659 0.01745055848133 
0.00170000000000 0.01460638915892 0.01681382537962 0.04135744492864 0.00140000000000 0.00170000000000 0.00210000000000 0.01638946805448 0.00110000000000 0.00120000000000 0.00130000000000 0.00140000000000 0.00110000000000 0.00110000000000 0.00120000000000 0.00130000000000 0.01531997553600 0.02214448802949 0.01707383160244 0.00760000000000 0.00620000000000 0.01511442171230 0.02196596767630 0.01876807497841 0.00130000000000 0.00150000000000 0.00170000000000 0.00230000000000 0.00120000000000 0.00130000000000 0.00140000000000 0.00170000000000 
0.02133535805278 0.01680384203983 0.02023909432266 0.00140000000000 0.00150000000000 0.00260000000000 0.01662648071741 0.00890000000000 0.02524483492393 0.00170000000000 0.00180000000000 0.00120000000000 0.00200000000000 0.03909461221809 0.03700652961876 0.00190000000000 0.10513346433072 0.00180000000000 0.00180000000000 0.00120000000000 0.00670000000000 0.11880076341113 0.11882548026641 0.00200000000000 0.01529069753061 0.00140000000000 0.00140000000000 0.00110000000000 0.01696539823504 0.01579948650643 0.01832753050050 0.00140000000000 
0.03011317489107 0.01678317671977 0.00180000000000 0.02149966886565 0.04466531771144 0.01525856469944 0.01709295306102 0.10473739900854 0.03940578784063 0.01333718794930 0.01408717886585 0.03336934173129 0.02211635176726 0.00170000000000 0.01965752253107 0.02633330141976 0.02573622466713 0.02380034150005 0.00160000000000 0.02038046370693 0.10357624576649 0.01955907868518 0.01477072527856 0.03868690655287 0.03696127728610 0.01855808556411 0.00190000000000 0.02495489851049 0.06089008088491 0.01384203891665 0.01952763599179 0.05735699278428 
0.00150000000000 0.00150000000000 0.00150000000000 0.00150000000000 0.00160000000000 0.00160000000000 0.00150000000000 0.00160000000000 0.00140000000000 0.00140000000000 0.00130000000000 0.00140000000000 0.00140000000000 0.00140000000000 0.00140000000000 0.00140000000000 0.00140000000000 0.00140000000000 0.00140000000000 0.00140000000000 0.00150000000000 0.00150000000000 0.00140000000000 0.00150000000000 0.00130000000000 0.00130000000000 0.00130000000000 0.00130000000000 0.00130000000000 0.00140000000000 0.00130000000000 0.00130000000000 
0.01966632929802 0.12063637880490 0.01505316952361 0.10649762985800 0.00810000000000 0.02399078612975 0.00170000000000 0.01452158514547 0.00180000000000 0.01750740761874 0.00140000000000 0.00170000000000 0.00140000000000 0.00180000000000 0.00130000000000 0.00140000000000 0.01850467240339 0.02288345092929 0.01685742689528 0.02001869862667 0.00190000000000 0.01483130621005 0.00140000000000 0.00950000000000 0.00150000000000 0.01844587037704 0.00130000000000 0.00140000000000 0.00130000000000 0.00150000000000 0.00120000000000 0.00130000000000 
0.00150000000000 0.00170000000000 0.00140000000000 0.00170000000000 0.00120000000000 0.00140000000000 0.00120000000000 0.00130000000000 0.00130000000000 0.00140000000000 0.00120000000000 0.00140000000000 0.00110000000000 0.00120000000000 0.00110000000000 0.00120000000000 0.00150000000000 0.00180000000000 0.00140000000000 0.00170000000000 0.00120000000000 0.00140000000000 0.00120000000000 0.00130000000000 0.00130000000000 0.00140000000000 0.00120000000000 0.00140000000000 0.00110000000000 0.00120000000000 0.00110000000000 0.00120000000000 
0.00760000000000 0.00200000000000 0.00180000000000 0.00160000000000 0.00180000000000 0.00160000000000 0.00150000000000 0.00140000000000 0.01988032240359 0.00650000000000 0.01524495247525 0.00240000000000 0.00620000000000 0.00240000000000 0.00210000000000 0.00180000000000 0.00620000000000 0.00180000000000 0.00160000000000 0.00150000000000 0.00170000000000 0.00150000000000 0.00140000000000 0.00140000000000 0.00790000000000 0.00590000000000 0.00630000000000 0.00210000000000 0.00570000000000 0.00210000000000 0.00190000000000 0.00170000000000 
0.01579221799352 0.00180000000000 0.02358645259643 0.01747703166139 0.01621747291162 0.00190000000000 0.02603166085301 0.01798831846264 0.01630866257786 0.00190000000000 0.02562287303644 0.01798346984616 0.01683771030694 0.00200000000000 0.02892835476097 0.01849771897275 0.01617266934643 0.09965393862021 0.01570535666005 0.07404246889130 0.01575815636870 0.04240927254272 0.01537669277291 0.07148982537569 0.01612266200905 0.08105364579930 0.01565487421454 0.07162126735125 0.01571040781808 0.04390100847147 0.01532704331089 0.06984975394027 
0.00190000000000 0.00180000000000 0.00190000000000 0.00190000000000 0.00180000000000 0.00180000000000 0.00180000000000 0.00180000000000 0.00120000000000 0.00120000000000 0.00120000000000 0.00120000000000 0.00120000000000 0.00120000000000 0.00120000000000 0.00120000000000 0.00730000000000 0.00710000000000 0.01450570260125 0.01440899644873 0.00210000000000 0.00200000000000 0.00660000000000 0.00650000000000 0.00120000000000 0.00120000000000 0.00120000000000 0.00120000000000 0.00120000000000 0.00120000000000 0.00120000000000 0.00120000000000 
0.01546796373935 0.00200000000000 0.01660818596985 0.00210000000000 0.00130000000000 0.00120000000000 0.00130000000000 0.00120000000000 0.01698593559301 0.01296874484248 0.01814887689737 0.01601992998325 0.00140000000000 0.00120000000000 0.00140000000000 0.00130000000000 0.01589649706098 0.00220000000000 0.01715898582219 0.01369358201325 0.00130000000000 0.00120000000000 0.00140000000000 0.00120000000000 0.01743207795929 0.01310383834244 0.01886131279726 0.01634867948533 0.00140000000000 0.00130000000000 0.00140000000000 0.00130000000000 
0.00160000000000 0.00160000000000 0.00120000000000 0.00130000000000 0.00160000000000 0.00160000000000 0.00120000000000 0.00130000000000 0.00120000000000 0.00130000000000 0.00110000000000 0.00110000000000 0.00120000000000 0.00130000000000 0.00110000000000 0.00110000000000 0.00210000000000 0.00220000000000 0.00140000000000 0.00140000000000 0.00200000000000 0.00210000000000 0.00140000000000 0.00140000000000 0.00140000000000 0.00140000000000 0.00120000000000 0.00120000000000 0.00140000000000 0.00140000000000 0.00120000000000 0.00120000000000 
0.00150000000000 0.01940046628842 0.00180000000000 0.02344645129009 0.00130000000000 0.01443090278979 0.00140000000000 0.01901771517074 0.00140000000000 0.01770515250824 0.00160000000000 0.02123876491430 0.00130000000000 0.01368353165740 0.00140000000000 0.01632042087402 0.01556410127393 0.10256546016325 0.01996487552127 0.04119462037637 0.00180000000000 0.03767199719141 0.01673699599381 0.04204610319193 0.01473800601732 0.10988779726150 0.01853343595472 0.10327542207955 0.00170000000000 0.02680533895626 0.01565798636235 0.03102589385277 
0.08486836551590 0.06791816681709 0.01587981952092 0.01759548375501 0.01728572032633 0.01866579855508 0.00150000000000 0.00160000000000 0.02331087630287 0.02344377725223 0.10637472736836 0.05828793852971 0.04071760509160 0.03949148572643 0.01724023220761 0.01852955788395 0.02101182432367 0.02328433107282 0.00180000000000 0.01311630510433 0.00950000000000 0.00930000000000 0.00130000000000 0.00130000000000 0.10474039949978 0.10387235721071 0.02034237183113 0.02225443912319 0.02098939316310 0.02255000639018 0.00970000000000 0.01498782582662 
0.00170000000000 0.00150000000000 0.00130000000000 0.00120000000000 0.00200000000000 0.00160000000000 0.00130000000000 0.00120000000000 0.10294126532182 0.02400328062090 0.01504399543308 0.00210000000000 0.02898286551532 0.03107794222307 0.01634457146829 0.00700000000000 0.02922731423705 0.01862157126591 0.00180000000000 0.00150000000000 0.05404400500604 0.02080017037087 0.00200000000000 0.00160000000000 0.01879288093019 0.02362287972649 0.10385571934398 0.10384560898981 0.01711813638437 0.01987278462912 0.02776523304405 0.12063527047710 
0.01579008241450 0.03067506563074 0.01679345700454 0.05008065952557 0.00170000000000 0.01689323829540 0.00180000000000 0.01809696516510 0.00220000000000 0.01962263081951 0.00690000000000 0.02185009874961 0.00150000000000 0.00710000000000 0.00160000000000 0.01424704908403 0.01551616702673 0.02716817686307 0.01647184716177 0.03968254038631 0.00190000000000 0.01635826100457 0.00620000000000 0.01745201429980 0.00640000000000 0.01881231461033 0.00760000000000 0.02079237660684 0.00160000000000 0.00750000000000 0.00170000000000 0.01309860854517 
0.00220000000000 0.00170000000000 0.00130000000000 0.00120000000000 0.10263723704707 0.10606401618480 0.01846572749839 0.00200000000000 0.00190000000000 0.00160000000000 0.00130000000000 0.00120000000000 0.05218485936261 0.06743885450427 0.00230000000000 0.00180000000000 0.00220000000000 0.00170000000000 0.00140000000000 0.00120000000000 0.01452462817449 0.06219492182629 0.00340000000000 0.00210000000000 0.00200000000000 0.00160000000000 0.00130000000000 0.00120000000000 0.00630000000000 0.02279719241929 0.00250000000000 0.00190000000000 
0.01884197856164 0.02723443675015 0.00210000000000 0.02406046658343 0.01943445567304 0.03059611537497 0.00200000000000 0.02572747261234 0.02216313773029 0.02430962160075 0.01624917593574 0.03370584250113 0.02297613408984 0.02601366620039 0.01664966338279 0.10309563883698 0.00140000000000 0.00210000000000 0.00120000000000 0.00150000000000 0.00140000000000 0.00210000000000 0.00120000000000 0.00150000000000 0.00150000000000 0.01409375487328 0.00130000000000 0.00160000000000 0.00150000000000 0.00250000000000 0.00130000000000 0.00160000000000 
0.01477916456957 0.00130000000000 0.00240000000000 0.00130000000000 0.00190000000000 0.00120000000000 0.00180000000000 0.00120000000000 0.00120000000000 0.00110000000000 0.00120000000000 0.00110000000000 0.00120000000000 0.00100000000000 0.00120000000000 0.00100000000000 0.02084104370358 0.00180000000000 0.02362736715248 0.00180000000000 0.00960000000000 0.00160000000000 0.01497365579670 0.00160000000000 0.00150000000000 0.00120000000000 0.00150000000000 0.00120000000000 0.00140000000000 0.00110000000000 0.00140000000000 0.00110000000000 
0.00160000000000 0.00160000000000 0.00190000000000 0.00630000000000 0.01681106342126 0.01600164767428 0.02236623378446 0.02092595494160 0.00130000000000 0.00130000000000 0.00140000000000 0.00150000000000 0.00200000000000 0.01595720567890 0.01838439904997 0.01790362816118 0.00160000000000 0.00170000000000 0.01434049496682 0.00630000000000 0.01862470020520 0.01769120047148 0.02462963927976 0.02297815805508 0.00130000000000 0.00130000000000 0.00150000000000 0.00150000000000 0.01732636106661 0.01692893056031 0.01934335181991 0.01882751286544 
0.02153630524378 0.03539710187231 0.02856227455760 0.02078425714108 0.01897118926609 0.01789143142703 0.00230000000000 0.00880000000000 0.01518993709170 0.02052917491674 0.00740000000000 0.01577814729237 0.00300000000000 0.00760000000000 0.00170000000000 0.00150000000000 0.01339523135039 0.03352403517254 0.02036606606639 0.02169987393071 0.01587941190591 0.01897042520478 0.00840000000000 0.01397108051717 0.00230000000000 0.02615406442701 0.01571211758396 0.01674865377100 0.01873072199164 0.01451544134551 0.00240000000000 0.00550000000000 
0.02297485710657 0.00130000000000 0.01663217714529 0.00120000000000 0.05783442190838 0.00150000000000 0.02826862117766 0.00130000000000 0.01565739620911 0.00120000000000 0.00200000000000 0.00110000000000 0.02472041789285 0.00130000000000 0.01551016671553 0.00120000000000 0.03938613314453 0.00140000000000 0.00870000000000 0.00130000000000 0.07590355727596 0.00170000000000 0.10775736969656 0.00150000000000 0.00750000000000 0.00130000000000 0.00250000000000 0.00120000000000 0.02807659418596 0.00140000000000 0.01649486208480 0.00130000000000 
0.00170000000000 0.00150000000000 0.00160000000000 0.00150000000000 0.00180000000000 0.00160000000000 0.00160000000000 0.00150000000000 0.00140000000000 0.00130000000000 0.00140000000000 0.00130000000000 0.00140000000000 0.00130000000000 0.00140000000000 0.00130000000000 0.00220000000000 0.00180000000000 0.00180000000000 0.00160000000000 0.01444030317442 0.00200000000000 0.00200000000000 0.00170000000000 0.00150000000000 0.00140000000000 0.00150000000000 0.00140000000000 0.00160000000000 0.00150000000000 0.00150000000000 0.00140000000000 
0.01478264164628 0.01593291650825 0.00220000000000 0.01548527485995 0.01759472125191 0.01654513393856 0.01527353224336 0.01573304629425 0.00180000000000 0.00950000000000 0.00160000000000 0.00940000000000 0.01497695183625 0.01561682330113 0.00200000000000 0.00900000000000 0.01703081509755 0.01851266255031 0.01483913696896 0.01560623968757 0.02051315452044 0.01868236795207 0.01720808679256 0.01627765104980 0.01444367893172 0.01549966991333 0.00190000000000 0.00900000000000 0.01683138829362 0.01590188579503 0.01492553107424 0.01530442126353 
0.01841169742950 0.01984883425544 0.02246732382205 0.02493873928287 0.01568162324136 0.01555716391790 0.01613781429695 0.01610381179831 0.03007804333362 0.03675957243381 0.04273149292877 0.06380968169980 0.01495934775220 0.01493009261446 0.01539541502086 0.01536952468726 0.01681432262293 0.01796525440009 0.02050397414862 0.02245257039052 0.01589534951795 0.01576441591626 0.01635508285932 0.01631569910126 0.02636776838215 0.03095462448586 0.03509901544658 0.04539619776507 0.01506722949836 0.01503461500483 0.01559010909852 0.01547536652583 
0.02706567740861 0.02183716065951 0.02895256289776 0.02234133442194 0.01838130559658 0.01754211620505 0.01869614210188 0.01758910133578 0.10357798246172 0.02850088100479 0.10303216316654 0.02985869421519 0.02195406440090 0.02072192445716 0.02277370014905 0.02102267146067 0.02000314633130 0.01550337961762 0.02030938266030 0.01557221226760 0.01486545821267 0.01423990598265 0.01491431757518 0.01428255618817 0.02439480146396 0.02171646737761 0.02530603898369 0.02202862417110 0.01921215745514 0.01461563081989 0.01942932094294 0.01473823288931 
0.00200000000000 0.00200000000000 0.00190000000000 0.00190000000000 0.00190000000000 0.00190000000000 0.00180000000000 0.00180000000000 0.00600000000000 0.00600000000000 0.00600000000000 0.00600000000000 0.00590000000000 0.00590000000000 0.00590000000000 0.00590000000000 0.02068813514157 0.02069260085374 0.01801387922605 0.01801658404914 0.01978827140542 0.01987781463785 0.01769712736349 0.01769962916073 0.10536008645987 0.10541531147396 0.02035655858305 0.02036257066367 0.10465601839034 0.10517321985676 0.01934739657379 0.01935254986303 
0.01500333443234 0.00190000000000 0.02038778465079 0.01685981686948 0.00160000000000 0.00140000000000 0.01358167416097 0.00170000000000 0.01740848840082 0.01486846968529 0.02189730447207 0.01871636055866 0.00170000000000 0.00140000000000 0.01645568012372 0.00580000000000 0.02658178080518 0.03944341275887 0.02199695178692 0.02423535039656 0.07521579280552 0.01776260530436 0.03086478518920 0.07286460586597 0.05571586421751 0.04025152494634 0.04082893712929 0.07310535526455 0.03586510168500 0.02106730519427 0.04026299764416 0.03406129024511 
0.00160000000000 0.00220000000000 0.00120000000000 0.00140000000000 0.00180000000000 0.00620000000000 0.00130000000000 0.00150000000000 0.00180000000000 0.00280000000000 0.00130000000000 0.00150000000000 0.00210000000000 0.00700000000000 0.00140000000000 0.00160000000000 0.00200000000000 0.00660000000000 0.00130000000000 0.00160000000000 0.00700000000000 0.00860000000000 0.00140000000000 0.00900000000000 0.00630000000000 0.00780000000000 0.00140000000000 0.00170000000000 0.01510361267547 0.01837363370775 0.00150000000000 0.00950000000000 
0.00200000000000 0.01854731684045 0.01520187990409 0.02027078235420 0.01426127062066 0.02139604040012 0.01646143018494 0.02241012444531 0.00190000000000 0.01819701124266 0.01519964785247 0.01976324034144 0.00230000000000 0.02064455099585 0.01630168053145 0.02178096060567 0.00190000000000 0.01810776938895 0.01507755988566 0.01984646100692 0.01413381847549 0.02057039473411 0.01624168389734 0.02178748370066 0.00180000000000 0.01777893455401 0.01507801585323 0.01944285947668 0.00210000000000 0.01992068769735 0.01607722680821 0.02127527017742 
0.00180000000000 0.00180000000000 0.00200000000000 0.00200000000000 0.00180000000000 0.00180000000000 0.00190000000000 0.00200000000000 0.00140000000000 0.00150000000000 0.00150000000000 0.00160000000000 0.00140000000000 0.00150000000000 0.00150000000000 0.00160000000000 0.00190000000000 0.00190000000000 0.00240000000000 0.00210000000000 0.00190000000000 0.00190000000000 0.00210000000000 0.00210000000000 0.00150000000000 0.00150000000000 0.00160000000000 0.00160000000000 0.00150000000000 0.00150000000000 0.00150000000000 0.00160000000000 
0.01884791696046 0.01908814206252 0.00690000000000 0.01876889142469 0.00220000000000 0.10674809314201 0.00190000000000 0.02105574749445 0.02020504946511 0.01729686254050 0.01517873648666 0.01625611928602 0.01667389779321 0.03208457927297 0.00220000000000 0.08181083835981 0.02360532321241 0.00500000000000 0.00640000000000 0.00170000000000 0.10355408337368 0.01703623478622 0.00900000000000 0.01755121164979 0.01888205394947 0.00480000000000 0.00270000000000 0.00160000000000 0.10966053724794 0.01560712358975 0.00980000000000 0.01463744770074 
0.00180000000000 0.00170000000000 0.00170000000000 0.00160000000000 0.00160000000000 0.00150000000000 0.00150000000000 0.00140000000000 0.07425663437400 0.06116619790662 0.03453877351837 0.03162037481686 0.01617992914675 0.01536972613710 0.01523442317118 0.01449794949157 0.00250000000000 0.00210000000000 0.00220000000000 0.00190000000000 0.00190000000000 0.00170000000000 0.00180000000000 0.00160000000000 0.10466168758303 0.05490298455327 0.10335263055652 0.03161865983043 0.01978315666688 0.01859370943309 0.01729863519907 0.01617226630902 
0.00160000000000 0.00140000000000 0.00150000000000 0.00130000000000 0.01925411794692 0.01369973303880 0.01582661944695 0.00630000000000 0.00180000000000 0.00150000000000 0.00170000000000 0.00140000000000 0.02558802765829 0.01503103162764 0.01734952400649 0.00660000000000 0.01480751816527 0.00180000000000 0.00610000000000 0.00170000000000 0.04016311373835 0.02173236705038 0.03557399317725 0.01768630499722 0.01530253370055 0.00220000000000 0.00640000000000 0.00200000000000 0.02605942712360 0.03650411864605 0.02735506268389 0.02067614579172 
0.00170000000000 0.00170000000000 0.00740000000000 0.00210000000000 0.02103738936043 0.02055845226025 0.02671881581890 0.02572300623453 0.03954931169936 0.03681521961338 0.03395605725423 0.04920130139827 0.02050858998265 0.02131262323029 0.01820928171281 0.01870713655336 0.00130000000000 0.00130000000000 0.00140000000000 0.00140000000000 0.01299359387030 0.01295039972699 0.01608716484670 0.01608927733916 0.01548250426246 0.01525115560583 0.01795109282060 0.01761488123120 0.03265259673178 0.03054734802217 0.03213149090376 0.03610543975600 
0.01767203643652 0.04096783485462 0.00200000000000 0.10276661799943 0.00140000000000 0.00710000000000 0.00130000000000 0.00160000000000 0.10543457438408 0.01531431870244 0.01983488958856 0.01659256507711 0.00200000000000 0.02699108720366 0.00150000000000 0.01396122013664 0.01966696367051 0.02941658722256 0.01398388788294 0.10346908717538 0.00150000000000 0.01467944623658 0.00130000000000 0.00170000000000 0.10358573463213 0.00780000000000 0.05555179092588 0.01538644459132 0.01448132272972 0.10306908835527 0.00160000000000 0.01565169528914 
0.01693292513208 0.00160000000000 0.02379522354527 0.00210000000000 0.00210000000000 0.00140000000000 0.01610897647428 0.00160000000000 0.02740314123352 0.01408324146691 0.10298493046254 0.01976583463846 0.01727701670316 0.00170000000000 0.02287075365875 0.00680000000000 0.10869172302549 0.01684870773424 0.10414525248040 0.01967166012815 0.02059424816570 0.00190000000000 0.03587162496001 0.01579421468352 0.10382155861556 0.02980363734963 0.07506942858769 0.04703522489505 0.04809427604379 0.01714377967053 0.10472478863186 0.06047658596959 
0.03263361156448 0.01504347291426 0.02144403557899 0.01740434861633 0.01780176042001 0.00170000000000 0.02114459916356 0.00560000000000 0.00220000000000 0.02710023675924 0.00180000000000 0.02606612193260 0.05876020359537 0.00840000000000 0.02580128403196 0.01568191698749 0.01794250822068 0.00150000000000 0.02235831116705 0.00170000000000 0.00580000000000 0.00120000000000 0.01434856957788 0.00130000000000 0.02354236992091 0.00690000000000 0.01836170078161 0.01418257936528 0.01590471521779 0.00160000000000 0.01825890701191 0.00560000000000 
0.01915952350401 0.00180000000000 0.02802132856117 0.02265320675863 0.10724021606917 0.01611489942555 0.02088475003692 0.07653199026705 0.00140000000000 0.00120000000000 0.01488672342850 0.00150000000000 0.00160000000000 0.00130000000000 0.02055154251519 0.00600000000000 0.01791096042466 0.00170000000000 0.03071241206080 0.02091198348265 0.03542038914616 0.01370846879373 0.02217903958868 0.04192454167293 0.00130000000000 0.00120000000000 0.01446550392945 0.00140000000000 0.00150000000000 0.00120000000000 0.01901996054855 0.00180000000000 
0.02049640649601 0.02246840768478 0.00150000000000 0.01686161420557 0.00160000000000 0.02390978373401 0.00120000000000 0.00150000000000 0.02134258324491 0.00850000000000 0.00680000000000 0.03305028894790 0.01656077506026 0.02350823289182 0.00140000000000 0.01407200266181 0.00140000000000 0.01765373755651 0.00110000000000 0.00140000000000 0.00120000000000 0.00150000000000 0.00100000000000 0.00110000000000 0.00680000000000 0.12260361190363 0.00130000000000 0.00200000000000 0.00130000000000 0.01482769296039 0.00110000000000 0.00130000000000 
0.00180000000000 0.01462676288948 0.00140000000000 0.00190000000000 0.01477222111840 0.02982456127511 0.00180000000000 0.01529236720773 0.03296204822205 0.01489314346713 0.02461874875013 0.02063899024845 0.01648002273955 0.00160000000000 0.02181819661573 0.00240000000000 0.00210000000000 0.00700000000000 0.00160000000000 0.00220000000000 0.00660000000000 0.01549283138365 0.00210000000000 0.00800000000000 0.01495981876180 0.00160000000000 0.02659070868911 0.00240000000000 0.00170000000000 0.00130000000000 0.01467736802526 0.00160000000000 
0.02143968797943 0.01579284436541 0.02246366167475 0.01623765357367 0.00130000000000 0.00120000000000 0.00130000000000 0.00120000000000 0.02529805448349 0.01853163099222 0.02627263182228 0.01894580742646 0.00130000000000 0.00120000000000 0.00130000000000 0.00120000000000 0.00200000000000 0.00160000000000 0.00210000000000 0.00160000000000 0.00110000000000 0.00110000000000 0.00110000000000 0.00110000000000 0.00190000000000 0.00150000000000 0.00200000000000 0.00150000000000 0.00110000000000 0.00110000000000 0.00110000000000 0.00110000000000 
0.01482063231196 0.02916956627952 0.00120000000000 0.00140000000000 0.00360000000000 0.01498623408211 0.00130000000000 0.00170000000000 0.02113070799833 0.01684500706835 0.00160000000000 0.00640000000000 0.01459634403459 0.00180000000000 0.00190000000000 0.00420000000000 0.00920000000000 0.02242468459586 0.00130000000000 0.00160000000000 0.00620000000000 0.00680000000000 0.00140000000000 0.00190000000000 0.02758613073610 0.00940000000000 0.00530000000000 0.00650000000000 0.00570000000000 0.00160000000000 0.00260000000000 0.00800000000000 
0.02318968897754 0.02029710899701 0.00200000000000 0.00180000000000 0.02206064193511 0.01957718518461 0.00200000000000 0.00180000000000 0.01618779239110 0.01377098562961 0.00180000000000 0.00170000000000 0.01588192465066 0.01355833878696 0.00180000000000 0.00170000000000 0.01636347745489 0.01502134631771 0.00170000000000 0.00160000000000 0.01586516056609 0.01471743870256 0.00170000000000 0.00160000000000 0.00630000000000 0.00600000000000 0.00160000000000 0.00150000000000 0.00610000000000 0.00590000000000 0.00160000000000 0.00150000000000 
0.00150000000000 0.00150000000000 0.00640000000000 0.00650000000000 0.00140000000000 0.00140000000000 0.00620000000000 0.00620000000000 0.00170000000000 0.00170000000000 0.00860000000000 0.00860000000000 0.00150000000000 0.00140000000000 0.00620000000000 0.00620000000000 0.00110000000000 0.00110000000000 0.00130000000000 0.00130000000000 0.00110000000000 0.00110000000000 0.00120000000000 0.00120000000000 0.00110000000000 0.00110000000000 0.00140000000000 0.00140000000000 0.00110000000000 0.00110000000000 0.00130000000000 0.00130000000000 
0.00150000000000 0.00130000000000 0.00150000000000 0.00130000000000 0.00150000000000 0.00130000000000 0.00140000000000 0.00120000000000 0.00130000000000 0.00120000000000 0.00130000000000 0.00120000000000 0.00130000000000 0.00120000000000 0.00130000000000 0.00110000000000 0.01323543926245 0.00160000000000 0.00610000000000 0.00150000000000 0.01303579206774 0.00150000000000 0.00600000000000 0.00150000000000 0.00160000000000 0.00130000000000 0.00150000000000 0.00130000000000 0.00160000000000 0.00130000000000 0.00150000000000 0.00130000000000 
0.01835937563257 0.01560480727526 0.01813886640003 0.00210000000000 0.02679443072516 0.11047864921957 0.02842214204367 0.09557743262490 0.01510198581095 0.00820000000000 0.00910000000000 0.01704541763620 0.00160000000000 0.00180000000000 0.00170000000000 0.00190000000000 0.00690000000000 0.00220000000000 0.00260000000000 0.00190000000000 0.02377197121462 0.00670000000000 0.02778167508166 0.00670000000000 0.00240000000000 0.00300000000000 0.00260000000000 0.00370000000000 0.00140000000000 0.00150000000000 0.00140000000000 0.00150000000000 
0.00160000000000 0.00150000000000 0.00190000000000 0.00170000000000 0.00210000000000 0.00190000000000 0.00270000000000 0.00230000000000 0.01497553113270 0.00170000000000 0.01543457498420 0.01564511922152 0.00690000000000 0.00220000000000 0.01934963640776 0.01822178870717 0.00160000000000 0.00150000000000 0.00180000000000 0.00160000000000 0.00200000000000 0.00180000000000 0.00260000000000 0.00220000000000 0.01244945550373 0.00160000000000 0.01533857871453 0.01564123028253 0.00620000000000 0.00210000000000 0.01821840945944 0.01729635954636 
0.00160000000000 0.01866351316358 0.00250000000000 0.00900000000000 0.00150000000000 0.00270000000000 0.00560000000000 0.00170000000000 0.00140000000000 0.00650000000000 0.00200000000000 0.01560865840000 0.00140000000000 0.00210000000000 0.00240000000000 0.00180000000000 0.00110000000000 0.00130000000000 0.00130000000000 0.00180000000000 0.00110000000000 0.00130000000000 0.00140000000000 0.00190000000000 0.00110000000000 0.00130000000000 0.00120000000000 0.00160000000000 0.00110000000000 0.00130000000000 0.00130000000000 0.00170000000000 
0.00180000000000 0.00150000000000 0.01512360861671 0.00180000000000 0.00170000000000 0.00150000000000 0.01764108400037 0.00170000000000 0.00160000000000 0.00140000000000 0.00200000000000 0.00160000000000 0.00150000000000 0.00140000000000 0.00200000000000 0.00150000000000 0.00120000000000 0.00120000000000 0.00130000000000 0.00120000000000 0.00120000000000 0.00110000000000 0.00130000000000 0.00120000000000 0.00120000000000 0.00110000000000 0.00120000000000 0.00120000000000 0.00110000000000 0.00110000000000 0.00120000000000 0.00110000000000 
0.01412982867081 0.01653805369914 0.01970574355504 0.02106012022641 0.01638893160982 0.01988328762115 0.02585160457309 0.02561680264247 0.02239923789451 0.03075733677175 0.10905959267731 0.11101064868514 0.01690964017169 0.01944483354402 0.12169779082218 0.11445951579666 0.00190000000000 0.01470371657644 0.00180000000000 0.01893685835710 0.01435827660165 0.01729441054607 0.02025836848919 0.02180218831247 0.02096397122194 0.02369640579125 0.10763732226539 0.10738926056137 0.01599868617565 0.01826033982730 0.12138080598990 0.11986243267875 
0.01621447526059 0.00210000000000 0.00160000000000 0.00140000000000 0.00640000000000 0.00170000000000 0.00150000000000 0.00130000000000 0.02005770483075 0.00670000000000 0.00160000000000 0.00140000000000 0.01598869249964 0.00170000000000 0.00150000000000 0.00130000000000 0.03139027551271 0.01650099272710 0.00230000000000 0.00180000000000 0.01942223148932 0.00270000000000 0.00180000000000 0.00150000000000 0.10370432372790 0.02056145530722 0.01838274499276 0.00180000000000 0.10485064541537 0.01597061552886 0.00180000000000 0.00150000000000 
0.01620839637009 0.04669407999975 0.02275273934543 0.00200000000000 0.00650000000000 0.01587989557113 0.00650000000000 0.00150000000000 0.01483202526723 0.04244849827713 0.02691348691926 0.00820000000000 0.00270000000000 0.01934150039077 0.00990000000000 0.00170000000000 0.04156021779177 0.01725369882486 0.00850000000000 0.00140000000000 0.02096152552175 0.00200000000000 0.00170000000000 0.00130000000000 0.02645414141478 0.01924848352955 0.00860000000000 0.00150000000000 0.02363247358294 0.00230000000000 0.00180000000000 0.00130000000000 
0.01928437623043 0.01949122689715 0.10223688807456 0.10219774885343 0.01580019061464 0.01591050241333 0.02035295045207 0.02055901584756 0.02764960567351 0.02834382198286 0.10453200513742 0.10448288641622 0.01931556740151 0.01952452365798 0.10207436487628 0.10204035521003 0.01861259778338 0.01881371097150 0.10455072624152 0.10425920490004 0.01553719910255 0.01564554623388 0.02030772676185 0.02051278104294 0.02522209284827 0.02563533140384 0.10619655273823 0.10612093793757 0.01863175842068 0.01883521378747 0.10412043882277 0.10390472687559 
0.00740000000000 0.01613872446061 0.02281599573484 0.10192792371543 0.00180000000000 0.00190000000000 0.01746622133013 0.02036420014101 0.00130000000000 0.00130000000000 0.00160000000000 0.00160000000000 0.00130000000000 0.00130000000000 0.00140000000000 0.00140000000000 0.02303836904557 0.02939731708942 0.01996393567018 0.10357600703955 0.01548656642030 0.01793393125607 0.03346721764929 0.11574814378311 0.00180000000000 0.00180000000000 0.00600000000000 0.00580000000000 0.00160000000000 0.00160000000000 0.00210000000000 0.00220000000000 
0.01873774875777 0.00180000000000 0.03090991011377 0.01560637183131 0.01596884909382 0.00160000000000 0.02154365222681 0.00210000000000 0.01564239157921 0.00160000000000 0.02060346934933 0.00200000000000 0.01394516648222 0.00150000000000 0.01693715134857 0.00170000000000 0.02452446737287 0.00220000000000 0.10530137674979 0.01817619965615 0.01905694807508 0.00190000000000 0.03468604296222 0.01559948059329 0.01851686498749 0.00180000000000 0.03051913198740 0.01548480530693 0.01575215096823 0.00160000000000 0.02122882326989 0.00210000000000 
0.00220000000000 0.00140000000000 0.01730421561968 0.00610000000000 0.00130000000000 0.00110000000000 0.00190000000000 0.00130000000000 0.01734346201464 0.00180000000000 0.02151811272850 0.00980000000000 0.00150000000000 0.00120000000000 0.00970000000000 0.00170000000000 0.02184045333134 0.02658110679295 0.00200000000000 0.01622665047579 0.02210402145932 0.01605301409200 0.04610254250339 0.01733353623540 0.01566706085551 0.02663121128183 0.00150000000000 0.00620000000000 0.03619983158647 0.01871778517369 0.01792792306311 0.02411997096947 
0.01800742068917 0.01489038050702 0.00200000000000 0.00170000000000 0.10450040132081 0.03943406068081 0.02223702396691 0.01669569814150 0.01778909430703 0.01469867007855 0.00200000000000 0.00170000000000 0.10540992328070 0.03654296373094 0.02172188984533 0.01648379281130 0.11280404444348 0.03128939100905 0.01985693066172 0.01530329699582 0.01719888550219 0.01720187332557 0.10407097436407 0.03402292638741 0.11577452798099 0.02968151752499 0.01944823355708 0.01518333186605 0.01741459086613 0.01742045627932 0.10386109387819 0.03804001230605 
0.00150000000000 0.00120000000000 0.01358891760602 0.00140000000000 0.02153789138532 0.00180000000000 0.02460949858396 0.01967397982504 0.01635213326528 0.00150000000000 0.03644558628318 0.01564074054638 0.02297743297724 0.02223997245176 0.01329246087117 0.05541601468900 0.00150000000000 0.00120000000000 0.00240000000000 0.00140000000000 0.01714641980273 0.00160000000000 0.01946936636567 0.01725921777019 0.00660000000000 0.00140000000000 0.04103110254250 0.01276723566250 0.01886377051878 0.01963282191788 0.00200000000000 0.03588118009624 
0.02421158034774 0.02019778753712 0.00190000000000 0.00220000000000 0.01790965980596 0.01629218990630 0.01526632447141 0.01636334098491 0.04328563302936 0.03279847136730 0.01539243518617 0.01551729354154 0.02755382619377 0.02267125988363 0.01583366266970 0.01888599782822 0.10348175799343 0.10461886918334 0.00130000000000 0.00140000000000 0.10901987370029 0.12744399565104 0.00140000000000 0.00150000000000 0.02309351604292 0.02407520726306 0.00140000000000 0.00150000000000 0.02917209294576 0.03726255546406 0.00170000000000 0.01286324300369 
0.02082006750976 0.02874482397291 0.02118366729763 0.00190000000000 0.02854844967623 0.03400156376768 0.02675694718612 0.01672481377601 0.01580323018652 0.02938962933484 0.03092977080169 0.01447476294241 0.01966931818611 0.04953339809838 0.03469804656427 0.01844004041784 0.02215647232827 0.01501679092603 0.00180000000000 0.00130000000000 0.02717736788187 0.01814198883299 0.01595114026049 0.00140000000000 0.03327809746840 0.01605882819304 0.01444851912609 0.00150000000000 0.03568508219931 0.01963798186635 0.01764074264092 0.00180000000000 
0.00200000000000 0.00190000000000 0.00150000000000 0.00150000000000 0.01577921774023 0.01524395723992 0.00170000000000 0.00170000000000 0.01648721541811 0.01595051444282 0.00180000000000 0.00170000000000 0.02543817064183 0.02292152875399 0.00230000000000 0.00220000000000 0.00140000000000 0.00140000000000 0.00120000000000 0.00120000000000 0.00150000000000 0.00150000000000 0.00130000000000 0.00130000000000 0.00160000000000 0.00160000000000 0.00140000000000 0.00130000000000 0.00200000000000 0.00190000000000 0.00150000000000 0.00150000000000 
0.01423728621711 0.01945147456822 0.10258897718290 0.03952989330468 0.02738870347751 0.02472495462767 0.06853597126097 0.01618874774933 0.11099732500529 0.03358188625920 0.01669466776157 0.01906219407158 0.00180000000000 0.01464059858719 0.00130000000000 0.00150000000000 0.01673723332029 0.02177337858816 0.10538210173274 0.04462026069381 0.02544876260060 0.02161600676414 0.02371759866684 0.01555169183912 0.05313305880193 0.02522612543294 0.01693608737804 0.01636465328852 0.00590000000000 0.00810000000000 0.00130000000000 0.00500000000000 
0.00180000000000 0.01821715274670 0.02205085320827 0.10703843784948 0.00120000000000 0.00130000000000 0.00150000000000 0.00200000000000 0.02474833023527 0.05347153353910 0.03300665859981 0.02364593443926 0.00170000000000 0.01660717166135 0.01885365168021 0.03363681125169 0.00190000000000 0.01925785970914 0.02369948472028 0.10694132868905 0.00120000000000 0.00140000000000 0.00150000000000 0.00230000000000 0.02613964974078 0.04834984291394 0.03089009100202 0.02164369627627 0.00190000000000 0.01715319391407 0.01955091890456 0.03621607839703 
0.01456699398173 0.00160000000000 0.02244174737288 0.05238545899567 0.00160000000000 0.00140000000000 0.01792324351597 0.01673619679843 0.02212936238026 0.01546712862015 0.01571782876691 0.01939960375811 0.01472636065485 0.00190000000000 0.00750000000000 0.01897287270260 0.00120000000000 0.00110000000000 0.00200000000000 0.00150000000000 0.00110000000000 0.00110000000000 0.00150000000000 0.00130000000000 0.00140000000000 0.00130000000000 0.01883798733270 0.01416312565166 0.00130000000000 0.00120000000000 0.00640000000000 0.00160000000000 
0.01725930370023 0.03766069302042 0.01421205414879 0.02057158658380 0.01715456553934 0.03656543714549 0.00250000000000 0.02036133735628 0.00130000000000 0.00160000000000 0.00120000000000 0.00140000000000 0.00130000000000 0.00160000000000 0.00120000000000 0.00140000000000 0.01844774244545 0.02445972988731 0.00150000000000 0.02184038969270 0.01844287612040 0.02454865376407 0.00150000000000 0.02173372901028 0.00120000000000 0.00130000000000 0.00110000000000 0.00120000000000 0.00120000000000 0.00130000000000 0.00110000000000 0.00120000000000 
0.01509880651858 0.00160000000000 0.01630525325839 0.00180000000000 0.00150000000000 0.00130000000000 0.00170000000000 0.00140000000000 0.01490611491296 0.00170000000000 0.01634157750263 0.00190000000000 0.00160000000000 0.00130000000000 0.00180000000000 0.00140000000000 0.10332943276584 0.01622047843038 0.03150005448298 0.01945324496519 0.01595512243472 0.00180000000000 0.01772846295115 0.00210000000000 0.03027379994547 0.01639780369753 0.02290070001037 0.02262860016097 0.01605461884472 0.00190000000000 0.01820169261997 0.00230000000000 
0.00150000000000 0.00180000000000 0.00120000000000 0.00120000000000 0.00120000000000 0.00140000000000 0.00110000000000 0.00110000000000 0.00130000000000 0.00140000000000 0.00110000000000 0.00110000000000 0.00110000000000 0.00120000000000 0.00100000000000 0.00110000000000 0.00150000000000 0.00190000000000 0.00120000000000 0.00120000000000 0.00120000000000 0.00140000000000 0.00110000000000 0.00110000000000 0.00130000000000 0.00140000000000 0.00110000000000 0.00110000000000 0.00110000000000 0.00120000000000 0.00100000000000 0.00110000000000 
0.01514579361053 0.00140000000000 0.01513412982878 0.00140000000000 0.01525021733495 0.00140000000000 0.01523834427430 0.00140000000000 0.00650000000000 0.00140000000000 0.00650000000000 0.00140000000000 0.00660000000000 0.00140000000000 0.00650000000000 0.00140000000000 0.01534623171425 0.00140000000000 0.01533407505771 0.00140000000000 0.01545193943175 0.00140000000000 0.01543955389460 0.00140000000000 0.00660000000000 0.00140000000000 0.00650000000000 0.00140000000000 0.00660000000000 0.00140000000000 0.00660000000000 0.00140000000000 
0.00150000000000 0.00260000000000 0.00120000000000 0.00140000000000 0.00160000000000 0.00310000000000 0.00120000000000 0.00140000000000 0.00150000000000 0.00240000000000 0.00120000000000 0.00140000000000 0.00160000000000 0.00280000000000 0.00120000000000 0.00140000000000 0.00130000000000 0.00180000000000 0.00110000000000 0.00130000000000 0.00140000000000 0.00200000000000 0.00110000000000 0.00130000000000 0.00130000000000 0.00180000000000 0.00110000000000 0.00130000000000 0.00140000000000 0.00190000000000 0.00110000000000 0.00130000000000 
0.01425187320470 0.00210000000000 0.02088767734962 0.01909645447045 0.01387913062367 0.00210000000000 0.01937376037285 0.01801196371381 0.03176433977083 0.04743695174827 0.09130435089753 0.08011363995696 0.03070510526620 0.04725501622799 0.07901085687158 0.06937324408505 0.00180000000000 0.00170000000000 0.00190000000000 0.00180000000000 0.00180000000000 0.00170000000000 0.00190000000000 0.00180000000000 0.00720000000000 0.00620000000000 0.10301041681666 0.00980000000000 0.00730000000000 0.00620000000000 0.03714896824525 0.01498227943725 
0.01697311612371 0.02246522762519 0.01697504574958 0.02247036796077 0.00240000000000 0.01634697763235 0.00240000000000 0.01634779828093 0.01622310001264 0.02052182381454 0.01622474816236 0.02052542160577 0.00220000000000 0.00220000000000 0.00220000000000 0.00220000000000 0.02068474630191 0.10315925401392 0.02087736699020 0.10316327444747 0.12165838678877 0.11751347645167 0.12010123622897 0.11777693901414 0.02234836959829 0.08222198725346 0.02254186045577 0.08227171308924 0.11040441734184 0.10926424321114 0.11088121806475 0.10941486533138 
0.03149685546108 0.02664239493425 0.02098832869022 0.02064648853507 0.02046908624632 0.01937692965336 0.02582335370374 0.02570241150127 0.01731347502523 0.01670294535304 0.03716056119607 0.03197142797760 0.01327420434221 0.01301947834282 0.02333078536338 0.02201611863897 0.03200742954955 0.02685504537279 0.02097406002075 0.02063167669249 0.02048537747750 0.01947007480897 0.02571139411681 0.02558590017796 0.01731462017911 0.01670339140059 0.03795363080449 0.03245254154024 0.01328223821388 0.01302714563249 0.02343564460360 0.02211571980106 
0.00180000000000 0.00180000000000 0.00160000000000 0.00160000000000 0.01479684364838 0.01500233471790 0.00200000000000 0.00210000000000 0.00190000000000 0.00200000000000 0.00170000000000 0.00170000000000 0.00940000000000 0.00980000000000 0.00220000000000 0.00230000000000 0.03201799835307 0.03867278885092 0.02628883794242 0.02998096510811 0.10278799035621 0.09351312263499 0.04846155555202 0.10548578781225 0.04295303272187 0.04482543842356 0.03393021465760 0.04059044238195 0.03742215497059 0.02919002599748 0.09688438402758 0.10403845912019 
0.00160000000000 0.00130000000000 0.02120043940574 0.01550267225781 0.00170000000000 0.00140000000000 0.02593141470633 0.00280000000000 0.00120000000000 0.00110000000000 0.00180000000000 0.00140000000000 0.00130000000000 0.00120000000000 0.00200000000000 0.00150000000000 0.01699767649927 0.00170000000000 0.10067537510422 0.04041966370568 0.01868306232666 0.00180000000000 0.03646014180309 0.10546547607207 0.00150000000000 0.00130000000000 0.01853147234363 0.00210000000000 0.00150000000000 0.00130000000000 0.02148262669468 0.00220000000000 
0.01804033113206 0.02450721079847 0.01764397249973 0.02231882985524 0.01815651373877 0.02038363471793 0.01611119908928 0.01698709748363 0.00900000000000 0.01440238863166 0.00380000000000 0.00860000000000 0.00270000000000 0.01862986205458 0.00210000000000 0.00680000000000 0.00730000000000 0.01695679645973 0.00660000000000 0.01643307335130 0.01557207534546 0.01720632987560 0.00190000000000 0.01647029873878 0.00450000000000 0.01460036549791 0.00310000000000 0.01293458903009 0.00220000000000 0.00620000000000 0.00190000000000 0.00250000000000 
0.00140000000000 0.00150000000000 0.01915860411424 0.01996113280036 0.00140000000000 0.00150000000000 0.01904831202118 0.01976650519673 0.00140000000000 0.00140000000000 0.00750000000000 0.00770000000000 0.00140000000000 0.00140000000000 0.00750000000000 0.00760000000000 0.00140000000000 0.00150000000000 0.01875123965483 0.01954521405526 0.00140000000000 0.00140000000000 0.01864102728948 0.01935340102209 0.00140000000000 0.00140000000000 0.00740000000000 0.00730000000000 0.00140000000000 0.00140000000000 0.00730000000000 0.00720000000000 
0.02876325745862 0.02726318945888 0.02510946411438 0.02480377600015 0.05389890618232 0.04266831423818 0.02792403634838 0.02767503946490 0.02150967888788 0.02130589698812 0.01539171424701 0.01530261904757 0.02543680706341 0.02504203978711 0.01570291830640 0.01560135694228 0.02243013197273 0.02405894851397 0.03731677847064 0.03520360218825 0.02481524606253 0.02655188455487 0.05583199305714 0.04921584194681 0.03132679447928 0.02977815609277 0.02519946067383 0.02182033653665 0.04187459058668 0.03826311808193 0.02550526202388 0.02387519884580 
0.00170000000000 0.00170000000000 0.00190000000000 0.01607912045426 0.00130000000000 0.00130000000000 0.00130000000000 0.00130000000000 0.00130000000000 0.00130000000000 0.00130000000000 0.00130000000000 0.00110000000000 0.00110000000000 0.00110000000000 0.00110000000000 0.00130000000000 0.00130000000000 0.00140000000000 0.00130000000000 0.00110000000000 0.00110000000000 0.00120000000000 0.00120000000000 0.00110000000000 0.00110000000000 0.00120000000000 0.00110000000000 0.00110000000000 0.00100000000000 0.00110000000000 0.00110000000000 
0.00180000000000 0.01719115808006 0.01924096242457 0.02572548211486 0.02299721373183 0.03810657980310 0.06045762549457 0.04621094456261 0.10937849538066 0.10602918816167 0.02858510146097 0.02881390563269 0.02280201748192 0.02247906291125 0.00170000000000 0.00810000000000 0.01455951090539 0.01981489475290 0.02563903814716 0.03540624445317 0.10430094627805 0.06309489117205 0.02973820502878 0.03253486759532 0.10201227827894 0.07788913375809 0.01481003515179 0.02091634666626 0.00200000000000 0.01511826409377 0.00150000000000 0.00170000000000 
0.00180000000000 0.00150000000000 0.00150000000000 0.00130000000000 0.00130000000000 0.00120000000000 0.00120000000000 0.00110000000000 0.00200000000000 0.00150000000000 0.00150000000000 0.00130000000000 0.00140000000000 0.00120000000000 0.00120000000000 0.00120000000000 0.00140000000000 0.00120000000000 0.00120000000000 0.00120000000000 0.00120000000000 0.00110000000000 0.00110000000000 0.00110000000000 0.00140000000000 0.00130000000000 0.00130000000000 0.00120000000000 0.00120000000000 0.00110000000000 0.00110000000000 0.00110000000000 
0.03303816263496 0.03906157054805 0.10539980053033 0.10308889690397 0.02956030529697 0.02785304904010 0.02245095227806 0.02173033169146 0.00180000000000 0.00180000000000 0.00200000000000 0.00210000000000 0.01562701419634 0.01606455401449 0.01778746338489 0.01859412896713 0.02277919792733 0.02431923334996 0.03084663932084 0.03518468694618 0.07165057438964 0.10683410969867 0.03780818552885 0.03467294043959 0.00160000000000 0.00160000000000 0.00170000000000 0.00180000000000 0.00200000000000 0.00200000000000 0.00250000000000 0.01652079614733 
0.00160000000000 0.00170000000000 0.11500475597520 0.10342400065577 0.00120000000000 0.00120000000000 0.00640000000000 0.00700000000000 0.00120000000000 0.00120000000000 0.00230000000000 0.00610000000000 0.00110000000000 0.00110000000000 0.00130000000000 0.00140000000000 0.00150000000000 0.00160000000000 0.02147996023672 0.02380441056900 0.00120000000000 0.00120000000000 0.00550000000000 0.00560000000000 0.00120000000000 0.00120000000000 0.00580000000000 0.00590000000000 0.00100000000000 0.00110000000000 0.00130000000000 0.00130000000000 
0.00200000000000 0.05205770582408 0.01469532725078 0.10333746550113 0.03698706861884 0.01784045423146 0.11778985046308 0.01619119753584 0.00270000000000 0.00250000000000 0.00730000000000 0.00200000000000 0.00690000000000 0.00140000000000 0.00250000000000 0.00140000000000 0.01524324935677 0.11013564173117 0.01750226974434 0.10165804099778 0.11605136708851 0.01766788273383 0.11931625637861 0.00200000000000 0.00670000000000 0.00220000000000 0.01618548203719 0.00180000000000 0.00610000000000 0.00140000000000 0.00210000000000 0.00130000000000 
0.01789143670995 0.02512737068812 0.07556616844596 0.00740000000000 0.01617146498919 0.03127475461234 0.03140005488753 0.00800000000000 0.02299877471301 0.00790000000000 0.01568898634869 0.00200000000000 0.01757488315892 0.00840000000000 0.01652443091385 0.00210000000000 0.02451868602536 0.00650000000000 0.00720000000000 0.00150000000000 0.03016063348939 0.00650000000000 0.01470220235684 0.00150000000000 0.00750000000000 0.00160000000000 0.00180000000000 0.00130000000000 0.00780000000000 0.00170000000000 0.00190000000000 0.00130000000000 
0.00140000000000 0.00230000000000 0.00150000000000 0.01481639888568 0.00160000000000 0.00270000000000 0.00160000000000 0.01777119034249 0.00130000000000 0.00160000000000 0.00130000000000 0.00170000000000 0.00140000000000 0.00180000000000 0.00140000000000 0.00190000000000 0.00110000000000 0.00120000000000 0.00110000000000 0.00120000000000 0.00110000000000 0.00130000000000 0.00110000000000 0.00130000000000 0.00110000000000 0.00110000000000 0.00110000000000 0.00110000000000 0.00110000000000 0.00120000000000 0.00110000000000 0.00120000000000 
0.03610974941491 0.02574816895427 0.02288124875132 0.02004836465222 0.01350799092384 0.01406684681975 0.02093203400437 0.02842124539821 0.02811635150239 0.03411560882978 0.04294495926027 0.10317304766584 0.00180000000000 0.00200000000000 0.00230000000000 0.00580000000000 0.02587104755471 0.03516254262185 0.06441386152074 0.03963281717800 0.00180000000000 0.00200000000000 0.00230000000000 0.01584165557262 0.01995031963433 0.02179128882682 0.02357749345664 0.02677212449997 0.00150000000000 0.00160000000000 0.00170000000000 0.00180000000000 
0.02029638763923 0.01697682198815 0.00150000000000 0.00860000000000 0.01394449444100 0.02582060601169 0.00130000000000 0.00230000000000 0.01836745462787 0.04245423607422 0.00140000000000 0.00570000000000 0.00180000000000 0.02924783673214 0.00120000000000 0.00180000000000 0.01699618794072 0.00140000000000 0.01628210003934 0.00170000000000 0.02440563939417 0.00170000000000 0.00260000000000 0.00250000000000 0.03803087518794 0.00160000000000 0.00580000000000 0.00220000000000 0.03353406203720 0.01416257742447 0.00180000000000 0.01761225133763 
0.05320593729063 0.01960435664487 0.02088655175760 0.03982439690209 0.00210000000000 0.01740206556793 0.00160000000000 0.00250000000000 0.02220462977340 0.00200000000000 0.02061946133692 0.00240000000000 0.01502229160215 0.03053562421718 0.00190000000000 0.01395970429049 0.02184532813241 0.01472023248553 0.11078782450056 0.01624271725265 0.01640957393438 0.05157023704256 0.00220000000000 0.01824462532973 0.00230000000000 0.00150000000000 0.00280000000000 0.00170000000000 0.02379464536793 0.01503233739076 0.01338987527677 0.02080294532147 
M_out
1 1 1 1 1 0 0 0 0 0 0 0 0 0 0 0 0 0 0 0 0 0 0 0 0 0 0 0 0 0 0 0 0 0 0 0 0 0 0 0 0 0 0 0 0 0 0 0 0 0 0 0 0 0 0 0 0 0 0 0 0 0 0 0 0 0 0 0 0 0 0 0 0 0 0 0 0 0 0 0 0 0 0 0 0 0 0 0 0 0 0 0 0 0 0 0 0 0 0 0 
0 1 1 1 1 1 0 0 0 0 0 0 0 0 0 0 0 0 0 0 0 0 0 0 0 0 0 0 0 0 0 0 0 0 0 0 0 0 0 0 0 0 0 0 0 0 0 0 0 0 0 0 0 0 0 0 0 0 0 0 0 0 0 0 0 0 0 0 0 0 0 0 0 0 0 0 0 0 0 0 0 0 0 0 0 0 0 0 0 0 0 0 0 0 0 0 0 0 0 0 
0 0 1 1 1 1 1 0 0 0 0 0 0 0 0 0 0 0 0 0 0 0 0 0 0 0 0 0 0 0 0 0 0 0 0 0 0 0 0 0 0 0 0 0 0 0 0 0 0 0 0 0 0 0 0 0 0 0 0 0 0 0 0 0 0 0 0 0 0 0 0 0 0 0 0 0 0 0 0 0 0 0 0 0 0 0 0 0 0 0 0 0 0 0 0 0 0 0 0 0 
0 0 0 1 1 1 1 1 0 0 0 0 0 0 0 0 0 0 0 0 0 0 0 0 0 0 0 0 0 0 0 0 0 0 0 0 0 0 0 0 0 0 0 0 0 0 0 0 0 0 0 0 0 0 0 0 0 0 0 0 0 0 0 0 0 0 0 0 0 0 0 0 0 0 0 0 0 0 0 0 0 0 0 0 0 0 0 0 0 0 0 0 0 0 0 0 0 0 0 0 
0 0 0 0 1 1 1 1 1 0 0 0 0 0 0 0 0 0 0 0 0 0 0 0 0 0 0 0 0 0 0 0 0 0 0 0 0 0 0 0 0 0 0 0 0 0 0 0 0 0 0 0 0 0 0 0 0 0 0 0 0 0 0 0 0 0 0 0 0 0 0 0 0 0 0 0 0 0 0 0 0 0 0 0 0 0 0 0 0 0 0 0 0 0 0 0 0 0 0 0 
0 0 0 0 0 1 1 1 1 1 0 0 0 0 0 0 0 0 0 0 0 0 0 0 0 0 0 0 0 0 0 0 0 0 0 0 0 0 0 0 0 0 0 0 0 0 0 0 0 0 0 0 0 0 0 0 0 0 0 0 0 0 0 0 0 0 0 0 0 0 0 0 0 0 0 0 0 0 0 0 0 0 0 0 0 0 0 0 0 0 0 0 0 0 0 0 0 0 0 0 
0 0 0 0 0 0 1 1 1 1 1 0 0 0 0 0 0 0 0 0 0 0 0 0 0 0 0 0 0 0 0 0 0 0 0 0 0 0 0 0 0 0 0 0 0 0 0 0 0 0 0 0 0 0 0 0 0 0 0 0 0 0 0 0 0 0 0 0 0 0 0 0 0 0 0 0 0 0 0 0 0 0 0 0 0 0 0 0 0 0 0 0 0 0 0 0 0 0 0 0 
0 0 0 0 0 0 0 1 1 1 1 1 0 0 0 0 0 0 0 0 0 0 0 0 0 0 0 0 0 0 0 0 0 0 0 0 0 0 0 0 0 0 0 0 0 0 0 0 0 0 0 0 0 0 0 0 0 0 0 0 0 0 0 0 0 0 0 0 0 0 0 0 0 0 0 0 0 0 0 0 0 0 0 0 0 0 0 0 0 0 0 0 0 0 0 0 0 0 0 0 
0 0 0 0 0 0 0 0 1 1 1 1 1 0 0 0 0 0 0 0 0 0 0 0 0 0 0 0 0 0 0 0 0 0 0 0 0 0 0 0 0 0 0 0 0 0 0 0 0 0 0 0 0 0 0 0 0 0 0 0 0 0 0 0 0 0 0 0 0 0 0 0 0 0 0 0 0 0 0 0 0 0 0 0 0 0 0 0 0 0 0 0 0 0 0 0 0 0 0 0 
0 0 0 0 0 0 0 0 0 1 1 1 1 1 0 0 0 0 0 0 0 0 0 0 0 0 0 0 0 0 0 0 0 0 0 0 0 0 0 0 0 0 0 0 0 0 0 0 0 0 0 0 0 0 0 0 0 0 0 0 0 0 0 0 0 0 0 0 0 0 0 0 0 0 0 0 0 0 0 0 0 0 0 0 0 0 0 0 0 0 0 0 0 0 0 0 0 0 0 0 
0 0 0 0 0 0 0 0 0 0 1 1 1 1 1 0 0 0 0 0 0 0 0 0 0 0 0 0 0 0 0 0 0 0 0 0 0 0 0 0 0 0 0 0 0 0 0 0 0 0 0 0 0 0 0 0 0 0 0 0 0 0 0 0 0 0 0 0 0 0 0 0 0 0 0 0 0 0 0 0 0 0 0 0 0 0 0 0 0 0 0 0 0 0 0 0 0 0 0 0 
0 0 0 0 0 0 0 0 0 0 0 1 1 1 1 1 0 0 0 0 0 0 0 0 0 0 0 0 0 0 0 0 0 0 0 0 0 0 0 0 0 0 0 0 0 0 0 0 0 0 0 0 0 0 0 0 0 0 0 0 0 0 0 0 0 0 0 0 0 0 0 0 0 0 0 0 0 0 0 0 0 0 0 0 0 0 0 0 0 0 0 0 0 0 0 0 0 0 0 0 
0 0 0 0 0 0 0 0 0 0 0 0 1 1 1 1 1 0 0 0 0 0 0 0 0 0 0 0 0 0 0 0 0 0 0 0 0 0 0 0 0 0 0 0 0 0 0 0 0 0 0 0 0 0 0 0 0 0 0 0 0 0 0 0 0 0 0 0 0 0 0 0 0 0 0 0 0 0 0 0 0 0 0 0 0 0 0 0 0 0 0 0 0 0 0 0 0 0 0 0 
0 0 0 0 0 0 0 0 0 0 0 0 0 1 1 1 1 1 0 0 0 0 0 0 0 0 0 0 0 0 0 0 0 0 0 0 0 0 0 0 0 0 0 0 0 0 0 0 0 0 0 0 0 0 0 0 0 0 0 0 0 0 0 0 0 0 0 0 0 0 0 0 0 0 0 0 0 0 0 0 0 0 0 0 0 0 0 0 0 0 0 0 0 0 0 0 0 0 0 0 
0 0 0 0 0 0 0 0 0 0 0 0 0 0 1 1 1 1 1 0 0 0 0 0 0 0 0 0 0 0 0 0 0 0 0 0 0 0 0 0 0 0 0 0 0 0 0 0 0 0 0 0 0 0 0 0 0 0 0 0 0 0 0 0 0 0 0 0 0 0 0 0 0 0 0 0 0 0 0 0 0 0 0 0 0 0 0 0 0 0 0 0 0 0 0 0 0 0 0 0 
0 0 0 0 0 0 0 0 0 0 0 0 0 0 0 1 1 1 1 1 0 0 0 0 0 0 0 0 0 0 0 0 0 0 0 0 0 0 0 0 0 0 0 0 0 0 0 0 0 0 0 0 0 0 0 0 0 0 0 0 0 0 0 0 0 0 0 0 0 0 0 0 0 0 0 0 0 0 0 0 0 0 0 0 0 0 0 0 0 0 0 0 0 0 0 0 0 0 0 0 
0 0 0 0 0 0 0 0 0 0 0 0 0 0 0 0 1 1 1 1 1 0 0 0 0 0 0 0 0 0 0 0 0 0 0 0 0 0 0 0 0 0 0 0 0 0 0 0 0 0 0 0 0 0 0 0 0 0 0 0 0 0 0 0 0 0 0 0 0 0 0 0 0 0 0 0 0 0 0 0 0 0 0 0 0 0 0 0 0 0 0 0 0 0 0 0 0 0 0 0 
0 0 0 0 0 0 0 0 0 0 0 0 0 0 0 0 0 1 1 1 1 1 0 0 0 0 0 0 0 0 0 0 0 0 0 0 0 0 0 0 0 0 0 0 0 0 0 0 0 0 0 0 0 0 0 0 0 0 0 0 0 0 0 0 0 0 0 0 0 0 0 0 0 0 0 0 0 0 0 0 0 0 0 0 0 0 0 0 0 0 0 0 0 0 0 0 0 0 0 0 
0 0 0 0 0 0 0 0 0 0 0 0 0 0 0 0 0 0 1 1 1 1 1 0 0 0 0 0 0 0 0 0 0 0 0 0 0 0 0 0 0 0 0 0 0 0 0 0 0 0 0 0 0 0 0 0 0 0 0 0 0 0 0 0 0 0 0 0 0 0 0 0 0 0 0 0 0 0 0 0 0 0 0 0 0 0 0 0 0 0 0 0 0 0 0 0 0 0 0 0 
0 0 0 0 0 0 0 0 0 0 0 0 0 0 0 0 0 0 0 1 1 1 1 1 0 0 0 0 0 0 0 0 0 0 0 0 0 0 0 0 0 0 0 0 0 0 0 0 0 0 0 0 0 0 0 0 0 0 0 0 0 0 0 0 0 0 0 0 0 0 0 0 0 0 0 0 0 0 0 0 0 0 0 0 0 0 0 0 0 0 0 0 0 0 0 0 0 0 0 0 
0 0 0 0 0 0 0 0 0 0 0 0 0 0 0 0 0 0 0 0 1 1 1 1 1 0 0 0 0 0 0 0 0 0 0 0 0 0 0 0 0 0 0 0 0 0 0 0 0 0 0 0 0 0 0 0 0 0 0 0 0 0 0 0 0 0 0 0 0 0 0 0 0 0 0 0 0 0 0 0 0 0 0 0 0 0 0 0 0 0 0 0 0 0 0 0 0 0 0 0 
0 0 0 0 0 0 0 0 0 0 0 0 0 0 0 0 0 0 0 0 0 1 1 1 1 1 0 0 0 0 0 0 0 0 0 0 0 0 0 0 0 0 0 0 0 0 0 0 0 0 0 0 0 0 0 0 0 0 0 0 0 0 0 0 0 0 0 0 0 0 0 0 0 0 0 0 0 0 0 0 0 0 0 0 0 0 0 0 0 0 0 0 0 0 0 0 0 0 0 0 
0 0 0 0 0 0 0 0 0 0 0 0 0 0 0 0 0 0 0 0 0 0 1 1 1 1 1 0 0 0 0 0 0 0 0 0 0 0 0 0 0 0 0 0 0 0 0 0 0 0 0 0 0 0 0 0 0 0 0 0 0 0 0 0 0 0 0 0 0 0 0 0 0 0 0 0 0 0 0 0 0 0 0 0 0 0 0 0 0 0 0 0 0 0 0 0 0 0 0 0 
0 0 0 0 0 0 0 0 0 0 0 0 0 0 0 0 0 0 0 0 0 0 0 1 1 1 1 1 0 0 0 0 0 0 0 0 0 0 0 0 0 0 0 0 0 0 0 0 0 0 0 0 0 0 0 0 0 0 0 0 0 0 0 0 0 0 0 0 0 0 0 0 0 0 0 0 0 0 0 0 0 0 0 0 0 0 0 0 0 0 0 0 0 0 0 0 0 0 0 0 
0 0 0 0 0 0 0 0 0 0 0 0 0 0 0 0 0 0 0 0 0 0 0 0 1 1 1 1 1 0 0 0 0 0 0 0 0 0 0 0 0 0 0 0 0 0 0 0 0 0 0 0 0 0 0 0 0 0 0 0 0 0 0 0 0 0 0 0 0 0 0 0 0 0 0 0 0 0 0 0 0 0 0 0 0 0 0 0 0 0 0 0 0 0 0 0 0 0 0 0 
0 0 0 0 0 0 0 0 0 0 0 0 0 0 0 0 0 0 0 0 0 0 0 0 0 1 1 1 1 1 0 0 0 0 0 0 0 0 0 0 0 0 0 0 0 0 0 0 0 0 0 0 0 0 0 0 0 0 0 0 0 0 0 0 0 0 0 0 0 0 0 0 0 0 0 0 0 0 0 0 0 0 0 0 0 0 0 0 0 0 0 0 0 0 0 0 0 0 0 0 
0 0 0 0 0 0 0 0 0 0 0 0 0 0 0 0 0 0 0 0 0 0 0 0 0 0 1 1 1 1 1 0 0 0 0 0 0 0 0 0 0 0 0 0 0 0 0 0 0 0 0 0 0 0 0 0 0 0 0 0 0 0 0 0 0 0 0 0 0 0 0 0 0 0 0 0 0 0 0 0 0 0 0 0 0 0 0 0 0 0 0 0 0 0 0 0 0 0 0 0 
0 0 0 0 0 0 0 0 0 0 0 0 0 0 0 0 0 0 0 0 0 0 0 0 0 0 0 1 1 1 1 1 0 0 0 0 0 0 0 0 0 0 0 0 0 0 0 0 0 0 0 0 0 0 0 0 0 0 0 0 0 0 0 0 0 0 0 0 0 0 0 0 0 0 0 0 0 0 0 0 0 0 0 0 0 0 0 0 0 0 0 0 0 0 0 0 0 0 0 0 
0 0 0 0 0 0 0 0 0 0 0 0 0 0 0 0 0 0 0 0 0 0 0 0 0 0 0 0 1 1 1 1 1 0 0 0 0 0 0 0 0 0 0 0 0 0 0 0 0 0 0 0 0 0 0 0 0 0 0 0 0 0 0 0 0 0 0 0 0 0 0 0 0 0 0 0 0 0 0 0 0 0 0 0 0 0 0 0 0 0 0 0 0 0 0 0 0 0 0 0 
0 0 0 0 0 0 0 0 0 0 0 0 0 0 0 0 0 0 0 0 0 0 0 0 0 0 0 0 0 1 1 1 1 1 0 0 0 0 0 0 0 0 0 0 0 0 0 0 0 0 0 0 0 0 0 0 0 0 0 0 0 0 0 0 0 0 0 0 0 0 0 0 0 0 0 0 0 0 0 0 0 0 0 0 0 0 0 0 0 0 0 0 0 0 0 0 0 0 0 0 
0 0 0 0 0 0 0 0 0 0 0 0 0 0 0 0 0 0 0 0 0 0 0 0 0 0 0 0 0 0 1 1 1 1 1 0 0 0 0 0 0 0 0 0 0 0 0 0 0 0 0 0 0 0 0 0 0 0 0 0 0 0 0 0 0 0 0 0 0 0 0 0 0 0 0 0 0 0 0 0 0 0 0 0 0 0 0 0 0 0 0 0 0 0 0 0 0 0 0 0 
0 0 0 0 0 0 0 0 0 0 0 0 0 0 0 0 0 0 0 0 0 0 0 0 0 0 0 0 0 0 0 1 1 1 1 1 0 0 0 0 0 0 0 0 0 0 0 0 0 0 0 0 0 0 0 0 0 0 0 0 0 0 0 0 0 0 0 0 0 0 0 0 0 0 0 0 0 0 0 0 0 0 0 0 0 0 0 0 0 0 0 0 0 0 0 0 0 0 0 0 
0 0 0 0 0 0 0 0 0 0 0 0 0 0 0 0 0 0 0 0 0 0 0 0 0 0 0 0 0 0 0 0 1 1 1 1 1 0 0 0 0 0 0 0 0 0 0 0 0 0 0 0 0 0 0 0 0 0 0 0 0 0 0 0 0 0 0 0 0 0 0 0 0 0 0 0 0 0 0 0 0 0 0 0 0 0 0 0 0 0 0 0 0 0 0 0 0 0 0 0 
0 0 0 0 0 0 0 0 0 0 0 0 0 0 0 0 0 0 0 0 0 0 0 0 0 0 0 0 0 0 0 0 0 1 1 1 1 1 0 0 0 0 0 0 0 0 0 0 0 0 0 0 0 0 0 0 0 0 0 0 0 0 0 0 0 0 0 0 0 0 0 0 0 0 0 0 0 0 0 0 0 0 0 0 0 0 0 0 0 0 0 0 0 0 0 0 0 0 0 0 
0 0 0 0 0 0 0 0 0 0 0 0 0 0 0 0 0 0 0 0 0 0 0 0 0 0 0 0 0 0 0 0 0 0 1 1 1 1 1 0 0 0 0 0 0 0 0 0 0 0 0 0 0 0 0 0 0 0 0 0 0 0 0 0 0 0 0 0 0 0 0 0 0 0 0 0 0 0 0 0 0 0 0 0 0 0 0 0 0 0 0 0 0 0 0 0 0 0 0 0 
0 0 0 0 0 0 0 0 0 0 0 0 0 0 0 0 0 0 0 0 0 0 0 0 0 0 0 0 0 0 0 0 0 0 0 1 1 1 1 1 0 0 0 0 0 0 0 0 0 0 0 0 0 0 0 0 0 0 0 0 0 0 0 0 0 0 0 0 0 0 0 0 0 0 0 0 0 0 0 0 0 0 0 0 0 0 0 0 0 0 0 0 0 0 0 0 0 0 0 0 
0 0 0 0 0 0 0 0 0 0 0 0 0 0 0 0 0 0 0 0 0 0 0 0 0 0 0 0 0 0 0 0 0 0 0 0 1 1 1 1 1 0 0 0 0 0 0 0 0 0 0 0 0 0 0 0 0 0 0 0 0 0 0 0 0 0 0 0 0 0 0 0 0 0 0 0 0 0 0 0 0 0 0 0 0 0 0 0 0 0 0 0 0 0 0 0 0 0 0 0 
0 0 0 0 0 0 0 0 0 0 0 0 0 0 0 0 0 0 0 0 0 0 0 0 0 0 0 0 0 0 0 0 0 0 0 0 0 1 1 1 1 1 0 0 0 0 0 0 0 0 0 0 0 0 0 0 0 0 0 0 0 0 0 0 0 0 0 0 0 0 0 0 0 0 0 0 0 0 0 0 0 0 0 0 0 0 0 0 0 0 0 0 0 0 0 0 0 0 0 0 
0 0 0 0 0 0 0 0 0 0 0 0 0 0 0 0 0 0 0 0 0 0 0 0 0 0 0 0 0 0 0 0 0 0 0 0 0 0 1 1 1 1 1 0 0 0 0 0 0 0 0 0 0 0 0 0 0 0 0 0 0 0 0 0 0 0 0 0 0 0 0 0 0 0 0 0 0 0 0 0 0 0 0 0 0 0 0 0 0 0 0 0 0 0 0 0 0 0 0 0 
0 0 0 0 0 0 0 0 0 0 0 0 0 0 0 0 0 0 0 0 0 0 0 0 0 0 0 0 0 0 0 0 0 0 0 0 0 0 0 1 1 1 1 1 0 0 0 0 0 0 0 0 0 0 0 0 0 0 0 0 0 0 0 0 0 0 0 0 0 0 0 0 0 0 0 0 0 0 0 0 0 0 0 0 0 0 0 0 0 0 0 0 0 0 0 0 0 0 0 0 
0 0 0 0 0 0 0 0 0 0 0 0 0 0 0 0 0 0 0 0 0 0 0 0 0 0 0 0 0 0 0 0 0 0 0 0 0 0 0 0 1 1 1 1 1 0 0 0 0 0 0 0 0 0 0 0 0 0 0 0 0 0 0 0 0 0 0 0 0 0 0 0 0 0 0 0 0 0 0 0 0 0 0 0 0 0 0 0 0 0 0 0 0 0 0 0 0 0 0 0 
0 0 0 0 0 0 0 0 0 0 0 0 0 0 0 0 0 0 0 0 0 0 0 0 0 0 0 0 0 0 0 0 0 0 0 0 0 0 0 0 0 1 1 1 1 1 0 0 0 0 0 0 0 0 0 0 0 0 0 0 0 0 0 0 0 0 0 0 0 0 0 0 0 0 0 0 0 0 0 0 0 0 0 0 0 0 0 0 0 0 0 0 0 0 0 0 0 0 0 0 
0 0 0 0 0 0 0 0 0 0 0 0 0 0 0 0 0 0 0 0 0 0 0 0 0 0 0 0 0 0 0 0 0 0 0 0 0 0 0 0 0 0 1 1 1 1 1 0 0 0 0 0 0 0 0 0 0 0 0 0 0 0 0 0 0 0 0 0 0 0 0 0 0 0 0 0 0 0 0 0 0 0 0 0 0 0 0 0 0 0 0 0 0 0 0 0 0 0 0 0 
0 0 0 0 0 0 0 0 0 0 0 0 0 0 0 0 0 0 0 0 0 0 0 0 0 0 0 0 0 0 0 0 0 0 0 0 0 0 0 0 0 0 0 1 1 1 1 1 0 0 0 0 0 0 0 0 0 0 0 0 0 0 0 0 0 0 0 0 0 0 0 0 0 0 0 0 0 0 0 0 0 0 0 0 0 0 0 0 0 0 0 0 0 0 0 0 0 0 0 0 
0 0 0 0 0 0 0 0 0 0 0 0 0 0 0 0 0 0 0 0 0 0 0 0 0 0 0 0 0 0 0 0 0 0 0 0 0 0 0 0 0 0 0 0 1 1 1 1 1 0 0 0 0 0 0 0 0 0 0 0 0 0 0 0 0 0 0 0 0 0 0 0 0 0 0 0 0 0 0 0 0 0 0 0 0 0 0 0 0 0 0 0 0 0 0 0 0 0 0 0 
0 0 0 0 0 0 0 0 0 0 0 0 0 0 0 0 0 0 0 0 0 0 0 0 0 0 0 0 0 0 0 0 0 0 0 0 0 0 0 0 0 0 0 0 0 1 1 1 1 1 0 0 0 0 0 0 0 0 0 0 0 0 0 0 0 0 0 0 0 0 0 0 0 0 0 0 0 0 0 0 0 0 0 0 0 0 0 0 0 0 0 0 0 0 0 0 0 0 0 0 
0 0 0 0 0 0 0 0 0 0 0 0 0 0 0 0 0 0 0 0 0 0 0 0 0 0 0 0 0 0 0 0 0 0 0 0 0 0 0 0 0 0 0 0 0 0 1 1 1 1 1 0 0 0 0 0 0 0 0 0 0 0 0 0 0 0 0 0 0 0 0 0 0 0 0 0 0 0 0 0 0 0 0 0 0 0 0 0 0 0 0 0 0 0 0 0 0 0 0 0 
0 0 0 0 0 0 0 0 0 0 0 0 0 0 0 0 0 0 0 0 0 0 0 0 0 0 0 0 0 0 0 0 0 0 0 0 0 0 0 0 0 0 0 0 0 0 0 1 1 1 1 1 0 0 0 0 0 0 0 0 0 0 0 0 0 0 0 0 0 0 0 0 0 0 0 0 0 0 0 0 0 0 0 0 0 0 0 0 0 0 0 0 0 0 0 0 0 0 0 0 
0 0 0 0 0 0 0 0 0 0 0 0 0 0 0 0 0 0 0 0 0 0 0 0 0 0 0 0 0 0 0 0 0 0 0 0 0 0 0 0 0 0 0 0 0 0 0 0 1 1 1 1 1 0 0 0 0 0 0 0 0 0 0 0 0 0 0 0 0 0 0 0 0 0 0 0 0 0 0 0 0 0 0 0 0 0 0 0 0 0 0 0 0 0 0 0 0 0 0 0 
0 0 0 0 0 0 0 0 0 0 0 0 0 0 0 0 0 0 0 0 0 0 0 0 0 0 0 0 0 0 0 0 0 0 0 0 0 0 0 0 0 0 0 0 0 0 0 0 0 1 1 1 1 1 0 0 0 0 0 0 0 0 0 0 0 0 0 0 0 0 0 0 0 0 0 0 0 0 0 0 0 0 0 0 0 0 0 0 0 0 0 0 0 0 0 0 0 0 0 0 
0 0 0 0 0 0 0 0 0 0 0 0 0 0 0 0 0 0 0 0 0 0 0 0 0 0 0 0 0 0 0 0 0 0 0 0 0 0 0 0 0 0 0 0 0 0 0 0 0 0 1 1 1 1 1 0 0 0 0 0 0 0 0 0 0 0 0 0 0 0 0 0 0 0 0 0 0 0 0 0 0 0 0 0 0 0 0 0 0 0 0 0 0 0 0 0 0 0 0 0 
0 0 0 0 0 0 0 0 0 0 0 0 0 0 0 0 0 0 0 0 0 0 0 0 0 0 0 0 0 0 0 0 0 0 0 0 0 0 0 0 0 0 0 0 0 0 0 0 0 0 0 1 1 1 1 1 0 0 0 0 0 0 0 0 0 0 0 0 0 0 0 0 0 0 0 0 0 0 0 0 0 0 0 0 0 0 0 0 0 0 0 0 0 0 0 0 0 0 0 0 
0 0 0 0 0 0 0 0 0 0 0 0 0 0 0 0 0 0 0 0 0 0 0 0 0 0 0 0 0 0 0 0 0 0 0 0 0 0 0 0 0 0 0 0 0 0 0 0 0 0 0 0 1 1 1 1 1 0 0 0 0 0 0 0 0 0 0 0 0 0 0 0 0 0 0 0 0 0 0 0 0 0 0 0 0 0 0 0 0 0 0 0 0 0 0 0 0 0 0 0 
0 0 0 0 0 0 0 0 0 0 0 0 0 0 0 0 0 0 0 0 0 0 0 0 0 0 0 0 0 0 0 0 0 0 0 0 0 0 0 0 0 0 0 0 0 0 0 0 0 0 0 0 0 1 1 1 1 1 0 0 0 0 0 0 0 0 0 0 0 0 0 0 0 0 0 0 0 0 0 0 0 0 0 0 0 0 0 0 0 0 0 0 0 0 0 0 0 0 0 0 
0 0 0 0 0 0 0 0 0 0 0 0 0 0 0 0 0 0 0 0 0 0 0 0 0 0 0 0 0 0 0 0 0 0 0 0 0 0 0 0 0 0 0 0 0 0 0 0 0 0 0 0 0 0 1 1 1 1 1 0 0 0 0 0 0 0 0 0 0 0 0 0 0 0 0 0 0 0 0 0 0 0 0 0 0 0 0 0 0 0 0 0 0 0 0 0 0 0 0 0 
0 0 0 0 0 0 0 0 0 0 0 0 0 0 0 0 0 0 0 0 0 0 0 0 0 0 0 0 0 0 0 0 0 0 0 0 0 0 0 0 0 0 0 0 0 0 0 0 0 0 0 0 0 0 0 1 1 1 1 1 0 0 0 0 0 0 0 0 0 0 0 0 0 0 0 0 0 0 0 0 0 0 0 0 0 0 0 0 0 0 0 0 0 0 0 0 0 0 0 0 
0 0 0 0 0 0 0 0 0 0 0 0 0 0 0 0 0 0 0 0 0 0 0 0 0 0 0 0 0 0 0 0 0 0 0 0 0 0 0 0 0 0 0 0 0 0 0 0 0 0 0 0 0 0 0 0 1 1 1 1 1 0 0 0 0 0 0 0 0 0 0 0 0 0 0 0 0 0 0 0 0 0 0 0 0 0 0 0 0 0 0 0 0 0 0 0 0 0 0 0 
0 0 0 0 0 0 0 0 0 0 0 0 0 0 0 0 0 0 0 0 0 0 0 0 0 0 0 0 0 0 0 0 0 0 0 0 0 0 0 0 0 0 0 0 0 0 0 0 0 0 0 0 0 0 0 0 0 1 1 1 1 1 0 0 0 0 0 0 0 0 0 0 0 0 0 0 0 0 0 0 0 0 0 0 0 0 0 0 0 0 0 0 0 0 0 0 0 0 0 0 
0 0 0 0 0 0 0 0 0 0 0 0 0 0 0 0 0 0 0 0 0 0 0 0 0 0 0 0 0 0 0 0 0 0 0 0 0 0 0 0 0 0 0 0 0 0 0 0 0 0 0 0 0 0 0 0 0 0 1 1 1 1 1 0 0 0 0 0 0 0 0 0 0 0 0 0 0 0 0 0 0 0 0 0 0 0 0 0 0 0 0 0 0 0 0 0 0 0 0 0 
0 0 0 0 0 0 0 0 0 0 0 0 0 0 0 0 0 0 0 0 0 0 0 0 0 0 0 0 0 0 0 0 0 0 0 0 0 0 0 0 0 0 0 0 0 0 0 0 0 0 0 0 0 0 0 0 0 0 0 1 1 1 1 1 0 0 0 0 0 0 0 0 0 0 0 0 0 0 0 0 0 0 0 0 0 0 0 0 0 0 0 0 0 0 0 0 0 0 0 0 
0 0 0 0 0 0 0 0 0 0 0 0 0 0 0 0 0 0 0 0 0 0 0 0 0 0 0 0 0 0 0 0 0 0 0 0 0 0 0 0 0 0 0 0 0 0 0 0 0 0 0 0 0 0 0 0 0 0 0 0 1 1 1 1 1 0 0 0 0 0 0 0 0 0 0 0 0 0 0 0 0 0 0 0 0 0 0 0 0 0 0 0 0 0 0 0 0 0 0 0 
0 0 0 0 0 0 0 0 0 0 0 0 0 0 0 0 0 0 0 0 0 0 0 0 0 0 0 0 0 0 0 0 0 0 0 0 0 0 0 0 0 0 0 0 0 0 0 0 0 0 0 0 0 0 0 0 0 0 0 0 0 1 1 1 1 1 0 0 0 0 0 0 0 0 0 0 0 0 0 0 0 0 0 0 0 0 0 0 0 0 0 0 0 0 0 0 0 0 0 0 
0 0 0 0 0 0 0 0 0 0 0 0 0 0 0 0 0 0 0 0 0 0 0 0 0 0 0 0 0 0 0 0 0 0 0 0 0 0 0 0 0 0 0 0 0 0 0 0 0 0 0 0 0 0 0 0 0 0 0 0 0 0 1 1 1 1 1 0 0 0 0 0 0 0 0 0 0 0 0 0 0 0 0 0 0 0 0 0 0 0 0 0 0 0 0 0 0 0 0 0 
0 0 0 0 0 0 0 0 0 0 0 0 0 0 0 0 0 0 0 0 0 0 0 0 0 0 0 0 0 0 0 0 0 0 0 0 0 0 0 0 0 0 0 0 0 0 0 0 0 0 0 0 0 0 0 0 0 0 0 0 0 0 0 1 1 1 1 1 0 0 0 0 0 0 0 0 0 0 0 0 0 0 0 0 0 0 0 0 0 0 0 0 0 0 0 0 0 0 0 0 
0 0 0 0 0 0 0 0 0 0 0 0 0 0 0 0 0 0 0 0 0 0 0 0 0 0 0 0 0 0 0 0 0 0 0 0 0 0 0 0 0 0 0 0 0 0 0 0 0 0 0 0 0 0 0 0 0 0 0 0 0 0 0 0 1 1 1 1 1 0 0 0 0 0 0 0 0 0 0 0 0 0 0 0 0 0 0 0 0 0 0 0 0 0 0 0 0 0 0 0 
0 0 0 0 0 0 0 0 0 0 0 0 0 0 0 0 0 0 0 0 0 0 0 0 0 0 0 0 0 0 0 0 0 0 0 0 0 0 0 0 0 0 0 0 0 0 0 0 0 0 0 0 0 0 0 0 0 0 0 0 0 0 0 0 0 1 1 1 1 1 0 0 0 0 0 0 0 0 0 0 0 0 0 0 0 0 0 0 0 0 0 0 0 0 0 0 0 0 0 0 
0 0 0 0 0 0 0 0 0 0 0 0 0 0 0 0 0 0 0 0 0 0 0 0 0 0 0 0 0 0 0 0 0 0 0 0 0 0 0 0 0 0 0 0 0 0 0 0 0 0 0 0 0 0 0 0 0 0 0 0 0 0 0 0 0 0 1 1 1 1 1 0 0 0 0 0 0 0 0 0 0 0 0 0 0 0 0 0 0 0 0 0 0 0 0 0 0 0 0 0 
0 0 0 0 0 0 0 0 0 0 0 0 0 0 0 0 0 0 0 0 0 0 0 0 0 0 0 0 0 0 0 0 0 0 0 0 0 0 0 0 0 0 0 0 0 0 0 0 0 0 0 0 0 0 0 0 0 0 0 0 0 0 0 0 0 0 0 1 1 1 1 1 0 0 0 0 0 0 0 0 0 0 0 0 0 0 0 0 0 0 0 0 0 0 0 0 0 0 0 0 
0 0 0 0 0 0 0 0 0 0 0 0 0 0 0 0 0 0 0 0 0 0 0 0 0 0 0 0 0 0 0 0 0 0 0 0 0 0 0 0 0 0 0 0 0 0 0 0 0 0 0 0 0 0 0 0 0 0 0 0 0 0 0 0 0 0 0 0 1 1 1 1 1 0 0 0 0 0 0 0 0 0 0 0 0 0 0 0 0 0 0 0 0 0 0 0 0 0 0 0 
0 0 0 0 0 0 0 0 0 0 0 0 0 0 0 0 0 0 0 0 0 0 0 0 0 0 0 0 0 0 0 0 0 0 0 0 0 0 0 0 0 0 0 0 0 0 0 0 0 0 0 0 0 0 0 0 0 0 0 0 0 0 0 0 0 0 0 0 0 1 1 1 1 1 0 0 0 0 0 0 0 0 0 0 0 0 0 0 0 0 0 0 0 0 0 0 0 0 0 0 
0 0 0 0 0 0 0 0 0 0 0 0 0 0 0 0 0 0 0 0 0 0 0 0 0 0 0 0 0 0 0 0 0 0 0 0 0 0 0 0 0 0 0 0 0 0 0 0 0 0 0 0 0 0 0 0 0 0 0 0 0 0 0 0 0 0 0 0 0 0 1 1 1 1 1 0 0 0 0 0 0 0 0 0 0 0 0 0 0 0 0 0 0 0 0 0 0 0 0 0 
0 0 0 0 0 0 0 0 0 0 0 0 0 0 0 0 0 0 0 0 0 0 0 0 0 0 0 0 0 0 0 0 0 0 0 0 0 0 0 0 0 0 0 0 0 0 0 0 0 0 0 0 0 0 0 0 0 0 0 0 0 0 0 0 0 0 0 0 0 0 0 1 1 1 1 1 0 0 0 0 0 0 0 0 0 0 0 0 0 0 0 0 0 0 0 0 0 0 0 0 
0 0 0 0 0 0 0 0 0 0 0 0 0 0 0 0 0 0 0 0 0 0 0 0 0 0 0 0 0 0 0 0 0 0 0 0 0 0 0 0 0 0 0 0 0 0 0 0 0 0 0 0 0 0 0 0 0 0 0 0 0 0 0 0 0 0 0 0 0 0 0 0 1 1 1 1 1 0 0 0 0 0 0 0 0 0 0 0 0 0 0 0 0 0 0 0 0 0 0 0 
0 0 0 0 0 0 0 0 0 0 0 0 0 0 0 0 0 0 0 0 0 0 0 0 0 0 0 0 0 0 0 0 0 0 0 0 0 0 0 0 0 0 0 0 0 0 0 0 0 0 0 0 0 0 0 0 0 0 0 0 0 0 0 0 0 0 0 0 0 0 0 0 0 1 1 1 1 1 0 0 0 0 0 0 0 0 0 0 0 0 0 0 0 0 0 0 0 0 0 0 
0 0 0 0 0 0 0 0 0 0 0 0 0 0 0 0 0 0 0 0 0 0 0 0 0 0 0 0 0 0 0 0 0 0 0 0 0 0 0 0 0 0 0 0 0 0 0 0 0 0 0 0 0 0 0 0 0 0 0 0 0 0 0 0 0 0 0 0 0 0 0 0 0 0 1 1 1 1 1 0 0 0 0 0 0 0 0 0 0 0 0 0 0 0 0 0 0 0 0 0 
0 0 0 0 0 0 0 0 0 0 0 0 0 0 0 0 0 0 0 0 0 0 0 0 0 0 0 0 0 0 0 0 0 0 0 0 0 0 0 0 0 0 0 0 0 0 0 0 0 0 0 0 0 0 0 0 0 0 0 0 0 0 0 0 0 0 0 0 0 0 0 0 0 0 0 1 1 1 1 1 0 0 0 0 0 0 0 0 0 0 0 0 0 0 0 0 0 0 0 0 
0 0 0 0 0 0 0 0 0 0 0 0 0 0 0 0 0 0 0 0 0 0 0 0 0 0 0 0 0 0 0 0 0 0 0 0 0 0 0 0 0 0 0 0 0 0 0 0 0 0 0 0 0 0 0 0 0 0 0 0 0 0 0 0 0 0 0 0 0 0 0 0 0 0 0 0 1 1 1 1 1 0 0 0 0 0 0 0 0 0 0 0 0 0 0 0 0 0 0 0 
0 0 0 0 0 0 0 0 0 0 0 0 0 0 0 0 0 0 0 0 0 0 0 0 0 0 0 0 0 0 0 0 0 0 0 0 0 0 0 0 0 0 0 0 0 0 0 0 0 0 0 0 0 0 0 0 0 0 0 0 0 0 0 0 0 0 0 0 0 0 0 0 0 0 0 0 0 1 1 1 1 1 0 0 0 0 0 0 0 0 0 0 0 0 0 0 0 0 0 0 
0 0 0 0 0 0 0 0 0 0 0 0 0 0 0 0 0 0 0 0 0 0 0 0 0 0 0 0 0 0 0 0 0 0 0 0 0 0 0 0 0 0 0 0 0 0 0 0 0 0 0 0 0 0 0 0 0 0 0 0 0 0 0 0 0 0 0 0 0 0 0 0 0 0 0 0 0 0 1 1 1 1 1 0 0 0 0 0 0 0 0 0 0 0 0 0 0 0 0 0 
0 0 0 0 0 0 0 0 0 0 0 0 0 0 0 0 0 0 0 0 0 0 0 0 0 0 0 0 0 0 0 0 0 0 0 0 0 0 0 0 0 0 0 0 0 0 0 0 0 0 0 0 0 0 0 0 0 0 0 0 0 0 0 0 0 0 0 0 0 0 0 0 0 0 0 0 0 0 0 1 1 1 1 1 0 0 0 0 0 0 0 0 0 0 0 0 0 0 0 0 
0 0 0 0 0 0 0 0 0 0 0 0 0 0 0 0 0 0 0 0 0 0 0 0 0 0 0 0 0 0 0 0 0 0 0 0 0 0 0 0 0 0 0 0 0 0 0 0 0 0 0 0 0 0 0 0 0 0 0 0 0 0 0 0 0 0 0 0 0 0 0 0 0 0 0 0 0 0 0 0 1 1 1 1 1 0 0 0 0 0 0 0 0 0 0 0 0 0 0 0 
0 0 0 0 0 0 0 0 0 0 0 0 0 0 0 0 0 0 0 0 0 0 0 0 0 0 0 0 0 0 0 0 0 0 0 0 0 0 0 0 0 0 0 0 0 0 0 0 0 0 0 0 0 0 0 0 0 0 0 0 0 0 0 0 0 0 0 0 0 0 0 0 0 0 0 0 0 0 0 0 0 1 1 1 1 1 0 0 0 0 0 0 0 0 0 0 0 0 0 0 
0 0 0 0 0 0 0 0 0 0 0 0 0 0 0 0 0 0 0 0 0 0 0 0 0 0 0 0 0 0 0 0 0 0 0 0 0 0 0 0 0 0 0 0 0 0 0 0 0 0 0 0 0 0 0 0 0 0 0 0 0 0 0 0 0 0 0 0 0 0 0 0 0 0 0 0 0 0 0 0 0 0 1 1 1 1 1 0 0 0 0 0 0 0 0 0 0 0 0 0 
0 0 0 0 0 0 0 0 0 0 0 0 0 0 0 0 0 0 0 0 0 0 0 0 0 0 0 0 0 0 0 0 0 0 0 0 0 0 0 0 0 0 0 0 0 0 0 0 0 0 0 0 0 0 0 0 0 0 0 0 0 0 0 0 0 0 0 0 0 0 0 0 0 0 0 0 0 0 0 0 0 0 0 1 1 1 1 1 0 0 0 0 0 0 0 0 0 0 0 0 
0 0 0 0 0 0 0 0 0 0 0 0 0 0 0 0 0 0 0 0 0 0 0 0 0 0 0 0 0 0 0 0 0 0 0 0 0 0 0 0 0 0 0 0 0 0 0 0 0 0 0 0 0 0 0 0 0 0 0 0 0 0 0 0 0 0 0 0 0 0 0 0 0 0 0 0 0 0 0 0 0 0 0 0 1 1 1 1 1 0 0 0 0 0 0 0 0 0 0 0 
0 0 0 0 0 0 0 0 0 0 0 0 0 0 0 0 0 0 0 0 0 0 0 0 0 0 0 0 0 0 0 0 0 0 0 0 0 0 0 0 0 0 0 0 0 0 0 0 0 0 0 0 0 0 0 0 0 0 0 0 0 0 0 0 0 0 0 0 0 0 0 0 0 0 0 0 0 0 0 0 0 0 0 0 0 1 1 1 1 1 0 0 0 0 0 0 0 0 0 0 
0 0 0 0 0 0 0 0 0 0 0 0 0 0 0 0 0 0 0 0 0 0 0 0 0 0 0 0 0 0 0 0 0 0 0 0 0 0 0 0 0 0 0 0 0 0 0 0 0 0 0 0 0 0 0 0 0 0 0 0 0 0 0 0 0 0 0 0 0 0 0 0 0 0 0 0 0 0 0 0 0 0 0 0 0 0 1 1 1 1 1 0 0 0 0 0 0 0 0 0 
0 0 0 0 0 0 0 0 0 0 0 0 0 0 0 0 0 0 0 0 0 0 0 0 0 0 0 0 0 0 0 0 0 0 0 0 0 0 0 0 0 0 0 0 0 0 0 0 0 0 0 0 0 0 0 0 0 0 0 0 0 0 0 0 0 0 0 0 0 0 0 0 0 0 0 0 0 0 0 0 0 0 0 0 0 0 0 1 1 1 1 1 0 0 0 0 0 0 0 0 
0 0 0 0 0 0 0 0 0 0 0 0 0 0 0 0 0 0 0 0 0 0 0 0 0 0 0 0 0 0 0 0 0 0 0 0 0 0 0 0 0 0 0 0 0 0 0 0 0 0 0 0 0 0 0 0 0 0 0 0 0 0 0 0 0 0 0 0 0 0 0 0 0 0 0 0 0 0 0 0 0 0 0 0 0 0 0 0 1 1 1 1 1 0 0 0 0 0 0 0 
0 0 0 0 0 0 0 0 0 0 0 0 0 0 0 0 0 0 0 0 0 0 0 0 0 0 0 0 0 0 0 0 0 0 0 0 0 0 0 0 0 0 0 0 0 0 0 0 0 0 0 0 0 0 0 0 0 0 0 0 0 0 0 0 0 0 0 0 0 0 0 0 0 0 0 0 0 0 0 0 0 0 0 0 0 0 0 0 0 1 1 1 1 1 0 0 0 0 0 0 
0 0 0 0 0 0 0 0 0 0 0 0 0 0 0 0 0 0 0 0 0 0 0 0 0 0 0 0 0 0 0 0 0 0 0 0 0 0 0 0 0 0 0 0 0 0 0 0 0 0 0 0 0 0 0 0 0 0 0 0 0 0 0 0 0 0 0 0 0 0 0 0 0 0 0 0 0 0 0 0 0 0 0 0 0 0 0 0 0 0 1 1 1 1 1 0 0 0 0 0 
0 0 0 0 0 0 0 0 0 0 0 0 0 0 0 0 0 0 0 0 0 0 0 0 0 0 0 0 0 0 0 0 0 0 0 0 0 0 0 0 0 0 0 0 0 0 0 0 0 0 0 0 0 0 0 0 0 0 0 0 0 0 0 0 0 0 0 0 0 0 0 0 0 0 0 0 0 0 0 0 0 0 0 0 0 0 0 0 0 0 0 1 1 1 1 1 0 0 0 0 
0 0 0 0 0 0 0 0 0 0 0 0 0 0 0 0 0 0 0 0 0 0 0 0 0 0 0 0 0 0 0 0 0 0 0 0 0 0 0 0 0 0 0 0 0 0 0 0 0 0 0 0 0 0 0 0 0 0 0 0 0 0 0 0 0 0 0 0 0 0 0 0 0 0 0 0 0 0 0 0 0 0 0 0 0 0 0 0 0 0 0 0 1 1 1 1 1 0 0 0 
0 0 0 0 0 0 0 0 0 0 0 0 0 0 0 0 0 0 0 0 0 0 0 0 0 0 0 0 0 0 0 0 0 0 0 0 0 0 0 0 0 0 0 0 0 0 0 0 0 0 0 0 0 0 0 0 0 0 0 0 0 0 0 0 0 0 0 0 0 0 0 0 0 0 0 0 0 0 0 0 0 0 0 0 0 0 0 0 0 0 0 0 0 1 1 1 1 1 0 0 
0 0 0 0 0 0 0 0 0 0 0 0 0 0 0 0 0 0 0 0 0 0 0 0 0 0 0 0 0 0 0 0 0 0 0 0 0 0 0 0 0 0 0 0 0 0 0 0 0 0 0 0 0 0 0 0 0 0 0 0 0 0 0 0 0 0 0 0 0 0 0 0 0 0 0 0 0 0 0 0 0 0 0 0 0 0 0 0 0 0 0 0 0 0 1 1 1 1 1 0 
0 0 0 0 0 0 0 0 0 0 0 0 0 0 0 0 0 0 0 0 0 0 0 0 0 0 0 0 0 0 0 0 0 0 0 0 0 0 0 0 0 0 0 0 0 0 0 0 0 0 0 0 0 0 0 0 0 0 0 0 0 0 0 0 0 0 0 0 0 0 0 0 0 0 0 0 0 0 0 0 0 0 0 0 0 0 0 0 0 0 0 0 0 0 0 1 1 1 1 1 
1 0 0 0 0 0 0 0 0 0 0 0 0 0 0 0 0 0 0 0 0 0 0 0 0 0 0 0 0 0 0 0 0 0 0 0 0 0 0 0 0 0 0 0 0 0 0 0 0 0 0 0 0 0 0 0 0 0 0 0 0 0 0 0 0 0 0 0 0 0 0 0 0 0 0 0 0 0 0 0 0 0 0 0 0 0 0 0 0 0 0 0 0 0 0 0 1 1 1 1 
1 1 0 0 0 0 0 0 0 0 0 0 0 0 0 0 0 0 0 0 0 0 0 0 0 0 0 0 0 0 0 0 0 0 0 0 0 0 0 0 0 0 0 0 0 0 0 0 0 0 0 0 0 0 0 0 0 0 0 0 0 0 0 0 0 0 0 0 0 0 0 0 0 0 0 0 0 0 0 0 0 0 0 0 0 0 0 0 0 0 0 0 0 0 0 0 0 1 1 1 
1 1 1 0 0 0 0 0 0 0 0 0 0 0 0 0 0 0 0 0 0 0 0 0 0 0 0 0 0 0 0 0 0 0 0 0 0 0 0 0 0 0 0 0 0 0 0 0 0 0 0 0 0 0 0 0 0 0 0 0 0 0 0 0 0 0 0 0 0 0 0 0 0 0 0 0 0 0 0 0 0 0 0 0 0 0 0 0 0 0 0 0 0 0 0 0 0 0 1 1 
1 1 1 1 0 0 0 0 0 0 0 0 0 0 0 0 0 0 0 0 0 0 0 0 0 0 0 0 0 0 0 0 0 0 0 0 0 0 0 0 0 0 0 0 0 0 0 0 0 0 0 0 0 0 0 0 0 0 0 0 0 0 0 0 0 0 0 0 0 0 0 0 0 0 0 0 0 0 0 0 0 0 0 0 0 0 0 0 0 0 0 0 0 0 0 0 0 0 0 1 
