Parameters
100 4
F_el
0.02185039950091 0.00700000000000 0.00180000000000 0.01990481577319 0.01661110950588 0.01613335756483 0.00150000000000 0.01481467840974 0.10382801069706 0.00180000000000 0.00640000000000 0.02048995468416 0.02481933261531 0.00220000000000 0.00200000000000 0.02512271394893 0.02225500874200 0.00700000000000 0.00180000000000 0.02040847825829 0.01673893490553 0.01603889379852 0.00150000000000 0.01501587259996 0.08357087011566 0.00170000000000 0.00640000000000 0.02027424032852 0.02533515631614 0.00220000000000 0.00200000000000 0.02636543689288 
0.01724632129510 0.01449031014402 0.10801110641119 0.02298461192514 0.01824500663626 0.02166751436102 0.00210000000000 0.01597860462628 0.00160000000000 0.00140000000000 0.01557534224219 0.00190000000000 0.03188334792701 0.02040399415133 0.00660000000000 0.02702790562401 0.02359247164322 0.01781055752737 0.10434737300841 0.04598492230274 0.01601158680284 0.01789023000182 0.00170000000000 0.01480799171703 0.00190000000000 0.00160000000000 0.10170497871048 0.01568702889373 0.02746921802172 0.07061767065505 0.00290000000000 0.01605102584609 
0.01909309471711 0.01907801046427 0.00130000000000 0.00130000000000 0.01713637637330 0.01712821457675 0.00130000000000 0.00130000000000 0.01493136399637 0.01492624090391 0.00120000000000 0.00120000000000 0.01228124275163 0.00190000000000 0.00110000000000 0.00110000000000 0.02246322450657 0.02266459831240 0.01535760986395 0.01526407501556 0.03513944266898 0.03564829496685 0.01257302526649 0.01256438925835 0.03994544371309 0.03933540387330 0.00170000000000 0.00170000000000 0.02450348279985 0.02440030635057 0.00150000000000 0.00150000000000 
0.02163938063941 0.00200000000000 0.01910962740474 0.01533343559559 0.01613195192472 0.00130000000000 0.02058253014561 0.00140000000000 0.01648449428254 0.00120000000000 0.01974809953384 0.00130000000000 0.00130000000000 0.00110000000000 0.00150000000000 0.00110000000000 0.00190000000000 0.02272550302503 0.00170000000000 0.03325935338202 0.02150514046913 0.00160000000000 0.01828352366748 0.00190000000000 0.03415716443757 0.00150000000000 0.06736869485569 0.00180000000000 0.00210000000000 0.00120000000000 0.01377236793796 0.00120000000000 
0.10326285030624 0.02440802880716 0.10312718426212 0.02440610524820 0.00180000000000 0.00160000000000 0.00180000000000 0.00160000000000 0.01679292120172 0.01289060113423 0.01679238798259 0.01289012489661 0.00130000000000 0.00120000000000 0.00130000000000 0.00120000000000 0.04617304413660 0.02964812273461 0.04627629498311 0.02964481780250 0.00200000000000 0.00170000000000 0.00200000000000 0.00170000000000 0.01827694195079 0.01666991771598 0.01827615311195 0.01666947643786 0.00140000000000 0.00130000000000 0.00140000000000 0.00130000000000 
0.01853532072106 0.02959154799782 0.02028516140983 0.03941273096736 0.05483822865358 0.02369748032745 0.03242967172000 0.02105017399368 0.02808902407145 0.02903556330241 0.04314327161366 0.02410218324795 0.01962120703170 0.01701994566156 0.01808233842711 0.01614977663681 0.01822877017837 0.02313141093612 0.01914599997771 0.02535808088022 0.02991825702985 0.03594999735896 0.03788939056728 0.02926479797383 0.02213046241286 0.03909108371734 0.02448429545330 0.04344474409354 0.02772427787905 0.02111519617303 0.02406075696800 0.01971826617644 
0.00200000000000 0.00160000000000 0.03721747518326 0.02038948305074 0.00130000000000 0.00120000000000 0.00210000000000 0.00170000000000 0.00210000000000 0.00170000000000 0.04105091505393 0.02162333287379 0.00130000000000 0.00120000000000 0.00220000000000 0.00170000000000 0.00220000000000 0.00170000000000 0.10299613702753 0.03538732818680 0.00140000000000 0.00130000000000 0.00230000000000 0.00180000000000 0.01435496578747 0.00180000000000 0.05524762462027 0.03927890570874 0.00140000000000 0.00130000000000 0.00250000000000 0.00190000000000 
0.01547061021833 0.00130000000000 0.00150000000000 0.00110000000000 0.00630000000000 0.00120000000000 0.00150000000000 0.00110000000000 0.00750000000000 0.00130000000000 0.00150000000000 0.00110000000000 0.00240000000000 0.00120000000000 0.00140000000000 0.00110000000000 0.00200000000000 0.00120000000000 0.00130000000000 0.00110000000000 0.00170000000000 0.00110000000000 0.00130000000000 0.00110000000000 0.00190000000000 0.00120000000000 0.00130000000000 0.00110000000000 0.00160000000000 0.00110000000000 0.00130000000000 0.00110000000000 
0.00740000000000 0.00130000000000 0.02051039647846 0.00150000000000 0.00200000000000 0.00130000000000 0.01278560480208 0.00140000000000 0.00710000000000 0.00160000000000 0.02615184716425 0.00200000000000 0.00560000000000 0.00140000000000 0.00850000000000 0.00170000000000 0.00170000000000 0.00120000000000 0.02371094127485 0.00130000000000 0.00160000000000 0.00120000000000 0.01713262659371 0.00130000000000 0.01567245065807 0.00140000000000 0.03096326591944 0.00150000000000 0.00200000000000 0.00130000000000 0.01577000819099 0.00140000000000 
0.02575242822682 0.02854090359613 0.05354066712766 0.12851025988626 0.04750504188579 0.04580165841801 0.02843281779159 0.02675658447887 0.02607343388945 0.02924495973497 0.05846650218653 0.12445750198569 0.04781453746545 0.04650084123558 0.02843986504474 0.02685288273239 0.04326486198921 0.03538294950163 0.02199048966155 0.01985955412251 0.02489102297011 0.02358221713935 0.02031240380701 0.01938517465106 0.04296984408956 0.03548682743269 0.02207547166054 0.01985987985903 0.02498215207282 0.02358733686469 0.02031604107819 0.01938868033431 
0.05804891658178 0.00980000000000 0.02071526328113 0.00270000000000 0.10413637458917 0.06008694006166 0.10566788236430 0.11461989563271 0.01864760194055 0.00170000000000 0.00180000000000 0.00150000000000 0.10768479461964 0.00830000000000 0.10393156751493 0.00240000000000 0.03117855640132 0.02425929924146 0.02936097884715 0.00970000000000 0.10377702360163 0.03762003823430 0.10399896368726 0.08219387145501 0.01951225354479 0.00200000000000 0.00220000000000 0.00160000000000 0.11951317742759 0.00920000000000 0.10785525128244 0.00540000000000 
0.00210000000000 0.02503283306221 0.02204943728095 0.10750568039537 0.03029670727712 0.02196400281122 0.10414290562842 0.02656991512661 0.00130000000000 0.00180000000000 0.00150000000000 0.10249261957705 0.00600000000000 0.06599018092206 0.01831881999133 0.12461885412042 0.00240000000000 0.03698172804493 0.10570199145794 0.11778131454212 0.02170489062176 0.02015175768608 0.08703279103354 0.10219497967117 0.00130000000000 0.00200000000000 0.00150000000000 0.10542747578032 0.00650000000000 0.10739441996799 0.01925036967621 0.11268347931380 
0.02031304294955 0.02052679328204 0.00620000000000 0.00610000000000 0.00190000000000 0.00230000000000 0.00140000000000 0.00160000000000 0.02286668360004 0.03620745918323 0.00740000000000 0.00720000000000 0.01342870503563 0.00660000000000 0.00150000000000 0.00170000000000 0.00210000000000 0.00270000000000 0.00150000000000 0.00170000000000 0.00140000000000 0.00160000000000 0.00120000000000 0.00130000000000 0.00700000000000 0.00660000000000 0.00160000000000 0.00190000000000 0.00150000000000 0.00170000000000 0.00130000000000 0.00140000000000 
0.00750000000000 0.10308248555730 0.03610095291411 0.10413871240358 0.00150000000000 0.00250000000000 0.00710000000000 0.05570183325985 0.00180000000000 0.02219033969198 0.01848692165636 0.10582499988642 0.00140000000000 0.00180000000000 0.00190000000000 0.01558790485913 0.00150000000000 0.01688335151938 0.01491579383770 0.11184683458172 0.00130000000000 0.00160000000000 0.00160000000000 0.01519998375100 0.00140000000000 0.00190000000000 0.00200000000000 0.02585667020179 0.00120000000000 0.00140000000000 0.00140000000000 0.00200000000000 
0.00180000000000 0.00140000000000 0.00130000000000 0.00120000000000 0.00140000000000 0.00120000000000 0.00120000000000 0.00110000000000 0.01663418602252 0.00170000000000 0.00160000000000 0.00130000000000 0.00180000000000 0.00140000000000 0.00130000000000 0.00120000000000 0.00150000000000 0.00120000000000 0.00120000000000 0.00110000000000 0.00130000000000 0.00110000000000 0.00110000000000 0.00110000000000 0.00200000000000 0.00140000000000 0.00140000000000 0.00120000000000 0.00150000000000 0.00120000000000 0.00120000000000 0.00110000000000 
0.00190000000000 0.01639049488527 0.00140000000000 0.00240000000000 0.00130000000000 0.00160000000000 0.00110000000000 0.00130000000000 0.00130000000000 0.00180000000000 0.00120000000000 0.00140000000000 0.00110000000000 0.00120000000000 0.00100000000000 0.00110000000000 0.00170000000000 0.01675708416730 0.00140000000000 0.00190000000000 0.00120000000000 0.00150000000000 0.00110000000000 0.00130000000000 0.00130000000000 0.00160000000000 0.00120000000000 0.00130000000000 0.00110000000000 0.00120000000000 0.00100000000000 0.00110000000000 
0.01567834619967 0.00220000000000 0.00170000000000 0.00150000000000 0.10364963005983 0.10217810759929 0.03232520560966 0.02060642737402 0.01484140262686 0.00190000000000 0.00160000000000 0.00150000000000 0.10270295552126 0.10186833562472 0.03242075687896 0.02054215207955 0.02113666812976 0.01710531542335 0.01451925264907 0.00190000000000 0.01784964410973 0.01738163474379 0.03565942445952 0.06399296925896 0.02128912835059 0.01742350964513 0.00210000000000 0.00180000000000 0.01792285397504 0.01776088907493 0.03125417199363 0.04468380888068 
0.03211582355959 0.00180000000000 0.00200000000000 0.10266820507416 0.03248553087971 0.00170000000000 0.00180000000000 0.03925120123084 0.01470815462476 0.10186788685339 0.00140000000000 0.02027804313805 0.00210000000000 0.02298336950731 0.00130000000000 0.02020614993260 0.11715777059995 0.00160000000000 0.00770000000000 0.10460314799146 0.10398743048100 0.00160000000000 0.00200000000000 0.02814712185213 0.01628778398058 0.02166984756795 0.00150000000000 0.02644463782543 0.01546279203928 0.01339226657019 0.00140000000000 0.02603870309448 
0.04269506867293 0.03356653630931 0.10466246593500 0.04512171523774 0.02081269675342 0.02265192246739 0.01984076795179 0.02158774155052 0.02186572686275 0.02381157655157 0.02104462035944 0.02308859552090 0.01483639932965 0.01536491039973 0.01465363926931 0.01507363208894 0.00220000000000 0.00660000000000 0.00680000000000 0.00710000000000 0.00150000000000 0.00160000000000 0.00160000000000 0.00170000000000 0.00160000000000 0.00160000000000 0.00170000000000 0.00180000000000 0.00130000000000 0.00130000000000 0.00140000000000 0.00140000000000 
0.00140000000000 0.00140000000000 0.00120000000000 0.00110000000000 0.01563424557368 0.00210000000000 0.00140000000000 0.00140000000000 0.00130000000000 0.00130000000000 0.00110000000000 0.00110000000000 0.00200000000000 0.00170000000000 0.00130000000000 0.00120000000000 0.00150000000000 0.00140000000000 0.00120000000000 0.00110000000000 0.01626475624607 0.00220000000000 0.00140000000000 0.00140000000000 0.00130000000000 0.00130000000000 0.00110000000000 0.00110000000000 0.00200000000000 0.00170000000000 0.00130000000000 0.00130000000000 
0.00210000000000 0.00140000000000 0.00150000000000 0.00120000000000 0.01595055524316 0.00160000000000 0.00180000000000 0.00130000000000 0.00190000000000 0.00140000000000 0.00150000000000 0.00120000000000 0.00280000000000 0.00150000000000 0.00170000000000 0.00130000000000 0.03160656791516 0.01598625077333 0.10332468051145 0.00180000000000 0.01801449555617 0.02472358927527 0.12078494422472 0.00260000000000 0.01725571671328 0.00290000000000 0.00960000000000 0.00180000000000 0.00660000000000 0.01752225843065 0.01872760629746 0.00230000000000 
0.01546634764421 0.00130000000000 0.00160000000000 0.00120000000000 0.00150000000000 0.00110000000000 0.00120000000000 0.00110000000000 0.00120000000000 0.00100000000000 0.00110000000000 0.00100000000000 0.00110000000000 0.00100000000000 0.00100000000000 0.00100000000000 0.01658986777018 0.00140000000000 0.00170000000000 0.00120000000000 0.00160000000000 0.00120000000000 0.00130000000000 0.00110000000000 0.00130000000000 0.00110000000000 0.00110000000000 0.00100000000000 0.00110000000000 0.00100000000000 0.00100000000000 0.00100000000000 
0.02432451295924 0.02235489160417 0.02617986409565 0.02413407177918 0.03794975643287 0.03092032948335 0.03772063930127 0.03207961172325 0.00170000000000 0.00160000000000 0.00170000000000 0.00170000000000 0.00190000000000 0.00180000000000 0.00200000000000 0.00190000000000 0.01868655925818 0.01744001659657 0.02139184988325 0.01982215569218 0.02803543615116 0.02295401953173 0.03162044021584 0.02650551950813 0.00160000000000 0.00150000000000 0.00160000000000 0.00150000000000 0.00170000000000 0.00170000000000 0.00170000000000 0.00170000000000 
0.00170000000000 0.00160000000000 0.03688036855615 0.02123009921785 0.00120000000000 0.00120000000000 0.00160000000000 0.00160000000000 0.01465980387316 0.00230000000000 0.07324770417799 0.00580000000000 0.00130000000000 0.00130000000000 0.00250000000000 0.00210000000000 0.00180000000000 0.00170000000000 0.10763525877137 0.02416580931965 0.00120000000000 0.00120000000000 0.00170000000000 0.00170000000000 0.02006663050044 0.00900000000000 0.11072429371651 0.00560000000000 0.00130000000000 0.00130000000000 0.00620000000000 0.00220000000000 
0.00150000000000 0.00110000000000 0.00130000000000 0.00110000000000 0.00140000000000 0.00110000000000 0.00130000000000 0.00100000000000 0.00140000000000 0.00110000000000 0.00130000000000 0.00100000000000 0.00140000000000 0.00110000000000 0.00120000000000 0.00100000000000 0.00140000000000 0.00110000000000 0.00130000000000 0.00100000000000 0.00130000000000 0.00100000000000 0.00120000000000 0.00100000000000 0.00130000000000 0.00110000000000 0.00120000000000 0.00100000000000 0.00130000000000 0.00100000000000 0.00120000000000 0.00100000000000 
0.01693581932973 0.00130000000000 0.02441315268952 0.00140000000000 0.00720000000000 0.00120000000000 0.01966746163687 0.00140000000000 0.01436478036043 0.00120000000000 0.02058678366324 0.00130000000000 0.00220000000000 0.00120000000000 0.01511910736385 0.00130000000000 0.06542592714871 0.00150000000000 0.05193080124748 0.00210000000000 0.02995603129861 0.00150000000000 0.02489201407736 0.00180000000000 0.02603886944192 0.00140000000000 0.04140203034857 0.00170000000000 0.01834527248784 0.00140000000000 0.04460350776169 0.00160000000000 
0.00180000000000 0.00220000000000 0.00180000000000 0.00570000000000 0.00260000000000 0.00610000000000 0.01616686576347 0.00670000000000 0.00120000000000 0.00130000000000 0.00120000000000 0.00130000000000 0.00140000000000 0.00150000000000 0.00140000000000 0.00150000000000 0.01523943995490 0.00650000000000 0.01754254184156 0.00740000000000 0.01847311437535 0.00890000000000 0.02230266163946 0.01897476091692 0.00130000000000 0.00140000000000 0.00130000000000 0.00140000000000 0.00150000000000 0.00160000000000 0.00150000000000 0.00170000000000 
0.01653020530071 0.01579082588607 0.01468911623890 0.00690000000000 0.00170000000000 0.00170000000000 0.00150000000000 0.00140000000000 0.10334486749729 0.10320099439416 0.02964924506603 0.02631923871081 0.02220392794904 0.02115225684194 0.01934635039614 0.01873968664308 0.00610000000000 0.00260000000000 0.00190000000000 0.00180000000000 0.00160000000000 0.00160000000000 0.00140000000000 0.00140000000000 0.10450604426127 0.10245408013506 0.02417999580962 0.02048520274304 0.01881514860607 0.01800490197698 0.00180000000000 0.00180000000000 
0.02246552209628 0.03992029424669 0.00220000000000 0.00160000000000 0.02543558474027 0.03684198762035 0.00230000000000 0.00160000000000 0.03974187031990 0.04063614384234 0.01977429520406 0.01558214044349 0.04504651130327 0.03975232264418 0.02008342212921 0.01589442186545 0.01283176640198 0.01625016074288 0.01711677429021 0.01239854891738 0.01526124671634 0.01712795017574 0.01788970227392 0.01278967829012 0.02144880738126 0.02556091259290 0.02391867388741 0.01843711614234 0.02236229046302 0.02717926875634 0.02393941930190 0.01864314555696 
0.01949511208739 0.00140000000000 0.00210000000000 0.00120000000000 0.00240000000000 0.00130000000000 0.00180000000000 0.00120000000000 0.01321976086590 0.00130000000000 0.00180000000000 0.00120000000000 0.00200000000000 0.00120000000000 0.00160000000000 0.00110000000000 0.00220000000000 0.00120000000000 0.00150000000000 0.00110000000000 0.00170000000000 0.00120000000000 0.00140000000000 0.00110000000000 0.00190000000000 0.00120000000000 0.00140000000000 0.00110000000000 0.00150000000000 0.00110000000000 0.00130000000000 0.00110000000000 
0.01546756704298 0.10264208197648 0.00230000000000 0.10184759570043 0.00720000000000 0.02256401796036 0.00210000000000 0.01778604327694 0.02452847350592 0.07839952749163 0.01943029259731 0.10120514121561 0.02944692060281 0.03198538823018 0.02424185874474 0.03304141144102 0.00130000000000 0.00160000000000 0.00130000000000 0.00150000000000 0.00130000000000 0.00150000000000 0.00120000000000 0.00140000000000 0.01874682943992 0.03311326943986 0.01648114974748 0.02850855648051 0.01703740091992 0.02429544644147 0.00210000000000 0.02079945590776 
0.00150000000000 0.00140000000000 0.00170000000000 0.00150000000000 0.00720000000000 0.00170000000000 0.02931977394384 0.00210000000000 0.00120000000000 0.00110000000000 0.00120000000000 0.00120000000000 0.00130000000000 0.00120000000000 0.00140000000000 0.00130000000000 0.00130000000000 0.00120000000000 0.00140000000000 0.00130000000000 0.00150000000000 0.00140000000000 0.00180000000000 0.00160000000000 0.00110000000000 0.00110000000000 0.00110000000000 0.00110000000000 0.00120000000000 0.00110000000000 0.00120000000000 0.00120000000000 
0.02071904759310 0.01544022748970 0.00170000000000 0.00160000000000 0.01949504201239 0.01511590719555 0.00160000000000 0.00150000000000 0.00170000000000 0.00150000000000 0.00120000000000 0.00120000000000 0.00160000000000 0.00150000000000 0.00120000000000 0.00120000000000 0.02523854024929 0.03604674160838 0.02028672966016 0.01479076450574 0.03141512805627 0.04841522930564 0.01895509661995 0.00870000000000 0.01764372416942 0.00720000000000 0.00160000000000 0.00150000000000 0.02189905051956 0.00690000000000 0.00160000000000 0.00150000000000 
0.00180000000000 0.01501360753693 0.02561509157688 0.03669946610239 0.00250000000000 0.02241711744160 0.02300436385164 0.01727828130758 0.01856433910413 0.06277920095928 0.02173723444561 0.01702864175280 0.02002362239801 0.00270000000000 0.00170000000000 0.00140000000000 0.01394447812961 0.01944974092781 0.03148341545837 0.03609226820494 0.01728947042825 0.04517855749765 0.01992851904129 0.00860000000000 0.02363810830696 0.04611181801586 0.02489601783719 0.01915703879412 0.00970000000000 0.00600000000000 0.00160000000000 0.00140000000000 
0.00150000000000 0.00120000000000 0.00160000000000 0.00130000000000 0.00120000000000 0.00110000000000 0.00130000000000 0.00110000000000 0.00140000000000 0.00120000000000 0.00150000000000 0.00120000000000 0.00120000000000 0.00110000000000 0.00120000000000 0.00110000000000 0.02144153789688 0.00210000000000 0.03590444643685 0.00290000000000 0.00190000000000 0.00140000000000 0.00240000000000 0.00150000000000 0.01547720154645 0.00170000000000 0.02992881114881 0.00200000000000 0.00160000000000 0.00130000000000 0.00190000000000 0.00140000000000 
0.02256182558353 0.02173678259811 0.00730000000000 0.00690000000000 0.02592614343902 0.02520246697622 0.01393035617644 0.01386260787752 0.00160000000000 0.00150000000000 0.00130000000000 0.00130000000000 0.00150000000000 0.00150000000000 0.00130000000000 0.00120000000000 0.01888985611568 0.01825691856059 0.00640000000000 0.00630000000000 0.02223707132567 0.02153722274719 0.01364386044848 0.01365718572297 0.00160000000000 0.00160000000000 0.00130000000000 0.00130000000000 0.00160000000000 0.00150000000000 0.00130000000000 0.00130000000000 
0.01639691085237 0.03291696274827 0.01934654290678 0.03376857159266 0.02027564112389 0.02044104673580 0.02404371430765 0.02284210808626 0.01458555193210 0.03018799249101 0.01720270560214 0.03149447331885 0.01730106047369 0.01874873550420 0.02078535519677 0.02110571351974 0.01504882394924 0.03042830208237 0.01741608059830 0.03765043760622 0.01751969212405 0.02563498412561 0.02026346165549 0.02800938463177 0.00730000000000 0.02446427717862 0.01439620928661 0.03046521501817 0.01561642946908 0.02383049202681 0.01815394905379 0.02612556473208 
0.01803323253784 0.01553505868027 0.00150000000000 0.00140000000000 0.01741209715050 0.01552807448207 0.00150000000000 0.00140000000000 0.01815984807202 0.01561502535768 0.00150000000000 0.00140000000000 0.01762947707815 0.01560787101319 0.00150000000000 0.00140000000000 0.02872479958433 0.04036965034596 0.01601765939078 0.01479741515980 0.02646764709708 0.03828808004786 0.01559095557691 0.01472608947996 0.02790626203674 0.03918797176603 0.01613859956500 0.01485445372049 0.02576743996576 0.03719799703419 0.01570889988884 0.01478387915045 
0.02122189238849 0.01560643093132 0.10495167968543 0.10356929772589 0.02193367023601 0.01580920624768 0.10511453745811 0.10395910695917 0.02462571507432 0.10857150414171 0.10258599911863 0.10459625417226 0.02390589275112 0.11920297443952 0.10247779329556 0.10441511996527 0.04630956344467 0.00190000000000 0.10460063266627 0.10236922824833 0.04627481093837 0.00190000000000 0.10484013607665 0.10248763044947 0.10752235881512 0.07102660547196 0.10638362499529 0.11035215254965 0.10720265143488 0.10248502918889 0.10629810950888 0.11226033980039 
0.01535292636148 0.01493433999130 0.00170000000000 0.00150000000000 0.00120000000000 0.00120000000000 0.00110000000000 0.00110000000000 0.00220000000000 0.00180000000000 0.00150000000000 0.00140000000000 0.00120000000000 0.00110000000000 0.00110000000000 0.00110000000000 0.01492806030552 0.00200000000000 0.00160000000000 0.00150000000000 0.00120000000000 0.00120000000000 0.00110000000000 0.00110000000000 0.00190000000000 0.00170000000000 0.00150000000000 0.00140000000000 0.00120000000000 0.00110000000000 0.00110000000000 0.00110000000000 
0.00160000000000 0.00140000000000 0.00110000000000 0.00110000000000 0.00150000000000 0.00130000000000 0.00110000000000 0.00110000000000 0.00170000000000 0.00140000000000 0.00110000000000 0.00110000000000 0.00150000000000 0.00130000000000 0.00110000000000 0.00110000000000 0.00130000000000 0.00120000000000 0.00110000000000 0.00100000000000 0.00130000000000 0.00120000000000 0.00100000000000 0.00100000000000 0.00140000000000 0.00120000000000 0.00110000000000 0.00100000000000 0.00130000000000 0.00120000000000 0.00110000000000 0.00100000000000 
0.01938671530700 0.00160000000000 0.10359671038231 0.00190000000000 0.00140000000000 0.00110000000000 0.00160000000000 0.00120000000000 0.08519025646139 0.00210000000000 0.04105446478231 0.00650000000000 0.00170000000000 0.00120000000000 0.00230000000000 0.00130000000000 0.02162683252510 0.00170000000000 0.11010185459940 0.00210000000000 0.00150000000000 0.00120000000000 0.00170000000000 0.00120000000000 0.10741243692467 0.00250000000000 0.02981933002817 0.00700000000000 0.00180000000000 0.00130000000000 0.01836827292734 0.00140000000000 
0.02018045903357 0.02562429748814 0.05443010488886 0.01762081990068 0.02194672517617 0.03060087640253 0.03728116030897 0.01493958674911 0.02701497416481 0.02559552282007 0.04160962276916 0.01685964717815 0.03035065620367 0.02288346669749 0.03170657823262 0.01409385086989 0.00170000000000 0.00240000000000 0.01622222927936 0.01510840648370 0.00180000000000 0.00700000000000 0.01720714211680 0.01731856529098 0.00200000000000 0.00700000000000 0.01853851269668 0.01933605047981 0.00230000000000 0.00730000000000 0.01978684696757 0.02158870024952 
0.00210000000000 0.00140000000000 0.00150000000000 0.00120000000000 0.01437295472739 0.00150000000000 0.00160000000000 0.00130000000000 0.02060532065938 0.00210000000000 0.01395004025209 0.00150000000000 0.02544360473467 0.01444361065442 0.01521077937346 0.00160000000000 0.00190000000000 0.00140000000000 0.00150000000000 0.00120000000000 0.00220000000000 0.00150000000000 0.00150000000000 0.00130000000000 0.01978109251259 0.00190000000000 0.01414593993527 0.00140000000000 0.02380391027154 0.00220000000000 0.01535306193668 0.00150000000000 
0.01555980924453 0.00150000000000 0.00720000000000 0.00140000000000 0.01534418224121 0.00150000000000 0.00700000000000 0.00140000000000 0.00150000000000 0.00120000000000 0.00140000000000 0.00120000000000 0.00140000000000 0.00120000000000 0.00140000000000 0.00120000000000 0.00140000000000 0.00110000000000 0.00130000000000 0.00110000000000 0.00140000000000 0.00110000000000 0.00130000000000 0.00110000000000 0.00110000000000 0.00100000000000 0.00110000000000 0.00100000000000 0.00110000000000 0.00100000000000 0.00110000000000 0.00100000000000 
0.00150000000000 0.01511217627540 0.00120000000000 0.00140000000000 0.00870000000000 0.01823990199697 0.00130000000000 0.00500000000000 0.00130000000000 0.00160000000000 0.00110000000000 0.00120000000000 0.00160000000000 0.01407788903180 0.00120000000000 0.00140000000000 0.00760000000000 0.10557726004326 0.00150000000000 0.00200000000000 0.01771485832839 0.02921308052553 0.00540000000000 0.01652583061907 0.00180000000000 0.01744280361278 0.00130000000000 0.00150000000000 0.00900000000000 0.02107003349777 0.00150000000000 0.00530000000000 
0.01478657565613 0.00120000000000 0.01442909610334 0.00120000000000 0.01530507559114 0.00130000000000 0.01486040627801 0.00130000000000 0.01599913763832 0.00670000000000 0.01554199473987 0.00270000000000 0.01577421179392 0.00740000000000 0.01532858975128 0.00620000000000 0.02639092694599 0.00150000000000 0.02710026435913 0.00150000000000 0.02882184157988 0.00150000000000 0.03017078780589 0.00150000000000 0.00190000000000 0.03132951370201 0.00170000000000 0.03354089590354 0.00190000000000 0.03720800115708 0.00170000000000 0.04258403370283 
0.00220000000000 0.01492739372771 0.02081664691988 0.02163024995553 0.02451779703164 0.02969175855671 0.01678538454807 0.01819064025519 0.03014431159086 0.02825716451180 0.03213324070288 0.03572658937088 0.01630915979575 0.01763405700003 0.00180000000000 0.01416431426981 0.00130000000000 0.00130000000000 0.00160000000000 0.00200000000000 0.00780000000000 0.01363359858281 0.02502988857151 0.02489729850469 0.01307948550548 0.00980000000000 0.01918179170879 0.01987269299144 0.04307705225103 0.03568626014687 0.02325869245911 0.02560196984596 
0.00170000000000 0.01639357557250 0.02112501703943 0.02636985224054 0.02112132756958 0.10554597360164 0.02370302139120 0.01806934350339 0.00150000000000 0.01480555550318 0.01572960348841 0.04794388946924 0.01810462875578 0.03560274365788 0.03152855317319 0.01970940909901 0.00110000000000 0.00130000000000 0.00140000000000 0.00200000000000 0.00140000000000 0.00200000000000 0.00750000000000 0.03064718320927 0.00110000000000 0.00120000000000 0.00130000000000 0.00170000000000 0.00130000000000 0.00170000000000 0.00220000000000 0.02155190308826 
0.04005534551914 0.00190000000000 0.00220000000000 0.00130000000000 0.01858353110888 0.01880190407495 0.02084420586486 0.00150000000000 0.02255796811241 0.01779658746350 0.01802699568080 0.00150000000000 0.00230000000000 0.04192878866563 0.02065907342987 0.00220000000000 0.03534547729093 0.01634500293878 0.01494162671288 0.00140000000000 0.01770073267949 0.02127299056590 0.03052203325352 0.00190000000000 0.01978171948602 0.01975357862801 0.02270794735870 0.00180000000000 0.00190000000000 0.05998256145697 0.01811511028679 0.01666062422618 
0.01652754168006 0.01492855189052 0.02939425681785 0.03110510489649 0.00130000000000 0.00120000000000 0.00200000000000 0.00160000000000 0.01608946753169 0.00690000000000 0.10243302970939 0.06335844433481 0.00130000000000 0.00120000000000 0.00220000000000 0.00170000000000 0.01772739653459 0.01566948619759 0.02508916656322 0.04091714530187 0.00130000000000 0.00120000000000 0.01301071850626 0.00170000000000 0.01793158168215 0.01517190761938 0.02541567346484 0.11421191698010 0.00140000000000 0.00130000000000 0.01523653578887 0.00180000000000 
0.01877608756542 0.00140000000000 0.01675073325720 0.00130000000000 0.01810800753883 0.00130000000000 0.01675517623483 0.00130000000000 0.01969925213044 0.00140000000000 0.01730537177305 0.00130000000000 0.01870173220275 0.00140000000000 0.01717884857782 0.00130000000000 0.01846523421252 0.00140000000000 0.01663325349114 0.00130000000000 0.01800928890564 0.00130000000000 0.01673667927218 0.00130000000000 0.01930319990919 0.00140000000000 0.01717833527583 0.00130000000000 0.01852691754020 0.00140000000000 0.01716025894616 0.00130000000000 
0.00140000000000 0.01425413378044 0.00130000000000 0.00170000000000 0.00120000000000 0.00150000000000 0.00120000000000 0.00130000000000 0.00160000000000 0.01638620894385 0.00140000000000 0.00230000000000 0.00130000000000 0.00160000000000 0.00120000000000 0.00140000000000 0.00120000000000 0.00140000000000 0.00110000000000 0.00130000000000 0.00110000000000 0.00120000000000 0.00110000000000 0.00110000000000 0.00120000000000 0.00150000000000 0.00120000000000 0.00130000000000 0.00110000000000 0.00120000000000 0.00110000000000 0.00120000000000 
0.00690000000000 0.00630000000000 0.00230000000000 0.00610000000000 0.00730000000000 0.00680000000000 0.00700000000000 0.00660000000000 0.01856567650131 0.01940459561572 0.01803531048994 0.01837490283682 0.01781973699778 0.01789461404994 0.01738892656911 0.01728260625965 0.00130000000000 0.00140000000000 0.00130000000000 0.00140000000000 0.00130000000000 0.00140000000000 0.00130000000000 0.00140000000000 0.00150000000000 0.00160000000000 0.00150000000000 0.00160000000000 0.00160000000000 0.00160000000000 0.00150000000000 0.00160000000000 
0.01708095885221 0.00130000000000 0.00370000000000 0.00140000000000 0.03154030660375 0.00190000000000 0.00190000000000 0.00190000000000 0.00150000000000 0.00110000000000 0.00160000000000 0.00120000000000 0.01563923785093 0.00130000000000 0.00320000000000 0.00130000000000 0.00220000000000 0.00120000000000 0.00210000000000 0.00130000000000 0.10299436855784 0.00150000000000 0.00260000000000 0.00160000000000 0.00140000000000 0.00110000000000 0.00140000000000 0.00110000000000 0.00190000000000 0.00120000000000 0.00200000000000 0.00120000000000 
0.00180000000000 0.00180000000000 0.00150000000000 0.00150000000000 0.05005214804520 0.03569544196767 0.02172471799477 0.02084282084703 0.00180000000000 0.00190000000000 0.00150000000000 0.00150000000000 0.06866849360900 0.03937812247827 0.02263830852745 0.02155206698926 0.02456628366648 0.02311429148793 0.01756635026453 0.01735429987167 0.03337426030427 0.03620737131606 0.06484654841634 0.08110308366863 0.02571010985506 0.02394173272648 0.01810216478828 0.01778747114258 0.03304248072490 0.03589055758512 0.05840823670739 0.07024342324055 
0.03469885856991 0.00190000000000 0.01801751407470 0.02337754231707 0.01743869915740 0.02071830311892 0.00170000000000 0.02250958282878 0.10919175800053 0.01566996406628 0.01955053617529 0.06575453231375 0.01865616256713 0.03162843624735 0.00160000000000 0.02307769667106 0.02433728262461 0.01599151714461 0.00190000000000 0.05069600422036 0.00230000000000 0.04692620694695 0.00140000000000 0.01690970782714 0.10204777205401 0.02242902334800 0.00200000000000 0.08459023906145 0.01510820712647 0.03813382364621 0.00130000000000 0.01802391389428 
0.02051538074771 0.04072918225507 0.02983592944218 0.03135867505133 0.02011210156543 0.03800164757136 0.02871829855231 0.03154798703593 0.00140000000000 0.00160000000000 0.00160000000000 0.00640000000000 0.00140000000000 0.00160000000000 0.00160000000000 0.00640000000000 0.00960000000000 0.07578359009748 0.07593143772190 0.05941748311221 0.00620000000000 0.04696540464960 0.02132689359410 0.01694418401019 0.00140000000000 0.00160000000000 0.00150000000000 0.00180000000000 0.00140000000000 0.00160000000000 0.00150000000000 0.00180000000000 
0.01639505068249 0.12858636134892 0.01434479426344 0.01895178476400 0.00150000000000 0.00220000000000 0.00160000000000 0.00230000000000 0.01639714055720 0.12942633490798 0.01437928040162 0.01708426764893 0.00150000000000 0.01464140345003 0.00160000000000 0.00240000000000 0.01748660002991 0.10790845641985 0.01550359105494 0.00680000000000 0.00160000000000 0.01557411061579 0.00170000000000 0.00280000000000 0.01750584298251 0.10311370708402 0.01583298269893 0.00670000000000 0.00160000000000 0.01528929393805 0.00170000000000 0.00290000000000 
0.01740258811436 0.11203437063630 0.01578548903811 0.09657491569900 0.02089138725048 0.12273282078616 0.01561960082597 0.08861547243670 0.10374298098874 0.04560532823122 0.10222271335017 0.05498023708252 0.11229080985680 0.04083727765641 0.10436146592920 0.04799627374419 0.06443279398688 0.05207505493258 0.03067758655733 0.06210319949739 0.10819193011759 0.04561884284581 0.11159584594838 0.05107501647500 0.09430418116469 0.02642694338785 0.10402498362675 0.03008466518103 0.07889678664233 0.02374031368524 0.09230720973019 0.02409828315531 
0.02308438974677 0.00190000000000 0.02656100782314 0.00160000000000 0.01937157061910 0.00170000000000 0.02226125117051 0.00150000000000 0.01856570575498 0.02090490773923 0.03081422017188 0.00720000000000 0.10728400162008 0.01651041008039 0.10738375474799 0.01945065335462 0.02941956855130 0.01468125436132 0.02713471162875 0.00190000000000 0.02246707862904 0.00630000000000 0.02328115772801 0.00160000000000 0.01712882338201 0.02809848745724 0.02350081263939 0.03145763217101 0.02523289966218 0.02055010920946 0.10502888929903 0.02382900814448 
0.00160000000000 0.00160000000000 0.00160000000000 0.00160000000000 0.11423067486367 0.03599903162995 0.11410894171134 0.03600421379330 0.00160000000000 0.00160000000000 0.00160000000000 0.00160000000000 0.03983820847214 0.02625210392282 0.03993319571973 0.02625453695874 0.00120000000000 0.00120000000000 0.00120000000000 0.00120000000000 0.01824876070424 0.01645582111269 0.01824936188501 0.01645631328649 0.00120000000000 0.00120000000000 0.00120000000000 0.00120000000000 0.01765463819206 0.01615283286899 0.01765518710685 0.01615327251093 
0.01676034587506 0.00160000000000 0.03157685334264 0.02020207719850 0.00960000000000 0.00140000000000 0.02478832604355 0.01322838466044 0.01620732864876 0.00150000000000 0.04113712136719 0.01851870922787 0.00940000000000 0.00140000000000 0.02308296396315 0.01290303509727 0.00160000000000 0.00130000000000 0.02050910100660 0.00180000000000 0.00150000000000 0.00120000000000 0.01524581630252 0.00160000000000 0.00150000000000 0.00120000000000 0.01928200225086 0.00170000000000 0.00140000000000 0.00120000000000 0.01508364878079 0.00150000000000 
0.00150000000000 0.00810000000000 0.01276299220451 0.03000806391840 0.01456818653896 0.06326126741636 0.02052145503707 0.02106435602566 0.00130000000000 0.00210000000000 0.00180000000000 0.01734887533009 0.00170000000000 0.02111666415732 0.01650539054207 0.02912707941536 0.00150000000000 0.00800000000000 0.01267665104946 0.02589432705410 0.01452339730773 0.10679940312707 0.01986418809757 0.02267361261987 0.00130000000000 0.00200000000000 0.00170000000000 0.01712776953979 0.00170000000000 0.02007533211401 0.01635392825467 0.03609421507121 
0.00160000000000 0.00660000000000 0.01466850741230 0.01762368944656 0.00150000000000 0.00200000000000 0.01413836779593 0.01678662894085 0.00690000000000 0.01379955044608 0.01761292353931 0.03607281782504 0.00680000000000 0.01337355313506 0.01638514292911 0.02548193124803 0.00170000000000 0.01320485799551 0.01626958158133 0.02018281038421 0.00170000000000 0.01291837090272 0.01552336662972 0.01897661814024 0.00730000000000 0.01689742836759 0.02347037034977 0.02557837801657 0.00700000000000 0.01582354899132 0.02029364078015 0.02958594563505 
0.00180000000000 0.00630000000000 0.00140000000000 0.00160000000000 0.01540071018199 0.01751150023589 0.00160000000000 0.00190000000000 0.01539101477521 0.02083687280220 0.00180000000000 0.00220000000000 0.02917232276213 0.10767357871353 0.00240000000000 0.01910904645688 0.00140000000000 0.00150000000000 0.00120000000000 0.00130000000000 0.00160000000000 0.00180000000000 0.00130000000000 0.00140000000000 0.00170000000000 0.00200000000000 0.00140000000000 0.00150000000000 0.00210000000000 0.00280000000000 0.00150000000000 0.00170000000000 
0.00170000000000 0.06805195012397 0.00170000000000 0.04404257520926 0.00190000000000 0.04015684478518 0.00200000000000 0.02609552095032 0.00170000000000 0.00680000000000 0.00180000000000 0.00660000000000 0.00200000000000 0.00680000000000 0.00210000000000 0.00670000000000 0.00180000000000 0.11764790124852 0.00190000000000 0.11774206513841 0.01582235791669 0.11434851957163 0.01577113027555 0.10574483405056 0.00180000000000 0.00610000000000 0.00190000000000 0.00590000000000 0.00210000000000 0.00600000000000 0.00230000000000 0.00580000000000 
0.03111818717942 0.10323146652891 0.01898743257855 0.12160420700519 0.10293434822125 0.09605992525469 0.07829076967215 0.11946925449220 0.11119652944096 0.10367308647340 0.06799570644572 0.13606907789204 0.10970720682291 0.07844786627475 0.07257868184179 0.10723994009502 0.03448141562191 0.10488934868026 0.01474450837669 0.10326963552603 0.11106704011041 0.10370513267282 0.01669720438160 0.04570165614972 0.11460105442925 0.10742652138585 0.06039130302774 0.10091121787754 0.12607977277768 0.10833536247748 0.05557315084881 0.09582257729296 
0.00150000000000 0.00130000000000 0.00130000000000 0.00120000000000 0.00150000000000 0.00130000000000 0.00130000000000 0.00120000000000 0.00220000000000 0.00150000000000 0.00160000000000 0.00130000000000 0.00190000000000 0.00140000000000 0.00150000000000 0.00130000000000 0.01759012095061 0.00170000000000 0.00180000000000 0.00140000000000 0.00590000000000 0.00160000000000 0.00170000000000 0.00140000000000 0.03005476503153 0.00740000000000 0.01896513596734 0.00170000000000 0.01640270910739 0.00560000000000 0.00280000000000 0.00160000000000 
0.02142637499874 0.10283874162483 0.00820000000000 0.01865185059527 0.00230000000000 0.01635355666961 0.00200000000000 0.00640000000000 0.00230000000000 0.01546790009063 0.00200000000000 0.00630000000000 0.00150000000000 0.00180000000000 0.00150000000000 0.00170000000000 0.00150000000000 0.00200000000000 0.00150000000000 0.00180000000000 0.00130000000000 0.00140000000000 0.00130000000000 0.00140000000000 0.00130000000000 0.00140000000000 0.00130000000000 0.00140000000000 0.00110000000000 0.00120000000000 0.00110000000000 0.00120000000000 
0.00160000000000 0.00160000000000 0.00160000000000 0.00160000000000 0.00130000000000 0.00130000000000 0.00130000000000 0.00130000000000 0.01978407179695 0.00750000000000 0.02048630377329 0.00790000000000 0.00210000000000 0.00190000000000 0.00220000000000 0.00200000000000 0.00140000000000 0.00130000000000 0.00140000000000 0.00140000000000 0.00120000000000 0.00120000000000 0.00120000000000 0.00120000000000 0.00250000000000 0.00210000000000 0.01417829145247 0.00220000000000 0.00150000000000 0.00150000000000 0.00160000000000 0.00150000000000 
0.02092256780525 0.00150000000000 0.01694659854036 0.00130000000000 0.00170000000000 0.00120000000000 0.00140000000000 0.00110000000000 0.02142205893413 0.00160000000000 0.01697060744337 0.00130000000000 0.00180000000000 0.00120000000000 0.00140000000000 0.00110000000000 0.00240000000000 0.02878383919853 0.02712145614183 0.02006471730667 0.03784212390309 0.01330148298289 0.02361387662055 0.00150000000000 0.00210000000000 0.02996896999041 0.02491389251818 0.02017712516994 0.03264091959909 0.01339845127699 0.02382329303045 0.00160000000000 
0.01990137124351 0.02823541766430 0.02686826857907 0.01748986519427 0.02041330040246 0.02823377617977 0.02637018867465 0.01748414285800 0.01471994200614 0.10444267443363 0.02985437800409 0.02111013850969 0.01493362423661 0.10440076066522 0.03173707737361 0.02100600918553 0.04346841092660 0.02303406905395 0.02081514085210 0.00160000000000 0.05065932102017 0.02293327594691 0.02070664447507 0.00160000000000 0.01948166781985 0.10255091015918 0.04084392115522 0.01969739189688 0.01990000041214 0.10259315323140 0.03975608115068 0.01969002450114 
0.00170000000000 0.00190000000000 0.00160000000000 0.00170000000000 0.04529339993456 0.02728567623024 0.09477952751643 0.03044728463166 0.00230000000000 0.01535357707387 0.00190000000000 0.00730000000000 0.02557984497501 0.02132840301375 0.02718307758873 0.02206634507157 0.01704230100417 0.02495800140166 0.00890000000000 0.01901147393713 0.00200000000000 0.00180000000000 0.00220000000000 0.00190000000000 0.05470090507119 0.04652120214310 0.02976141632321 0.06430101412151 0.00170000000000 0.00160000000000 0.00180000000000 0.00160000000000 
0.00160000000000 0.01671238945776 0.00110000000000 0.00120000000000 0.00110000000000 0.00130000000000 0.00100000000000 0.00100000000000 0.00150000000000 0.01618052886488 0.00110000000000 0.00120000000000 0.00110000000000 0.00120000000000 0.00100000000000 0.00100000000000 0.00210000000000 0.04788743311450 0.00120000000000 0.00140000000000 0.00120000000000 0.00140000000000 0.00100000000000 0.00110000000000 0.00200000000000 0.03144371858097 0.00120000000000 0.00140000000000 0.00120000000000 0.00140000000000 0.00100000000000 0.00110000000000 
0.00180000000000 0.00160000000000 0.00760000000000 0.00240000000000 0.01564529501030 0.00230000000000 0.02404811042341 0.01641533694787 0.01533455363657 0.00690000000000 0.02195721446227 0.01618043760688 0.02235923620518 0.01791544557572 0.02616752660391 0.05624795130118 0.00140000000000 0.00130000000000 0.00170000000000 0.00150000000000 0.00160000000000 0.00150000000000 0.00600000000000 0.00210000000000 0.00160000000000 0.00150000000000 0.00580000000000 0.00220000000000 0.00590000000000 0.00580000000000 0.01386265496319 0.00620000000000 
0.01820675312217 0.01534730896365 0.00120000000000 0.00180000000000 0.00160000000000 0.00840000000000 0.00110000000000 0.00130000000000 0.01908353707210 0.00160000000000 0.00150000000000 0.00820000000000 0.00220000000000 0.00250000000000 0.00120000000000 0.00150000000000 0.01904645804813 0.01471344315241 0.00130000000000 0.00190000000000 0.00160000000000 0.00920000000000 0.00110000000000 0.00130000000000 0.00910000000000 0.00160000000000 0.00150000000000 0.00860000000000 0.00240000000000 0.00230000000000 0.00120000000000 0.00160000000000 
0.00150000000000 0.00150000000000 0.00150000000000 0.00150000000000 0.00180000000000 0.00180000000000 0.00180000000000 0.00180000000000 0.02203844763830 0.02320909102436 0.02088864597225 0.02193063980943 0.00640000000000 0.00630000000000 0.00650000000000 0.00630000000000 0.00110000000000 0.00110000000000 0.00110000000000 0.00110000000000 0.00120000000000 0.00120000000000 0.00120000000000 0.00120000000000 0.00150000000000 0.00150000000000 0.00150000000000 0.00150000000000 0.00180000000000 0.00190000000000 0.00180000000000 0.00180000000000 
0.02236242319256 0.02228031344536 0.03361739370772 0.02266216685320 0.00240000000000 0.00160000000000 0.00170000000000 0.00140000000000 0.00200000000000 0.00150000000000 0.00160000000000 0.00130000000000 0.00120000000000 0.00110000000000 0.00110000000000 0.00110000000000 0.02082722639723 0.00770000000000 0.02023509458764 0.00190000000000 0.00140000000000 0.00120000000000 0.00130000000000 0.00120000000000 0.00130000000000 0.00120000000000 0.00120000000000 0.00110000000000 0.00110000000000 0.00100000000000 0.00100000000000 0.00100000000000 
0.00180000000000 0.01835829673384 0.00170000000000 0.01805608277768 0.00110000000000 0.00130000000000 0.00110000000000 0.00130000000000 0.00120000000000 0.00130000000000 0.00120000000000 0.00130000000000 0.00100000000000 0.00110000000000 0.00100000000000 0.00110000000000 0.00120000000000 0.00140000000000 0.00120000000000 0.00140000000000 0.00100000000000 0.00110000000000 0.00100000000000 0.00110000000000 0.00100000000000 0.00110000000000 0.00100000000000 0.00110000000000 0.00100000000000 0.00100000000000 0.00100000000000 0.00100000000000 
0.01434133005122 0.00120000000000 0.00200000000000 0.00120000000000 0.01478197927610 0.00130000000000 0.00210000000000 0.00120000000000 0.01715389644606 0.00140000000000 0.01533790407188 0.00130000000000 0.01812380075849 0.00140000000000 0.01598308053316 0.00130000000000 0.03179805415647 0.00160000000000 0.02048857952454 0.00150000000000 0.05166424177534 0.00160000000000 0.02372042616060 0.00150000000000 0.02312351188944 0.00660000000000 0.03547265771457 0.00180000000000 0.02085962861149 0.01430598023604 0.02802309326128 0.00190000000000 
0.02895691970816 0.00160000000000 0.00180000000000 0.02175313273515 0.02338624508661 0.00180000000000 0.00170000000000 0.02626432659665 0.00200000000000 0.01481163556499 0.00130000000000 0.01555525390620 0.00190000000000 0.01671212150039 0.00130000000000 0.00780000000000 0.12309956723073 0.00150000000000 0.01685882848877 0.01736725673301 0.10556807835773 0.00150000000000 0.01564602240076 0.01910664118292 0.01624757997646 0.00740000000000 0.00140000000000 0.02106302218942 0.00810000000000 0.01443938052665 0.00140000000000 0.01973637708740 
0.00160000000000 0.02697594080288 0.00180000000000 0.04324985490514 0.00150000000000 0.02152153570408 0.00160000000000 0.02645598616944 0.00190000000000 0.03312471415847 0.00230000000000 0.02190691007036 0.00170000000000 0.02350416385594 0.00190000000000 0.04487411626521 0.00150000000000 0.02224355145248 0.00170000000000 0.02773963570686 0.00140000000000 0.01945307631325 0.00150000000000 0.02223361792364 0.00170000000000 0.02517327851226 0.00200000000000 0.03127357778709 0.00160000000000 0.02032549760595 0.00180000000000 0.02480189436349 
0.01697549461256 0.02374960509727 0.01556449100694 0.01991981560573 0.01990935894357 0.10344654249295 0.01763229269112 0.02841010486156 0.00230000000000 0.00680000000000 0.00190000000000 0.00240000000000 0.00660000000000 0.01629245537580 0.00600000000000 0.00710000000000 0.02093043737708 0.06096310871539 0.01846811896756 0.03110886482413 0.02918284294824 0.11546430441328 0.02258973017329 0.10883208872161 0.00710000000000 0.01701530595641 0.00630000000000 0.01522286580613 0.01541120767524 0.05046166349717 0.00720000000000 0.01813181926649 
0.02052205976360 0.01588062554877 0.10235809045672 0.01936715193844 0.00580000000000 0.00170000000000 0.00660000000000 0.00210000000000 0.02665565005049 0.01815307108489 0.10797956984449 0.02574411273531 0.00650000000000 0.00200000000000 0.00780000000000 0.00610000000000 0.03287133625878 0.02098499352214 0.02120680639450 0.03956949039000 0.00600000000000 0.00240000000000 0.00720000000000 0.00560000000000 0.02006024736546 0.10344577512878 0.01814143346972 0.02143209602703 0.00720000000000 0.00320000000000 0.00970000000000 0.00650000000000 
0.00180000000000 0.00190000000000 0.00680000000000 0.00710000000000 0.00240000000000 0.01373134421008 0.01510213118493 0.01588943573433 0.00130000000000 0.00130000000000 0.00140000000000 0.00150000000000 0.00140000000000 0.00140000000000 0.00150000000000 0.00160000000000 0.01707059394846 0.00960000000000 0.02548323228082 0.02473915746601 0.02013834842929 0.01987291083093 0.06861684713347 0.03289269582939 0.00150000000000 0.00150000000000 0.00170000000000 0.00180000000000 0.00160000000000 0.00170000000000 0.00200000000000 0.00220000000000 
0.01588565148259 0.02211723060064 0.00130000000000 0.00140000000000 0.00960000000000 0.01564492087365 0.00120000000000 0.00120000000000 0.01617123055951 0.02703971061615 0.00150000000000 0.00170000000000 0.00900000000000 0.01519342452234 0.00130000000000 0.00140000000000 0.01596429749589 0.01416112829398 0.00780000000000 0.02022156557731 0.02984303233358 0.03087832084928 0.00590000000000 0.01312534426836 0.00660000000000 0.00180000000000 0.01341500357708 0.04022017804916 0.03678338083858 0.02201255648790 0.00560000000000 0.00960000000000 
0.00140000000000 0.00170000000000 0.00170000000000 0.00240000000000 0.00140000000000 0.00160000000000 0.00160000000000 0.00210000000000 0.00110000000000 0.00120000000000 0.00120000000000 0.00130000000000 0.00110000000000 0.00110000000000 0.00110000000000 0.00120000000000 0.01961841029729 0.05795069076862 0.02766907440979 0.01537737494016 0.01898830439254 0.07582823193453 0.10281585889454 0.01699509815564 0.00140000000000 0.00170000000000 0.00170000000000 0.00230000000000 0.00140000000000 0.00160000000000 0.00160000000000 0.00210000000000 
0.00190000000000 0.01477948452070 0.00180000000000 0.01406061709954 0.01531220004860 0.01832963076319 0.01447913878376 0.01705324898457 0.02297362383351 0.02051136218744 0.02350990634884 0.02052122377916 0.01866390799524 0.01796467203181 0.01844650609938 0.01784151648980 0.00150000000000 0.00170000000000 0.00150000000000 0.00170000000000 0.00180000000000 0.01647655105959 0.00170000000000 0.01350316911294 0.10347168895270 0.04894230858054 0.04252917914412 0.06248352174434 0.10252783771046 0.02697120627536 0.10394382576195 0.02769970841728 
0.00150000000000 0.00150000000000 0.00110000000000 0.00110000000000 0.00130000000000 0.00130000000000 0.00100000000000 0.00110000000000 0.00130000000000 0.00130000000000 0.00110000000000 0.00110000000000 0.00120000000000 0.00120000000000 0.00100000000000 0.00100000000000 0.00150000000000 0.00160000000000 0.00110000000000 0.00110000000000 0.00130000000000 0.00130000000000 0.00110000000000 0.00110000000000 0.00130000000000 0.00130000000000 0.00110000000000 0.00110000000000 0.00120000000000 0.00120000000000 0.00100000000000 0.00100000000000 
0.03841782411071 0.00190000000000 0.00230000000000 0.11131736864574 0.02268092361845 0.07437236220639 0.00150000000000 0.02227110864767 0.10373996718995 0.01664927816454 0.00180000000000 0.04949817734383 0.01985493040676 0.09128936264958 0.00140000000000 0.01964451130298 0.01979134531150 0.00640000000000 0.00150000000000 0.01935416115925 0.01390869520842 0.10502665056246 0.00130000000000 0.01379995828654 0.01637742113261 0.00740000000000 0.00140000000000 0.01616151447732 0.00190000000000 0.11694881951367 0.00120000000000 0.00180000000000 
0.01697447821808 0.01779406557703 0.02540925050167 0.00150000000000 0.01547710208118 0.02338210574092 0.03286176092777 0.00170000000000 0.01626967838337 0.00140000000000 0.00150000000000 0.00110000000000 0.02322698313974 0.00150000000000 0.00170000000000 0.00120000000000 0.00170000000000 0.04462882704677 0.07529876549126 0.01414250196759 0.00150000000000 0.02426783892447 0.03201745516167 0.02152479892778 0.00550000000000 0.00200000000000 0.01419387841150 0.00130000000000 0.00300000000000 0.01445078066726 0.02090289324645 0.00140000000000 
0.01824713375189 0.00150000000000 0.01635016299147 0.00130000000000 0.00180000000000 0.00120000000000 0.00150000000000 0.00120000000000 0.02857605146348 0.00170000000000 0.02063984551385 0.00150000000000 0.02289771951464 0.00130000000000 0.02049216104511 0.00120000000000 0.01857821661142 0.00150000000000 0.01656727210148 0.00140000000000 0.00180000000000 0.00120000000000 0.00150000000000 0.00120000000000 0.03169760411259 0.00170000000000 0.02133959201709 0.00150000000000 0.02338635266043 0.00130000000000 0.01398770334704 0.00120000000000 
0.00140000000000 0.00120000000000 0.00220000000000 0.00150000000000 0.00130000000000 0.00120000000000 0.00180000000000 0.00140000000000 0.00140000000000 0.00120000000000 0.00200000000000 0.00140000000000 0.00130000000000 0.00110000000000 0.00170000000000 0.00130000000000 0.01885000752609 0.00690000000000 0.01532018913236 0.00750000000000 0.01390365369543 0.00180000000000 0.01873569937724 0.00640000000000 0.01636389153642 0.00640000000000 0.01850983578572 0.00680000000000 0.00900000000000 0.00170000000000 0.03533861395353 0.00620000000000 
0.00170000000000 0.00150000000000 0.00130000000000 0.00130000000000 0.01714401623974 0.01490193845142 0.00190000000000 0.00160000000000 0.01884311977833 0.01573301283345 0.00200000000000 0.00170000000000 0.11487984085665 0.03891253546510 0.02101158870637 0.01713962874796 0.00140000000000 0.00130000000000 0.00120000000000 0.00120000000000 0.01448564805158 0.00190000000000 0.00150000000000 0.00140000000000 0.01510829071562 0.00210000000000 0.00160000000000 0.00150000000000 0.02872040644687 0.02091553854816 0.01629738775093 0.01439034717259 
0.01717619128643 0.00170000000000 0.01538032874426 0.00160000000000 0.00140000000000 0.00120000000000 0.00130000000000 0.00110000000000 0.01637973261761 0.04535772480895 0.03003931662341 0.02770453982623 0.02316325587982 0.01657840284647 0.01862305987183 0.01583575166752 0.02258440860768 0.01441086910710 0.01698918175279 0.00680000000000 0.00160000000000 0.00130000000000 0.00140000000000 0.00120000000000 0.00660000000000 0.01989572846260 0.01850510161900 0.11219061021138 0.10353301232723 0.01841582637849 0.02184315569727 0.01671262129065 
0.00190000000000 0.01639919323123 0.00140000000000 0.00180000000000 0.00120000000000 0.00140000000000 0.00110000000000 0.00120000000000 0.00150000000000 0.00200000000000 0.00130000000000 0.00140000000000 0.00110000000000 0.00120000000000 0.00110000000000 0.00110000000000 0.00130000000000 0.00150000000000 0.00120000000000 0.00130000000000 0.00110000000000 0.00120000000000 0.00100000000000 0.00110000000000 0.00120000000000 0.00130000000000 0.00110000000000 0.00120000000000 0.00100000000000 0.00110000000000 0.00100000000000 0.00100000000000 
0.02463589991818 0.00170000000000 0.00640000000000 0.00130000000000 0.00140000000000 0.00110000000000 0.00120000000000 0.00100000000000 0.01571772669369 0.02779093295504 0.02741779496406 0.01472176521545 0.01584275088782 0.00140000000000 0.00160000000000 0.00120000000000 0.02247264807411 0.00170000000000 0.00630000000000 0.00130000000000 0.00130000000000 0.00110000000000 0.00110000000000 0.00100000000000 0.01594438753764 0.02544999456948 0.03383006515373 0.01272765377741 0.01517893843772 0.00140000000000 0.00150000000000 0.00120000000000 
0.03407759432788 0.00190000000000 0.02436936511907 0.00150000000000 0.02400205811825 0.01435535005785 0.10363142264980 0.00190000000000 0.01915704172366 0.01999811229041 0.10712554540682 0.01613077460029 0.01425982342588 0.04530436875912 0.01891940866997 0.02193734221555 0.02123268535089 0.01467831889109 0.10964608380262 0.00200000000000 0.01469178759001 0.02229428487541 0.02089141501678 0.01454793894071 0.00710000000000 0.02885744086105 0.01764706423155 0.10270910980075 0.00160000000000 0.01494399064784 0.00200000000000 0.02888649543594 
0.00690000000000 0.01687180620533 0.00140000000000 0.00150000000000 0.00210000000000 0.01630958523615 0.00130000000000 0.00140000000000 0.00180000000000 0.01482019713094 0.00130000000000 0.00140000000000 0.00170000000000 0.00720000000000 0.00130000000000 0.00130000000000 0.03557400728739 0.02459869461310 0.00210000000000 0.02890634118984 0.02672796044630 0.02975419194093 0.00200000000000 0.01505444638525 0.01867236812204 0.06421814583822 0.00180000000000 0.00230000000000 0.01699617526779 0.03157861643523 0.00170000000000 0.00210000000000 
M_out
1 1 1 1 1 0 0 0 0 0 0 0 0 0 0 0 0 0 0 0 0 0 0 0 0 0 0 0 0 0 0 0 0 0 0 0 0 0 0 0 0 0 0 0 0 0 0 0 0 0 0 0 0 0 0 0 0 0 0 0 0 0 0 0 0 0 0 0 0 0 0 0 0 0 0 0 0 0 0 0 0 0 0 0 0 0 0 0 0 0 0 0 0 0 0 0 0 0 0 0 
0 1 1 1 1 1 0 0 0 0 0 0 0 0 0 0 0 0 0 0 0 0 0 0 0 0 0 0 0 0 0 0 0 0 0 0 0 0 0 0 0 0 0 0 0 0 0 0 0 0 0 0 0 0 0 0 0 0 0 0 0 0 0 0 0 0 0 0 0 0 0 0 0 0 0 0 0 0 0 0 0 0 0 0 0 0 0 0 0 0 0 0 0 0 0 0 0 0 0 0 
0 0 1 1 1 1 1 0 0 0 0 0 0 0 0 0 0 0 0 0 0 0 0 0 0 0 0 0 0 0 0 0 0 0 0 0 0 0 0 0 0 0 0 0 0 0 0 0 0 0 0 0 0 0 0 0 0 0 0 0 0 0 0 0 0 0 0 0 0 0 0 0 0 0 0 0 0 0 0 0 0 0 0 0 0 0 0 0 0 0 0 0 0 0 0 0 0 0 0 0 
0 0 0 1 1 1 1 1 0 0 0 0 0 0 0 0 0 0 0 0 0 0 0 0 0 0 0 0 0 0 0 0 0 0 0 0 0 0 0 0 0 0 0 0 0 0 0 0 0 0 0 0 0 0 0 0 0 0 0 0 0 0 0 0 0 0 0 0 0 0 0 0 0 0 0 0 0 0 0 0 0 0 0 0 0 0 0 0 0 0 0 0 0 0 0 0 0 0 0 0 
0 0 0 0 1 1 1 1 1 0 0 0 0 0 0 0 0 0 0 0 0 0 0 0 0 0 0 0 0 0 0 0 0 0 0 0 0 0 0 0 0 0 0 0 0 0 0 0 0 0 0 0 0 0 0 0 0 0 0 0 0 0 0 0 0 0 0 0 0 0 0 0 0 0 0 0 0 0 0 0 0 0 0 0 0 0 0 0 0 0 0 0 0 0 0 0 0 0 0 0 
0 0 0 0 0 1 1 1 1 1 0 0 0 0 0 0 0 0 0 0 0 0 0 0 0 0 0 0 0 0 0 0 0 0 0 0 0 0 0 0 0 0 0 0 0 0 0 0 0 0 0 0 0 0 0 0 0 0 0 0 0 0 0 0 0 0 0 0 0 0 0 0 0 0 0 0 0 0 0 0 0 0 0 0 0 0 0 0 0 0 0 0 0 0 0 0 0 0 0 0 
0 0 0 0 0 0 1 1 1 1 1 0 0 0 0 0 0 0 0 0 0 0 0 0 0 0 0 0 0 0 0 0 0 0 0 0 0 0 0 0 0 0 0 0 0 0 0 0 0 0 0 0 0 0 0 0 0 0 0 0 0 0 0 0 0 0 0 0 0 0 0 0 0 0 0 0 0 0 0 0 0 0 0 0 0 0 0 0 0 0 0 0 0 0 0 0 0 0 0 0 
0 0 0 0 0 0 0 1 1 1 1 1 0 0 0 0 0 0 0 0 0 0 0 0 0 0 0 0 0 0 0 0 0 0 0 0 0 0 0 0 0 0 0 0 0 0 0 0 0 0 0 0 0 0 0 0 0 0 0 0 0 0 0 0 0 0 0 0 0 0 0 0 0 0 0 0 0 0 0 0 0 0 0 0 0 0 0 0 0 0 0 0 0 0 0 0 0 0 0 0 
0 0 0 0 0 0 0 0 1 1 1 1 1 0 0 0 0 0 0 0 0 0 0 0 0 0 0 0 0 0 0 0 0 0 0 0 0 0 0 0 0 0 0 0 0 0 0 0 0 0 0 0 0 0 0 0 0 0 0 0 0 0 0 0 0 0 0 0 0 0 0 0 0 0 0 0 0 0 0 0 0 0 0 0 0 0 0 0 0 0 0 0 0 0 0 0 0 0 0 0 
0 0 0 0 0 0 0 0 0 1 1 1 1 1 0 0 0 0 0 0 0 0 0 0 0 0 0 0 0 0 0 0 0 0 0 0 0 0 0 0 0 0 0 0 0 0 0 0 0 0 0 0 0 0 0 0 0 0 0 0 0 0 0 0 0 0 0 0 0 0 0 0 0 0 0 0 0 0 0 0 0 0 0 0 0 0 0 0 0 0 0 0 0 0 0 0 0 0 0 0 
0 0 0 0 0 0 0 0 0 0 1 1 1 1 1 0 0 0 0 0 0 0 0 0 0 0 0 0 0 0 0 0 0 0 0 0 0 0 0 0 0 0 0 0 0 0 0 0 0 0 0 0 0 0 0 0 0 0 0 0 0 0 0 0 0 0 0 0 0 0 0 0 0 0 0 0 0 0 0 0 0 0 0 0 0 0 0 0 0 0 0 0 0 0 0 0 0 0 0 0 
0 0 0 0 0 0 0 0 0 0 0 1 1 1 1 1 0 0 0 0 0 0 0 0 0 0 0 0 0 0 0 0 0 0 0 0 0 0 0 0 0 0 0 0 0 0 0 0 0 0 0 0 0 0 0 0 0 0 0 0 0 0 0 0 0 0 0 0 0 0 0 0 0 0 0 0 0 0 0 0 0 0 0 0 0 0 0 0 0 0 0 0 0 0 0 0 0 0 0 0 
0 0 0 0 0 0 0 0 0 0 0 0 1 1 1 1 1 0 0 0 0 0 0 0 0 0 0 0 0 0 0 0 0 0 0 0 0 0 0 0 0 0 0 0 0 0 0 0 0 0 0 0 0 0 0 0 0 0 0 0 0 0 0 0 0 0 0 0 0 0 0 0 0 0 0 0 0 0 0 0 0 0 0 0 0 0 0 0 0 0 0 0 0 0 0 0 0 0 0 0 
0 0 0 0 0 0 0 0 0 0 0 0 0 1 1 1 1 1 0 0 0 0 0 0 0 0 0 0 0 0 0 0 0 0 0 0 0 0 0 0 0 0 0 0 0 0 0 0 0 0 0 0 0 0 0 0 0 0 0 0 0 0 0 0 0 0 0 0 0 0 0 0 0 0 0 0 0 0 0 0 0 0 0 0 0 0 0 0 0 0 0 0 0 0 0 0 0 0 0 0 
0 0 0 0 0 0 0 0 0 0 0 0 0 0 1 1 1 1 1 0 0 0 0 0 0 0 0 0 0 0 0 0 0 0 0 0 0 0 0 0 0 0 0 0 0 0 0 0 0 0 0 0 0 0 0 0 0 0 0 0 0 0 0 0 0 0 0 0 0 0 0 0 0 0 0 0 0 0 0 0 0 0 0 0 0 0 0 0 0 0 0 0 0 0 0 0 0 0 0 0 
0 0 0 0 0 0 0 0 0 0 0 0 0 0 0 1 1 1 1 1 0 0 0 0 0 0 0 0 0 0 0 0 0 0 0 0 0 0 0 0 0 0 0 0 0 0 0 0 0 0 0 0 0 0 0 0 0 0 0 0 0 0 0 0 0 0 0 0 0 0 0 0 0 0 0 0 0 0 0 0 0 0 0 0 0 0 0 0 0 0 0 0 0 0 0 0 0 0 0 0 
0 0 0 0 0 0 0 0 0 0 0 0 0 0 0 0 1 1 1 1 1 0 0 0 0 0 0 0 0 0 0 0 0 0 0 0 0 0 0 0 0 0 0 0 0 0 0 0 0 0 0 0 0 0 0 0 0 0 0 0 0 0 0 0 0 0 0 0 0 0 0 0 0 0 0 0 0 0 0 0 0 0 0 0 0 0 0 0 0 0 0 0 0 0 0 0 0 0 0 0 
0 0 0 0 0 0 0 0 0 0 0 0 0 0 0 0 0 1 1 1 1 1 0 0 0 0 0 0 0 0 0 0 0 0 0 0 0 0 0 0 0 0 0 0 0 0 0 0 0 0 0 0 0 0 0 0 0 0 0 0 0 0 0 0 0 0 0 0 0 0 0 0 0 0 0 0 0 0 0 0 0 0 0 0 0 0 0 0 0 0 0 0 0 0 0 0 0 0 0 0 
0 0 0 0 0 0 0 0 0 0 0 0 0 0 0 0 0 0 1 1 1 1 1 0 0 0 0 0 0 0 0 0 0 0 0 0 0 0 0 0 0 0 0 0 0 0 0 0 0 0 0 0 0 0 0 0 0 0 0 0 0 0 0 0 0 0 0 0 0 0 0 0 0 0 0 0 0 0 0 0 0 0 0 0 0 0 0 0 0 0 0 0 0 0 0 0 0 0 0 0 
0 0 0 0 0 0 0 0 0 0 0 0 0 0 0 0 0 0 0 1 1 1 1 1 0 0 0 0 0 0 0 0 0 0 0 0 0 0 0 0 0 0 0 0 0 0 0 0 0 0 0 0 0 0 0 0 0 0 0 0 0 0 0 0 0 0 0 0 0 0 0 0 0 0 0 0 0 0 0 0 0 0 0 0 0 0 0 0 0 0 0 0 0 0 0 0 0 0 0 0 
0 0 0 0 0 0 0 0 0 0 0 0 0 0 0 0 0 0 0 0 1 1 1 1 1 0 0 0 0 0 0 0 0 0 0 0 0 0 0 0 0 0 0 0 0 0 0 0 0 0 0 0 0 0 0 0 0 0 0 0 0 0 0 0 0 0 0 0 0 0 0 0 0 0 0 0 0 0 0 0 0 0 0 0 0 0 0 0 0 0 0 0 0 0 0 0 0 0 0 0 
0 0 0 0 0 0 0 0 0 0 0 0 0 0 0 0 0 0 0 0 0 1 1 1 1 1 0 0 0 0 0 0 0 0 0 0 0 0 0 0 0 0 0 0 0 0 0 0 0 0 0 0 0 0 0 0 0 0 0 0 0 0 0 0 0 0 0 0 0 0 0 0 0 0 0 0 0 0 0 0 0 0 0 0 0 0 0 0 0 0 0 0 0 0 0 0 0 0 0 0 
0 0 0 0 0 0 0 0 0 0 0 0 0 0 0 0 0 0 0 0 0 0 1 1 1 1 1 0 0 0 0 0 0 0 0 0 0 0 0 0 0 0 0 0 0 0 0 0 0 0 0 0 0 0 0 0 0 0 0 0 0 0 0 0 0 0 0 0 0 0 0 0 0 0 0 0 0 0 0 0 0 0 0 0 0 0 0 0 0 0 0 0 0 0 0 0 0 0 0 0 
0 0 0 0 0 0 0 0 0 0 0 0 0 0 0 0 0 0 0 0 0 0 0 1 1 1 1 1 0 0 0 0 0 0 0 0 0 0 0 0 0 0 0 0 0 0 0 0 0 0 0 0 0 0 0 0 0 0 0 0 0 0 0 0 0 0 0 0 0 0 0 0 0 0 0 0 0 0 0 0 0 0 0 0 0 0 0 0 0 0 0 0 0 0 0 0 0 0 0 0 
0 0 0 0 0 0 0 0 0 0 0 0 0 0 0 0 0 0 0 0 0 0 0 0 1 1 1 1 1 0 0 0 0 0 0 0 0 0 0 0 0 0 0 0 0 0 0 0 0 0 0 0 0 0 0 0 0 0 0 0 0 0 0 0 0 0 0 0 0 0 0 0 0 0 0 0 0 0 0 0 0 0 0 0 0 0 0 0 0 0 0 0 0 0 0 0 0 0 0 0 
0 0 0 0 0 0 0 0 0 0 0 0 0 0 0 0 0 0 0 0 0 0 0 0 0 1 1 1 1 1 0 0 0 0 0 0 0 0 0 0 0 0 0 0 0 0 0 0 0 0 0 0 0 0 0 0 0 0 0 0 0 0 0 0 0 0 0 0 0 0 0 0 0 0 0 0 0 0 0 0 0 0 0 0 0 0 0 0 0 0 0 0 0 0 0 0 0 0 0 0 
0 0 0 0 0 0 0 0 0 0 0 0 0 0 0 0 0 0 0 0 0 0 0 0 0 0 1 1 1 1 1 0 0 0 0 0 0 0 0 0 0 0 0 0 0 0 0 0 0 0 0 0 0 0 0 0 0 0 0 0 0 0 0 0 0 0 0 0 0 0 0 0 0 0 0 0 0 0 0 0 0 0 0 0 0 0 0 0 0 0 0 0 0 0 0 0 0 0 0 0 
0 0 0 0 0 0 0 0 0 0 0 0 0 0 0 0 0 0 0 0 0 0 0 0 0 0 0 1 1 1 1 1 0 0 0 0 0 0 0 0 0 0 0 0 0 0 0 0 0 0 0 0 0 0 0 0 0 0 0 0 0 0 0 0 0 0 0 0 0 0 0 0 0 0 0 0 0 0 0 0 0 0 0 0 0 0 0 0 0 0 0 0 0 0 0 0 0 0 0 0 
0 0 0 0 0 0 0 0 0 0 0 0 0 0 0 0 0 0 0 0 0 0 0 0 0 0 0 0 1 1 1 1 1 0 0 0 0 0 0 0 0 0 0 0 0 0 0 0 0 0 0 0 0 0 0 0 0 0 0 0 0 0 0 0 0 0 0 0 0 0 0 0 0 0 0 0 0 0 0 0 0 0 0 0 0 0 0 0 0 0 0 0 0 0 0 0 0 0 0 0 
0 0 0 0 0 0 0 0 0 0 0 0 0 0 0 0 0 0 0 0 0 0 0 0 0 0 0 0 0 1 1 1 1 1 0 0 0 0 0 0 0 0 0 0 0 0 0 0 0 0 0 0 0 0 0 0 0 0 0 0 0 0 0 0 0 0 0 0 0 0 0 0 0 0 0 0 0 0 0 0 0 0 0 0 0 0 0 0 0 0 0 0 0 0 0 0 0 0 0 0 
0 0 0 0 0 0 0 0 0 0 0 0 0 0 0 0 0 0 0 0 0 0 0 0 0 0 0 0 0 0 1 1 1 1 1 0 0 0 0 0 0 0 0 0 0 0 0 0 0 0 0 0 0 0 0 0 0 0 0 0 0 0 0 0 0 0 0 0 0 0 0 0 0 0 0 0 0 0 0 0 0 0 0 0 0 0 0 0 0 0 0 0 0 0 0 0 0 0 0 0 
0 0 0 0 0 0 0 0 0 0 0 0 0 0 0 0 0 0 0 0 0 0 0 0 0 0 0 0 0 0 0 1 1 1 1 1 0 0 0 0 0 0 0 0 0 0 0 0 0 0 0 0 0 0 0 0 0 0 0 0 0 0 0 0 0 0 0 0 0 0 0 0 0 0 0 0 0 0 0 0 0 0 0 0 0 0 0 0 0 0 0 0 0 0 0 0 0 0 0 0 
0 0 0 0 0 0 0 0 0 0 0 0 0 0 0 0 0 0 0 0 0 0 0 0 0 0 0 0 0 0 0 0 1 1 1 1 1 0 0 0 0 0 0 0 0 0 0 0 0 0 0 0 0 0 0 0 0 0 0 0 0 0 0 0 0 0 0 0 0 0 0 0 0 0 0 0 0 0 0 0 0 0 0 0 0 0 0 0 0 0 0 0 0 0 0 0 0 0 0 0 
0 0 0 0 0 0 0 0 0 0 0 0 0 0 0 0 0 0 0 0 0 0 0 0 0 0 0 0 0 0 0 0 0 1 1 1 1 1 0 0 0 0 0 0 0 0 0 0 0 0 0 0 0 0 0 0 0 0 0 0 0 0 0 0 0 0 0 0 0 0 0 0 0 0 0 0 0 0 0 0 0 0 0 0 0 0 0 0 0 0 0 0 0 0 0 0 0 0 0 0 
0 0 0 0 0 0 0 0 0 0 0 0 0 0 0 0 0 0 0 0 0 0 0 0 0 0 0 0 0 0 0 0 0 0 1 1 1 1 1 0 0 0 0 0 0 0 0 0 0 0 0 0 0 0 0 0 0 0 0 0 0 0 0 0 0 0 0 0 0 0 0 0 0 0 0 0 0 0 0 0 0 0 0 0 0 0 0 0 0 0 0 0 0 0 0 0 0 0 0 0 
0 0 0 0 0 0 0 0 0 0 0 0 0 0 0 0 0 0 0 0 0 0 0 0 0 0 0 0 0 0 0 0 0 0 0 1 1 1 1 1 0 0 0 0 0 0 0 0 0 0 0 0 0 0 0 0 0 0 0 0 0 0 0 0 0 0 0 0 0 0 0 0 0 0 0 0 0 0 0 0 0 0 0 0 0 0 0 0 0 0 0 0 0 0 0 0 0 0 0 0 
0 0 0 0 0 0 0 0 0 0 0 0 0 0 0 0 0 0 0 0 0 0 0 0 0 0 0 0 0 0 0 0 0 0 0 0 1 1 1 1 1 0 0 0 0 0 0 0 0 0 0 0 0 0 0 0 0 0 0 0 0 0 0 0 0 0 0 0 0 0 0 0 0 0 0 0 0 0 0 0 0 0 0 0 0 0 0 0 0 0 0 0 0 0 0 0 0 0 0 0 
0 0 0 0 0 0 0 0 0 0 0 0 0 0 0 0 0 0 0 0 0 0 0 0 0 0 0 0 0 0 0 0 0 0 0 0 0 1 1 1 1 1 0 0 0 0 0 0 0 0 0 0 0 0 0 0 0 0 0 0 0 0 0 0 0 0 0 0 0 0 0 0 0 0 0 0 0 0 0 0 0 0 0 0 0 0 0 0 0 0 0 0 0 0 0 0 0 0 0 0 
0 0 0 0 0 0 0 0 0 0 0 0 0 0 0 0 0 0 0 0 0 0 0 0 0 0 0 0 0 0 0 0 0 0 0 0 0 0 1 1 1 1 1 0 0 0 0 0 0 0 0 0 0 0 0 0 0 0 0 0 0 0 0 0 0 0 0 0 0 0 0 0 0 0 0 0 0 0 0 0 0 0 0 0 0 0 0 0 0 0 0 0 0 0 0 0 0 0 0 0 
0 0 0 0 0 0 0 0 0 0 0 0 0 0 0 0 0 0 0 0 0 0 0 0 0 0 0 0 0 0 0 0 0 0 0 0 0 0 0 1 1 1 1 1 0 0 0 0 0 0 0 0 0 0 0 0 0 0 0 0 0 0 0 0 0 0 0 0 0 0 0 0 0 0 0 0 0 0 0 0 0 0 0 0 0 0 0 0 0 0 0 0 0 0 0 0 0 0 0 0 
0 0 0 0 0 0 0 0 0 0 0 0 0 0 0 0 0 0 0 0 0 0 0 0 0 0 0 0 0 0 0 0 0 0 0 0 0 0 0 0 1 1 1 1 1 0 0 0 0 0 0 0 0 0 0 0 0 0 0 0 0 0 0 0 0 0 0 0 0 0 0 0 0 0 0 0 0 0 0 0 0 0 0 0 0 0 0 0 0 0 0 0 0 0 0 0 0 0 0 0 
0 0 0 0 0 0 0 0 0 0 0 0 0 0 0 0 0 0 0 0 0 0 0 0 0 0 0 0 0 0 0 0 0 0 0 0 0 0 0 0 0 1 1 1 1 1 0 0 0 0 0 0 0 0 0 0 0 0 0 0 0 0 0 0 0 0 0 0 0 0 0 0 0 0 0 0 0 0 0 0 0 0 0 0 0 0 0 0 0 0 0 0 0 0 0 0 0 0 0 0 
0 0 0 0 0 0 0 0 0 0 0 0 0 0 0 0 0 0 0 0 0 0 0 0 0 0 0 0 0 0 0 0 0 0 0 0 0 0 0 0 0 0 1 1 1 1 1 0 0 0 0 0 0 0 0 0 0 0 0 0 0 0 0 0 0 0 0 0 0 0 0 0 0 0 0 0 0 0 0 0 0 0 0 0 0 0 0 0 0 0 0 0 0 0 0 0 0 0 0 0 
0 0 0 0 0 0 0 0 0 0 0 0 0 0 0 0 0 0 0 0 0 0 0 0 0 0 0 0 0 0 0 0 0 0 0 0 0 0 0 0 0 0 0 1 1 1 1 1 0 0 0 0 0 0 0 0 0 0 0 0 0 0 0 0 0 0 0 0 0 0 0 0 0 0 0 0 0 0 0 0 0 0 0 0 0 0 0 0 0 0 0 0 0 0 0 0 0 0 0 0 
0 0 0 0 0 0 0 0 0 0 0 0 0 0 0 0 0 0 0 0 0 0 0 0 0 0 0 0 0 0 0 0 0 0 0 0 0 0 0 0 0 0 0 0 1 1 1 1 1 0 0 0 0 0 0 0 0 0 0 0 0 0 0 0 0 0 0 0 0 0 0 0 0 0 0 0 0 0 0 0 0 0 0 0 0 0 0 0 0 0 0 0 0 0 0 0 0 0 0 0 
0 0 0 0 0 0 0 0 0 0 0 0 0 0 0 0 0 0 0 0 0 0 0 0 0 0 0 0 0 0 0 0 0 0 0 0 0 0 0 0 0 0 0 0 0 1 1 1 1 1 0 0 0 0 0 0 0 0 0 0 0 0 0 0 0 0 0 0 0 0 0 0 0 0 0 0 0 0 0 0 0 0 0 0 0 0 0 0 0 0 0 0 0 0 0 0 0 0 0 0 
0 0 0 0 0 0 0 0 0 0 0 0 0 0 0 0 0 0 0 0 0 0 0 0 0 0 0 0 0 0 0 0 0 0 0 0 0 0 0 0 0 0 0 0 0 0 1 1 1 1 1 0 0 0 0 0 0 0 0 0 0 0 0 0 0 0 0 0 0 0 0 0 0 0 0 0 0 0 0 0 0 0 0 0 0 0 0 0 0 0 0 0 0 0 0 0 0 0 0 0 
0 0 0 0 0 0 0 0 0 0 0 0 0 0 0 0 0 0 0 0 0 0 0 0 0 0 0 0 0 0 0 0 0 0 0 0 0 0 0 0 0 0 0 0 0 0 0 1 1 1 1 1 0 0 0 0 0 0 0 0 0 0 0 0 0 0 0 0 0 0 0 0 0 0 0 0 0 0 0 0 0 0 0 0 0 0 0 0 0 0 0 0 0 0 0 0 0 0 0 0 
0 0 0 0 0 0 0 0 0 0 0 0 0 0 0 0 0 0 0 0 0 0 0 0 0 0 0 0 0 0 0 0 0 0 0 0 0 0 0 0 0 0 0 0 0 0 0 0 1 1 1 1 1 0 0 0 0 0 0 0 0 0 0 0 0 0 0 0 0 0 0 0 0 0 0 0 0 0 0 0 0 0 0 0 0 0 0 0 0 0 0 0 0 0 0 0 0 0 0 0 
0 0 0 0 0 0 0 0 0 0 0 0 0 0 0 0 0 0 0 0 0 0 0 0 0 0 0 0 0 0 0 0 0 0 0 0 0 0 0 0 0 0 0 0 0 0 0 0 0 1 1 1 1 1 0 0 0 0 0 0 0 0 0 0 0 0 0 0 0 0 0 0 0 0 0 0 0 0 0 0 0 0 0 0 0 0 0 0 0 0 0 0 0 0 0 0 0 0 0 0 
0 0 0 0 0 0 0 0 0 0 0 0 0 0 0 0 0 0 0 0 0 0 0 0 0 0 0 0 0 0 0 0 0 0 0 0 0 0 0 0 0 0 0 0 0 0 0 0 0 0 1 1 1 1 1 0 0 0 0 0 0 0 0 0 0 0 0 0 0 0 0 0 0 0 0 0 0 0 0 0 0 0 0 0 0 0 0 0 0 0 0 0 0 0 0 0 0 0 0 0 
0 0 0 0 0 0 0 0 0 0 0 0 0 0 0 0 0 0 0 0 0 0 0 0 0 0 0 0 0 0 0 0 0 0 0 0 0 0 0 0 0 0 0 0 0 0 0 0 0 0 0 1 1 1 1 1 0 0 0 0 0 0 0 0 0 0 0 0 0 0 0 0 0 0 0 0 0 0 0 0 0 0 0 0 0 0 0 0 0 0 0 0 0 0 0 0 0 0 0 0 
0 0 0 0 0 0 0 0 0 0 0 0 0 0 0 0 0 0 0 0 0 0 0 0 0 0 0 0 0 0 0 0 0 0 0 0 0 0 0 0 0 0 0 0 0 0 0 0 0 0 0 0 1 1 1 1 1 0 0 0 0 0 0 0 0 0 0 0 0 0 0 0 0 0 0 0 0 0 0 0 0 0 0 0 0 0 0 0 0 0 0 0 0 0 0 0 0 0 0 0 
0 0 0 0 0 0 0 0 0 0 0 0 0 0 0 0 0 0 0 0 0 0 0 0 0 0 0 0 0 0 0 0 0 0 0 0 0 0 0 0 0 0 0 0 0 0 0 0 0 0 0 0 0 1 1 1 1 1 0 0 0 0 0 0 0 0 0 0 0 0 0 0 0 0 0 0 0 0 0 0 0 0 0 0 0 0 0 0 0 0 0 0 0 0 0 0 0 0 0 0 
0 0 0 0 0 0 0 0 0 0 0 0 0 0 0 0 0 0 0 0 0 0 0 0 0 0 0 0 0 0 0 0 0 0 0 0 0 0 0 0 0 0 0 0 0 0 0 0 0 0 0 0 0 0 1 1 1 1 1 0 0 0 0 0 0 0 0 0 0 0 0 0 0 0 0 0 0 0 0 0 0 0 0 0 0 0 0 0 0 0 0 0 0 0 0 0 0 0 0 0 
0 0 0 0 0 0 0 0 0 0 0 0 0 0 0 0 0 0 0 0 0 0 0 0 0 0 0 0 0 0 0 0 0 0 0 0 0 0 0 0 0 0 0 0 0 0 0 0 0 0 0 0 0 0 0 1 1 1 1 1 0 0 0 0 0 0 0 0 0 0 0 0 0 0 0 0 0 0 0 0 0 0 0 0 0 0 0 0 0 0 0 0 0 0 0 0 0 0 0 0 
0 0 0 0 0 0 0 0 0 0 0 0 0 0 0 0 0 0 0 0 0 0 0 0 0 0 0 0 0 0 0 0 0 0 0 0 0 0 0 0 0 0 0 0 0 0 0 0 0 0 0 0 0 0 0 0 1 1 1 1 1 0 0 0 0 0 0 0 0 0 0 0 0 0 0 0 0 0 0 0 0 0 0 0 0 0 0 0 0 0 0 0 0 0 0 0 0 0 0 0 
0 0 0 0 0 0 0 0 0 0 0 0 0 0 0 0 0 0 0 0 0 0 0 0 0 0 0 0 0 0 0 0 0 0 0 0 0 0 0 0 0 0 0 0 0 0 0 0 0 0 0 0 0 0 0 0 0 1 1 1 1 1 0 0 0 0 0 0 0 0 0 0 0 0 0 0 0 0 0 0 0 0 0 0 0 0 0 0 0 0 0 0 0 0 0 0 0 0 0 0 
0 0 0 0 0 0 0 0 0 0 0 0 0 0 0 0 0 0 0 0 0 0 0 0 0 0 0 0 0 0 0 0 0 0 0 0 0 0 0 0 0 0 0 0 0 0 0 0 0 0 0 0 0 0 0 0 0 0 1 1 1 1 1 0 0 0 0 0 0 0 0 0 0 0 0 0 0 0 0 0 0 0 0 0 0 0 0 0 0 0 0 0 0 0 0 0 0 0 0 0 
0 0 0 0 0 0 0 0 0 0 0 0 0 0 0 0 0 0 0 0 0 0 0 0 0 0 0 0 0 0 0 0 0 0 0 0 0 0 0 0 0 0 0 0 0 0 0 0 0 0 0 0 0 0 0 0 0 0 0 1 1 1 1 1 0 0 0 0 0 0 0 0 0 0 0 0 0 0 0 0 0 0 0 0 0 0 0 0 0 0 0 0 0 0 0 0 0 0 0 0 
0 0 0 0 0 0 0 0 0 0 0 0 0 0 0 0 0 0 0 0 0 0 0 0 0 0 0 0 0 0 0 0 0 0 0 0 0 0 0 0 0 0 0 0 0 0 0 0 0 0 0 0 0 0 0 0 0 0 0 0 1 1 1 1 1 0 0 0 0 0 0 0 0 0 0 0 0 0 0 0 0 0 0 0 0 0 0 0 0 0 0 0 0 0 0 0 0 0 0 0 
0 0 0 0 0 0 0 0 0 0 0 0 0 0 0 0 0 0 0 0 0 0 0 0 0 0 0 0 0 0 0 0 0 0 0 0 0 0 0 0 0 0 0 0 0 0 0 0 0 0 0 0 0 0 0 0 0 0 0 0 0 1 1 1 1 1 0 0 0 0 0 0 0 0 0 0 0 0 0 0 0 0 0 0 0 0 0 0 0 0 0 0 0 0 0 0 0 0 0 0 
0 0 0 0 0 0 0 0 0 0 0 0 0 0 0 0 0 0 0 0 0 0 0 0 0 0 0 0 0 0 0 0 0 0 0 0 0 0 0 0 0 0 0 0 0 0 0 0 0 0 0 0 0 0 0 0 0 0 0 0 0 0 1 1 1 1 1 0 0 0 0 0 0 0 0 0 0 0 0 0 0 0 0 0 0 0 0 0 0 0 0 0 0 0 0 0 0 0 0 0 
0 0 0 0 0 0 0 0 0 0 0 0 0 0 0 0 0 0 0 0 0 0 0 0 0 0 0 0 0 0 0 0 0 0 0 0 0 0 0 0 0 0 0 0 0 0 0 0 0 0 0 0 0 0 0 0 0 0 0 0 0 0 0 1 1 1 1 1 0 0 0 0 0 0 0 0 0 0 0 0 0 0 0 0 0 0 0 0 0 0 0 0 0 0 0 0 0 0 0 0 
0 0 0 0 0 0 0 0 0 0 0 0 0 0 0 0 0 0 0 0 0 0 0 0 0 0 0 0 0 0 0 0 0 0 0 0 0 0 0 0 0 0 0 0 0 0 0 0 0 0 0 0 0 0 0 0 0 0 0 0 0 0 0 0 1 1 1 1 1 0 0 0 0 0 0 0 0 0 0 0 0 0 0 0 0 0 0 0 0 0 0 0 0 0 0 0 0 0 0 0 
0 0 0 0 0 0 0 0 0 0 0 0 0 0 0 0 0 0 0 0 0 0 0 0 0 0 0 0 0 0 0 0 0 0 0 0 0 0 0 0 0 0 0 0 0 0 0 0 0 0 0 0 0 0 0 0 0 0 0 0 0 0 0 0 0 1 1 1 1 1 0 0 0 0 0 0 0 0 0 0 0 0 0 0 0 0 0 0 0 0 0 0 0 0 0 0 0 0 0 0 
0 0 0 0 0 0 0 0 0 0 0 0 0 0 0 0 0 0 0 0 0 0 0 0 0 0 0 0 0 0 0 0 0 0 0 0 0 0 0 0 0 0 0 0 0 0 0 0 0 0 0 0 0 0 0 0 0 0 0 0 0 0 0 0 0 0 1 1 1 1 1 0 0 0 0 0 0 0 0 0 0 0 0 0 0 0 0 0 0 0 0 0 0 0 0 0 0 0 0 0 
0 0 0 0 0 0 0 0 0 0 0 0 0 0 0 0 0 0 0 0 0 0 0 0 0 0 0 0 0 0 0 0 0 0 0 0 0 0 0 0 0 0 0 0 0 0 0 0 0 0 0 0 0 0 0 0 0 0 0 0 0 0 0 0 0 0 0 1 1 1 1 1 0 0 0 0 0 0 0 0 0 0 0 0 0 0 0 0 0 0 0 0 0 0 0 0 0 0 0 0 
0 0 0 0 0 0 0 0 0 0 0 0 0 0 0 0 0 0 0 0 0 0 0 0 0 0 0 0 0 0 0 0 0 0 0 0 0 0 0 0 0 0 0 0 0 0 0 0 0 0 0 0 0 0 0 0 0 0 0 0 0 0 0 0 0 0 0 0 1 1 1 1 1 0 0 0 0 0 0 0 0 0 0 0 0 0 0 0 0 0 0 0 0 0 0 0 0 0 0 0 
0 0 0 0 0 0 0 0 0 0 0 0 0 0 0 0 0 0 0 0 0 0 0 0 0 0 0 0 0 0 0 0 0 0 0 0 0 0 0 0 0 0 0 0 0 0 0 0 0 0 0 0 0 0 0 0 0 0 0 0 0 0 0 0 0 0 0 0 0 1 1 1 1 1 0 0 0 0 0 0 0 0 0 0 0 0 0 0 0 0 0 0 0 0 0 0 0 0 0 0 
0 0 0 0 0 0 0 0 0 0 0 0 0 0 0 0 0 0 0 0 0 0 0 0 0 0 0 0 0 0 0 0 0 0 0 0 0 0 0 0 0 0 0 0 0 0 0 0 0 0 0 0 0 0 0 0 0 0 0 0 0 0 0 0 0 0 0 0 0 0 1 1 1 1 1 0 0 0 0 0 0 0 0 0 0 0 0 0 0 0 0 0 0 0 0 0 0 0 0 0 
0 0 0 0 0 0 0 0 0 0 0 0 0 0 0 0 0 0 0 0 0 0 0 0 0 0 0 0 0 0 0 0 0 0 0 0 0 0 0 0 0 0 0 0 0 0 0 0 0 0 0 0 0 0 0 0 0 0 0 0 0 0 0 0 0 0 0 0 0 0 0 1 1 1 1 1 0 0 0 0 0 0 0 0 0 0 0 0 0 0 0 0 0 0 0 0 0 0 0 0 
0 0 0 0 0 0 0 0 0 0 0 0 0 0 0 0 0 0 0 0 0 0 0 0 0 0 0 0 0 0 0 0 0 0 0 0 0 0 0 0 0 0 0 0 0 0 0 0 0 0 0 0 0 0 0 0 0 0 0 0 0 0 0 0 0 0 0 0 0 0 0 0 1 1 1 1 1 0 0 0 0 0 0 0 0 0 0 0 0 0 0 0 0 0 0 0 0 0 0 0 
0 0 0 0 0 0 0 0 0 0 0 0 0 0 0 0 0 0 0 0 0 0 0 0 0 0 0 0 0 0 0 0 0 0 0 0 0 0 0 0 0 0 0 0 0 0 0 0 0 0 0 0 0 0 0 0 0 0 0 0 0 0 0 0 0 0 0 0 0 0 0 0 0 1 1 1 1 1 0 0 0 0 0 0 0 0 0 0 0 0 0 0 0 0 0 0 0 0 0 0 
0 0 0 0 0 0 0 0 0 0 0 0 0 0 0 0 0 0 0 0 0 0 0 0 0 0 0 0 0 0 0 0 0 0 0 0 0 0 0 0 0 0 0 0 0 0 0 0 0 0 0 0 0 0 0 0 0 0 0 0 0 0 0 0 0 0 0 0 0 0 0 0 0 0 1 1 1 1 1 0 0 0 0 0 0 0 0 0 0 0 0 0 0 0 0 0 0 0 0 0 
0 0 0 0 0 0 0 0 0 0 0 0 0 0 0 0 0 0 0 0 0 0 0 0 0 0 0 0 0 0 0 0 0 0 0 0 0 0 0 0 0 0 0 0 0 0 0 0 0 0 0 0 0 0 0 0 0 0 0 0 0 0 0 0 0 0 0 0 0 0 0 0 0 0 0 1 1 1 1 1 0 0 0 0 0 0 0 0 0 0 0 0 0 0 0 0 0 0 0 0 
0 0 0 0 0 0 0 0 0 0 0 0 0 0 0 0 0 0 0 0 0 0 0 0 0 0 0 0 0 0 0 0 0 0 0 0 0 0 0 0 0 0 0 0 0 0 0 0 0 0 0 0 0 0 0 0 0 0 0 0 0 0 0 0 0 0 0 0 0 0 0 0 0 0 0 0 1 1 1 1 1 0 0 0 0 0 0 0 0 0 0 0 0 0 0 0 0 0 0 0 
0 0 0 0 0 0 0 0 0 0 0 0 0 0 0 0 0 0 0 0 0 0 0 0 0 0 0 0 0 0 0 0 0 0 0 0 0 0 0 0 0 0 0 0 0 0 0 0 0 0 0 0 0 0 0 0 0 0 0 0 0 0 0 0 0 0 0 0 0 0 0 0 0 0 0 0 0 1 1 1 1 1 0 0 0 0 0 0 0 0 0 0 0 0 0 0 0 0 0 0 
0 0 0 0 0 0 0 0 0 0 0 0 0 0 0 0 0 0 0 0 0 0 0 0 0 0 0 0 0 0 0 0 0 0 0 0 0 0 0 0 0 0 0 0 0 0 0 0 0 0 0 0 0 0 0 0 0 0 0 0 0 0 0 0 0 0 0 0 0 0 0 0 0 0 0 0 0 0 1 1 1 1 1 0 0 0 0 0 0 0 0 0 0 0 0 0 0 0 0 0 
0 0 0 0 0 0 0 0 0 0 0 0 0 0 0 0 0 0 0 0 0 0 0 0 0 0 0 0 0 0 0 0 0 0 0 0 0 0 0 0 0 0 0 0 0 0 0 0 0 0 0 0 0 0 0 0 0 0 0 0 0 0 0 0 0 0 0 0 0 0 0 0 0 0 0 0 0 0 0 1 1 1 1 1 0 0 0 0 0 0 0 0 0 0 0 0 0 0 0 0 
0 0 0 0 0 0 0 0 0 0 0 0 0 0 0 0 0 0 0 0 0 0 0 0 0 0 0 0 0 0 0 0 0 0 0 0 0 0 0 0 0 0 0 0 0 0 0 0 0 0 0 0 0 0 0 0 0 0 0 0 0 0 0 0 0 0 0 0 0 0 0 0 0 0 0 0 0 0 0 0 1 1 1 1 1 0 0 0 0 0 0 0 0 0 0 0 0 0 0 0 
0 0 0 0 0 0 0 0 0 0 0 0 0 0 0 0 0 0 0 0 0 0 0 0 0 0 0 0 0 0 0 0 0 0 0 0 0 0 0 0 0 0 0 0 0 0 0 0 0 0 0 0 0 0 0 0 0 0 0 0 0 0 0 0 0 0 0 0 0 0 0 0 0 0 0 0 0 0 0 0 0 1 1 1 1 1 0 0 0 0 0 0 0 0 0 0 0 0 0 0 
0 0 0 0 0 0 0 0 0 0 0 0 0 0 0 0 0 0 0 0 0 0 0 0 0 0 0 0 0 0 0 0 0 0 0 0 0 0 0 0 0 0 0 0 0 0 0 0 0 0 0 0 0 0 0 0 0 0 0 0 0 0 0 0 0 0 0 0 0 0 0 0 0 0 0 0 0 0 0 0 0 0 1 1 1 1 1 0 0 0 0 0 0 0 0 0 0 0 0 0 
0 0 0 0 0 0 0 0 0 0 0 0 0 0 0 0 0 0 0 0 0 0 0 0 0 0 0 0 0 0 0 0 0 0 0 0 0 0 0 0 0 0 0 0 0 0 0 0 0 0 0 0 0 0 0 0 0 0 0 0 0 0 0 0 0 0 0 0 0 0 0 0 0 0 0 0 0 0 0 0 0 0 0 1 1 1 1 1 0 0 0 0 0 0 0 0 0 0 0 0 
0 0 0 0 0 0 0 0 0 0 0 0 0 0 0 0 0 0 0 0 0 0 0 0 0 0 0 0 0 0 0 0 0 0 0 0 0 0 0 0 0 0 0 0 0 0 0 0 0 0 0 0 0 0 0 0 0 0 0 0 0 0 0 0 0 0 0 0 0 0 0 0 0 0 0 0 0 0 0 0 0 0 0 0 1 1 1 1 1 0 0 0 0 0 0 0 0 0 0 0 
0 0 0 0 0 0 0 0 0 0 0 0 0 0 0 0 0 0 0 0 0 0 0 0 0 0 0 0 0 0 0 0 0 0 0 0 0 0 0 0 0 0 0 0 0 0 0 0 0 0 0 0 0 0 0 0 0 0 0 0 0 0 0 0 0 0 0 0 0 0 0 0 0 0 0 0 0 0 0 0 0 0 0 0 0 1 1 1 1 1 0 0 0 0 0 0 0 0 0 0 
0 0 0 0 0 0 0 0 0 0 0 0 0 0 0 0 0 0 0 0 0 0 0 0 0 0 0 0 0 0 0 0 0 0 0 0 0 0 0 0 0 0 0 0 0 0 0 0 0 0 0 0 0 0 0 0 0 0 0 0 0 0 0 0 0 0 0 0 0 0 0 0 0 0 0 0 0 0 0 0 0 0 0 0 0 0 1 1 1 1 1 0 0 0 0 0 0 0 0 0 
0 0 0 0 0 0 0 0 0 0 0 0 0 0 0 0 0 0 0 0 0 0 0 0 0 0 0 0 0 0 0 0 0 0 0 0 0 0 0 0 0 0 0 0 0 0 0 0 0 0 0 0 0 0 0 0 0 0 0 0 0 0 0 0 0 0 0 0 0 0 0 0 0 0 0 0 0 0 0 0 0 0 0 0 0 0 0 1 1 1 1 1 0 0 0 0 0 0 0 0 
0 0 0 0 0 0 0 0 0 0 0 0 0 0 0 0 0 0 0 0 0 0 0 0 0 0 0 0 0 0 0 0 0 0 0 0 0 0 0 0 0 0 0 0 0 0 0 0 0 0 0 0 0 0 0 0 0 0 0 0 0 0 0 0 0 0 0 0 0 0 0 0 0 0 0 0 0 0 0 0 0 0 0 0 0 0 0 0 1 1 1 1 1 0 0 0 0 0 0 0 
0 0 0 0 0 0 0 0 0 0 0 0 0 0 0 0 0 0 0 0 0 0 0 0 0 0 0 0 0 0 0 0 0 0 0 0 0 0 0 0 0 0 0 0 0 0 0 0 0 0 0 0 0 0 0 0 0 0 0 0 0 0 0 0 0 0 0 0 0 0 0 0 0 0 0 0 0 0 0 0 0 0 0 0 0 0 0 0 0 1 1 1 1 1 0 0 0 0 0 0 
0 0 0 0 0 0 0 0 0 0 0 0 0 0 0 0 0 0 0 0 0 0 0 0 0 0 0 0 0 0 0 0 0 0 0 0 0 0 0 0 0 0 0 0 0 0 0 0 0 0 0 0 0 0 0 0 0 0 0 0 0 0 0 0 0 0 0 0 0 0 0 0 0 0 0 0 0 0 0 0 0 0 0 0 0 0 0 0 0 0 1 1 1 1 1 0 0 0 0 0 
0 0 0 0 0 0 0 0 0 0 0 0 0 0 0 0 0 0 0 0 0 0 0 0 0 0 0 0 0 0 0 0 0 0 0 0 0 0 0 0 0 0 0 0 0 0 0 0 0 0 0 0 0 0 0 0 0 0 0 0 0 0 0 0 0 0 0 0 0 0 0 0 0 0 0 0 0 0 0 0 0 0 0 0 0 0 0 0 0 0 0 1 1 1 1 1 0 0 0 0 
0 0 0 0 0 0 0 0 0 0 0 0 0 0 0 0 0 0 0 0 0 0 0 0 0 0 0 0 0 0 0 0 0 0 0 0 0 0 0 0 0 0 0 0 0 0 0 0 0 0 0 0 0 0 0 0 0 0 0 0 0 0 0 0 0 0 0 0 0 0 0 0 0 0 0 0 0 0 0 0 0 0 0 0 0 0 0 0 0 0 0 0 1 1 1 1 1 0 0 0 
0 0 0 0 0 0 0 0 0 0 0 0 0 0 0 0 0 0 0 0 0 0 0 0 0 0 0 0 0 0 0 0 0 0 0 0 0 0 0 0 0 0 0 0 0 0 0 0 0 0 0 0 0 0 0 0 0 0 0 0 0 0 0 0 0 0 0 0 0 0 0 0 0 0 0 0 0 0 0 0 0 0 0 0 0 0 0 0 0 0 0 0 0 1 1 1 1 1 0 0 
0 0 0 0 0 0 0 0 0 0 0 0 0 0 0 0 0 0 0 0 0 0 0 0 0 0 0 0 0 0 0 0 0 0 0 0 0 0 0 0 0 0 0 0 0 0 0 0 0 0 0 0 0 0 0 0 0 0 0 0 0 0 0 0 0 0 0 0 0 0 0 0 0 0 0 0 0 0 0 0 0 0 0 0 0 0 0 0 0 0 0 0 0 0 1 1 1 1 1 0 
0 0 0 0 0 0 0 0 0 0 0 0 0 0 0 0 0 0 0 0 0 0 0 0 0 0 0 0 0 0 0 0 0 0 0 0 0 0 0 0 0 0 0 0 0 0 0 0 0 0 0 0 0 0 0 0 0 0 0 0 0 0 0 0 0 0 0 0 0 0 0 0 0 0 0 0 0 0 0 0 0 0 0 0 0 0 0 0 0 0 0 0 0 0 0 1 1 1 1 1 
1 0 0 0 0 0 0 0 0 0 0 0 0 0 0 0 0 0 0 0 0 0 0 0 0 0 0 0 0 0 0 0 0 0 0 0 0 0 0 0 0 0 0 0 0 0 0 0 0 0 0 0 0 0 0 0 0 0 0 0 0 0 0 0 0 0 0 0 0 0 0 0 0 0 0 0 0 0 0 0 0 0 0 0 0 0 0 0 0 0 0 0 0 0 0 0 1 1 1 1 
1 1 0 0 0 0 0 0 0 0 0 0 0 0 0 0 0 0 0 0 0 0 0 0 0 0 0 0 0 0 0 0 0 0 0 0 0 0 0 0 0 0 0 0 0 0 0 0 0 0 0 0 0 0 0 0 0 0 0 0 0 0 0 0 0 0 0 0 0 0 0 0 0 0 0 0 0 0 0 0 0 0 0 0 0 0 0 0 0 0 0 0 0 0 0 0 0 1 1 1 
1 1 1 0 0 0 0 0 0 0 0 0 0 0 0 0 0 0 0 0 0 0 0 0 0 0 0 0 0 0 0 0 0 0 0 0 0 0 0 0 0 0 0 0 0 0 0 0 0 0 0 0 0 0 0 0 0 0 0 0 0 0 0 0 0 0 0 0 0 0 0 0 0 0 0 0 0 0 0 0 0 0 0 0 0 0 0 0 0 0 0 0 0 0 0 0 0 0 1 1 
1 1 1 1 0 0 0 0 0 0 0 0 0 0 0 0 0 0 0 0 0 0 0 0 0 0 0 0 0 0 0 0 0 0 0 0 0 0 0 0 0 0 0 0 0 0 0 0 0 0 0 0 0 0 0 0 0 0 0 0 0 0 0 0 0 0 0 0 0 0 0 0 0 0 0 0 0 0 0 0 0 0 0 0 0 0 0 0 0 0 0 0 0 0 0 0 0 0 0 1 
