Parameters
100 4
F_el
0.00150000000000 0.00140000000000 0.01502139869511 0.00200000000000 0.00170000000000 0.00150000000000 0.01674044351044 0.00720000000000 0.00220000000000 0.00180000000000 0.05566836873929 0.05937905353837 0.01872829587031 0.00220000000000 0.10468802380873 0.06690800094753 0.00160000000000 0.00150000000000 0.01600209680290 0.00220000000000 0.00180000000000 0.00160000000000 0.01641697133042 0.00670000000000 0.00240000000000 0.00200000000000 0.02658282792428 0.01705630730524 0.01432462946012 0.00250000000000 0.00700000000000 0.00840000000000 
0.03081909962543 0.02184011258203 0.02146436395884 0.02836678027893 0.00180000000000 0.00160000000000 0.04678035825069 0.00970000000000 0.10305449586415 0.02293724614249 0.02817934589591 0.10439219202756 0.00170000000000 0.00150000000000 0.00660000000000 0.00250000000000 0.01659486993617 0.01456364855715 0.03471952724896 0.03132018795467 0.00150000000000 0.00140000000000 0.00220000000000 0.00180000000000 0.01633814874540 0.00240000000000 0.11820979073773 0.10377115559570 0.00140000000000 0.00130000000000 0.00190000000000 0.00170000000000 
0.01403191154644 0.00180000000000 0.00130000000000 0.00120000000000 0.00220000000000 0.00170000000000 0.00130000000000 0.00120000000000 0.00150000000000 0.00140000000000 0.00120000000000 0.00110000000000 0.00150000000000 0.00130000000000 0.00110000000000 0.00110000000000 0.00940000000000 0.02653048303830 0.00630000000000 0.00260000000000 0.00930000000000 0.03449918742639 0.00610000000000 0.00240000000000 0.03978376569006 0.02182488762535 0.00180000000000 0.00160000000000 0.04328174504145 0.02180514155902 0.00180000000000 0.00160000000000 
0.06663246132092 0.05224528176758 0.11739945148694 0.11933613007192 0.01467007986275 0.01478475696283 0.01440527776570 0.01451479464999 0.02411357320967 0.02462945433575 0.02532967619013 0.02576649720261 0.00200000000000 0.00200000000000 0.00190000000000 0.00190000000000 0.02049163766737 0.02080072497850 0.02062381916589 0.02093957096548 0.00180000000000 0.00180000000000 0.00170000000000 0.00170000000000 0.01560293508531 0.01571607989075 0.01544049609153 0.01555020843321 0.00150000000000 0.00150000000000 0.00140000000000 0.00150000000000 
0.01814179707749 0.01672351366589 0.03520129025607 0.02150543557794 0.00130000000000 0.00130000000000 0.00160000000000 0.00160000000000 0.02726551937080 0.02145224267343 0.01931750422300 0.02035759837254 0.00140000000000 0.00140000000000 0.00200000000000 0.00190000000000 0.00150000000000 0.00140000000000 0.00220000000000 0.00220000000000 0.00110000000000 0.00110000000000 0.00120000000000 0.00120000000000 0.00170000000000 0.00170000000000 0.00640000000000 0.00610000000000 0.00110000000000 0.00110000000000 0.00130000000000 0.00130000000000 
0.03974807731313 0.02947393330659 0.06375181146207 0.02715879204749 0.02114155996205 0.01864748780620 0.02021360381830 0.01427703254883 0.02075545117657 0.01443872509052 0.01984248932416 0.01433382827699 0.01329067168256 0.00170000000000 0.01322391983769 0.00160000000000 0.02920412561638 0.02212608383764 0.02648362535542 0.02141264607090 0.01739014132752 0.01660512457276 0.01707611324246 0.01332019095934 0.01730930115436 0.01334853359871 0.01699514020400 0.01328155159370 0.00590000000000 0.00150000000000 0.00600000000000 0.00150000000000 
0.00210000000000 0.02647824186900 0.00140000000000 0.00610000000000 0.00200000000000 0.02238650744056 0.00140000000000 0.00600000000000 0.00140000000000 0.00530000000000 0.00120000000000 0.00470000000000 0.00140000000000 0.00510000000000 0.00120000000000 0.00470000000000 0.00130000000000 0.00570000000000 0.00120000000000 0.00150000000000 0.00130000000000 0.00570000000000 0.00110000000000 0.00150000000000 0.00120000000000 0.00170000000000 0.00110000000000 0.00120000000000 0.00110000000000 0.00160000000000 0.00110000000000 0.00120000000000 
0.00220000000000 0.00150000000000 0.01394284489116 0.00160000000000 0.04311553606146 0.01870249633761 0.05425143449853 0.01945091062509 0.00140000000000 0.00130000000000 0.00150000000000 0.00130000000000 0.01646011547321 0.00180000000000 0.01691287250490 0.00190000000000 0.01569585599421 0.00180000000000 0.01603998554445 0.00190000000000 0.03799830490819 0.02323388837068 0.03329172539966 0.02443873214693 0.00160000000000 0.00140000000000 0.00170000000000 0.00140000000000 0.01971020417427 0.01489403548397 0.02041376218472 0.01513970757830 
0.00190000000000 0.00150000000000 0.00130000000000 0.00120000000000 0.00170000000000 0.00140000000000 0.00130000000000 0.00120000000000 0.01668587195199 0.00680000000000 0.00170000000000 0.00140000000000 0.01564812175309 0.00180000000000 0.00160000000000 0.00130000000000 0.00210000000000 0.00150000000000 0.00140000000000 0.00120000000000 0.00190000000000 0.00150000000000 0.00140000000000 0.00120000000000 0.01412828525616 0.00220000000000 0.00180000000000 0.00140000000000 0.00760000000000 0.00200000000000 0.00170000000000 0.00140000000000 
0.00180000000000 0.00270000000000 0.02385588650329 0.02526065327964 0.00190000000000 0.00310000000000 0.03302245960398 0.00740000000000 0.01651067881137 0.01762550972369 0.10607514136453 0.02062790188541 0.01740894849248 0.02143372137731 0.10818886757898 0.00970000000000 0.00160000000000 0.01306123771301 0.02059687157542 0.03359669936531 0.00170000000000 0.01354268971046 0.02203002635571 0.05411509753654 0.01510132929812 0.02035287435213 0.02839683799910 0.10963593781936 0.01572131999867 0.02200193230492 0.03513865958010 0.10942236733795 
0.02845380242993 0.00670000000000 0.02895864310853 0.00670000000000 0.00610000000000 0.00150000000000 0.00610000000000 0.00150000000000 0.01474031341098 0.00400000000000 0.01464653950912 0.00410000000000 0.00380000000000 0.00200000000000 0.00360000000000 0.00210000000000 0.02992793911962 0.01623183737569 0.02963460626878 0.01632421764516 0.00750000000000 0.00170000000000 0.00750000000000 0.00170000000000 0.00190000000000 0.01973138466493 0.00190000000000 0.01962270645479 0.00220000000000 0.00260000000000 0.00220000000000 0.00270000000000 
0.03535116634930 0.10246847008236 0.05893056544956 0.08367701945231 0.02995947988412 0.09133027404113 0.02389247998779 0.03384838299246 0.01899685520444 0.01825053636670 0.01821585342132 0.01684114380247 0.06133428407330 0.04041288000793 0.03784091507539 0.04643795179382 0.03764665250970 0.10279896081941 0.07042417547562 0.10289095265940 0.02966151430963 0.08619189924703 0.02369501723661 0.03333101202175 0.01921076887225 0.01836399765332 0.01843714052516 0.01695278182439 0.07158156224791 0.04407604467183 0.03661995931555 0.05217238040529 
0.01977466283902 0.01918756864200 0.00180000000000 0.00180000000000 0.04165491258768 0.03398607090270 0.01375422462807 0.00710000000000 0.01696988066819 0.01632051381082 0.00160000000000 0.00170000000000 0.03423420402308 0.03944963214578 0.00680000000000 0.00680000000000 0.02338301073575 0.02328451562615 0.00200000000000 0.00200000000000 0.04144214103277 0.02414700582532 0.01677036668833 0.01608079118567 0.01874884582053 0.01813012069665 0.00170000000000 0.00180000000000 0.05031015844488 0.03647352719008 0.00730000000000 0.00710000000000 
0.00190000000000 0.00140000000000 0.01358638284574 0.00160000000000 0.00130000000000 0.00120000000000 0.00150000000000 0.00120000000000 0.00150000000000 0.00120000000000 0.00190000000000 0.00140000000000 0.00120000000000 0.00110000000000 0.00130000000000 0.00120000000000 0.02826235908173 0.00740000000000 0.01911743693962 0.01907074403744 0.00210000000000 0.00150000000000 0.00840000000000 0.00180000000000 0.01437050585979 0.00180000000000 0.02767170745812 0.00680000000000 0.00160000000000 0.00130000000000 0.00210000000000 0.00150000000000 
0.00150000000000 0.00130000000000 0.00140000000000 0.00120000000000 0.01710444332045 0.00200000000000 0.00220000000000 0.00160000000000 0.00740000000000 0.00170000000000 0.00180000000000 0.00140000000000 0.10456828473696 0.01670453030351 0.01865686869471 0.00250000000000 0.00200000000000 0.00150000000000 0.00160000000000 0.00130000000000 0.10274977898363 0.01678654125635 0.01737730407217 0.00200000000000 0.01727145864962 0.00230000000000 0.00850000000000 0.00170000000000 0.10165741918408 0.04079601402262 0.10421582777811 0.01498041691484 
0.00170000000000 0.01435655500863 0.00180000000000 0.01538710406309 0.00210000000000 0.01631591594717 0.01376232103831 0.01820765537363 0.01402152053689 0.01793800111203 0.01477040647541 0.02034857753218 0.01538878065250 0.02313637661379 0.01675915406863 0.03088100724278 0.00170000000000 0.00690000000000 0.00180000000000 0.01516394813506 0.00210000000000 0.01607961505768 0.00750000000000 0.01796431493308 0.00230000000000 0.01769941730723 0.01455065865542 0.02029441263374 0.01515812634824 0.02315913737261 0.01651962249650 0.03244311514800 
0.00180000000000 0.00140000000000 0.03149207672819 0.01560596067522 0.00130000000000 0.00110000000000 0.01302789149311 0.00140000000000 0.00590000000000 0.00150000000000 0.10261502714960 0.00700000000000 0.00140000000000 0.00120000000000 0.01487062747935 0.00150000000000 0.00150000000000 0.00130000000000 0.01996145015076 0.00180000000000 0.00120000000000 0.00110000000000 0.00160000000000 0.00130000000000 0.00170000000000 0.00130000000000 0.01873079214197 0.00600000000000 0.00130000000000 0.00110000000000 0.00570000000000 0.00140000000000 
0.01556332035548 0.01621964701109 0.02769826221597 0.02536011509986 0.01558610743245 0.01633557166586 0.02717687015875 0.02503841612924 0.00190000000000 0.00200000000000 0.03058894767518 0.04045121045632 0.00180000000000 0.00200000000000 0.02935282141078 0.03700151083160 0.02061333874960 0.02234778494682 0.02071384620816 0.02009112123141 0.02051610835071 0.02214255278343 0.02070589408725 0.02008912645743 0.01556554773396 0.01621175729446 0.03880520692473 0.03383202074517 0.01558693081183 0.01632523993837 0.03663725497266 0.03237287775571 
0.00160000000000 0.00160000000000 0.00150000000000 0.00150000000000 0.00120000000000 0.00120000000000 0.00110000000000 0.00110000000000 0.00150000000000 0.00150000000000 0.00140000000000 0.00140000000000 0.00110000000000 0.00110000000000 0.00110000000000 0.00110000000000 0.00170000000000 0.00170000000000 0.00150000000000 0.00150000000000 0.00120000000000 0.00120000000000 0.00110000000000 0.00110000000000 0.00160000000000 0.00150000000000 0.00140000000000 0.00140000000000 0.00120000000000 0.00110000000000 0.00110000000000 0.00110000000000 
0.00180000000000 0.00190000000000 0.00230000000000 0.00240000000000 0.00180000000000 0.00180000000000 0.00220000000000 0.00220000000000 0.00170000000000 0.00170000000000 0.00190000000000 0.00190000000000 0.00160000000000 0.00160000000000 0.00180000000000 0.00180000000000 0.00140000000000 0.00140000000000 0.00150000000000 0.00150000000000 0.00140000000000 0.00140000000000 0.00150000000000 0.00150000000000 0.00130000000000 0.00130000000000 0.00140000000000 0.00140000000000 0.00130000000000 0.00130000000000 0.00140000000000 0.00140000000000 
0.00160000000000 0.00160000000000 0.00140000000000 0.00140000000000 0.00160000000000 0.00160000000000 0.00130000000000 0.00130000000000 0.00120000000000 0.00120000000000 0.00110000000000 0.00110000000000 0.00110000000000 0.00110000000000 0.00110000000000 0.00110000000000 0.02200437532862 0.02189591883172 0.00190000000000 0.00190000000000 0.02055009108786 0.02044818177057 0.00180000000000 0.00180000000000 0.00130000000000 0.00130000000000 0.00120000000000 0.00120000000000 0.00130000000000 0.00130000000000 0.00120000000000 0.00120000000000 
0.00160000000000 0.00110000000000 0.00690000000000 0.00120000000000 0.00110000000000 0.00100000000000 0.00120000000000 0.00100000000000 0.01695364700560 0.00120000000000 0.10445169644854 0.00130000000000 0.00120000000000 0.00100000000000 0.00140000000000 0.00110000000000 0.10878232015406 0.00160000000000 0.02777831953344 0.00610000000000 0.00170000000000 0.00110000000000 0.00800000000000 0.00120000000000 0.10364128136925 0.01725735713804 0.10332629301505 0.08856117824641 0.01797700649396 0.00120000000000 0.10769369658001 0.00140000000000 
0.03644771028473 0.03044514478766 0.03683555064832 0.03044584249991 0.03271526124043 0.10335725761822 0.03281847240301 0.10336124816601 0.02567002883387 0.04896155645121 0.02577235292356 0.04895461625761 0.02718948831766 0.10304668212518 0.02728686545546 0.10305252637295 0.01385118709265 0.00170000000000 0.01385486985082 0.00170000000000 0.01670674123418 0.04365492265076 0.01679694240698 0.04365794602782 0.00200000000000 0.00150000000000 0.00200000000000 0.00150000000000 0.01571472303134 0.00160000000000 0.01571810188915 0.00160000000000 
0.01835175445057 0.02071303236800 0.02492118353425 0.03172104231304 0.00160000000000 0.00170000000000 0.00170000000000 0.00190000000000 0.01751176098352 0.01948144123030 0.02284404496454 0.02740106207952 0.00150000000000 0.00160000000000 0.00160000000000 0.00180000000000 0.02807290087756 0.03846933017751 0.06663062185923 0.08145870433760 0.00160000000000 0.00170000000000 0.00170000000000 0.00190000000000 0.02547648901101 0.03165823846151 0.04811786790611 0.06795516904642 0.00150000000000 0.00160000000000 0.00160000000000 0.00170000000000 
0.01446518698187 0.01713402937763 0.00150000000000 0.00150000000000 0.00150000000000 0.00150000000000 0.00120000000000 0.00120000000000 0.00200000000000 0.00210000000000 0.00140000000000 0.00140000000000 0.00140000000000 0.00140000000000 0.00120000000000 0.00120000000000 0.01924475088927 0.02120650834046 0.00190000000000 0.01412360416523 0.00190000000000 0.01510543236445 0.00140000000000 0.00140000000000 0.01807385020918 0.02122004371356 0.00170000000000 0.00170000000000 0.00170000000000 0.00170000000000 0.00130000000000 0.00130000000000 
0.00170000000000 0.01675490723104 0.02016972394305 0.05458676910665 0.00160000000000 0.01608302200604 0.01941227141023 0.03737208149088 0.00120000000000 0.00150000000000 0.00160000000000 0.01530173991715 0.00120000000000 0.00140000000000 0.00150000000000 0.00230000000000 0.01667896993000 0.10335050891599 0.06637130698639 0.01803735230775 0.01537449321887 0.10443424337758 0.03861604342816 0.00530000000000 0.00150000000000 0.00680000000000 0.01415282280823 0.11353851420470 0.00140000000000 0.00200000000000 0.00240000000000 0.05442614403742 
0.00200000000000 0.00130000000000 0.00210000000000 0.00130000000000 0.00140000000000 0.00110000000000 0.00140000000000 0.00110000000000 0.00120000000000 0.00110000000000 0.00120000000000 0.00110000000000 0.00110000000000 0.00100000000000 0.00110000000000 0.00100000000000 0.00170000000000 0.00120000000000 0.00180000000000 0.00120000000000 0.00130000000000 0.00110000000000 0.00130000000000 0.00110000000000 0.00120000000000 0.00100000000000 0.00120000000000 0.00100000000000 0.00110000000000 0.00100000000000 0.00110000000000 0.00100000000000 
0.01503984097331 0.01644079306452 0.01763318061022 0.02022357922603 0.00140000000000 0.00140000000000 0.00180000000000 0.00180000000000 0.10697551462371 0.10617723628375 0.02388046734425 0.02331798200743 0.00650000000000 0.00700000000000 0.00900000000000 0.01607444710039 0.00150000000000 0.00150000000000 0.00200000000000 0.00200000000000 0.00120000000000 0.00120000000000 0.00130000000000 0.00130000000000 0.01807958015959 0.01964918104086 0.02695243347905 0.03259488721445 0.00150000000000 0.00150000000000 0.00210000000000 0.00200000000000 
0.00170000000000 0.00170000000000 0.01373542389824 0.01456144178789 0.00170000000000 0.00180000000000 0.01425610749006 0.01520276463283 0.00150000000000 0.00150000000000 0.00200000000000 0.00650000000000 0.00150000000000 0.00150000000000 0.00220000000000 0.00660000000000 0.02153002747611 0.02369201127345 0.03414803293577 0.03091629854470 0.02329042607151 0.02604586120400 0.03129490581131 0.02648693511967 0.01736467456246 0.01912158743317 0.09277460165472 0.11349001616311 0.01860063647183 0.02078816198143 0.11753921280229 0.11329296241420 
0.01552607718552 0.01458153496988 0.05403886124864 0.02899967765526 0.01598953627964 0.01491913523782 0.03956857911870 0.03124199722914 0.00180000000000 0.00160000000000 0.01921966722316 0.01718536604156 0.00180000000000 0.00170000000000 0.01984197936462 0.01759920264025 0.00150000000000 0.00140000000000 0.01974397078297 0.01404763479010 0.00160000000000 0.00150000000000 0.01986784995113 0.01882046277986 0.00130000000000 0.00120000000000 0.00190000000000 0.00160000000000 0.00130000000000 0.00130000000000 0.01335027265455 0.00170000000000 
0.01403233595068 0.01425187721035 0.01495464272104 0.01536206113501 0.00160000000000 0.00160000000000 0.00180000000000 0.00180000000000 0.01459259035557 0.01532710355084 0.01872162955680 0.02180808197810 0.00230000000000 0.00240000000000 0.00310000000000 0.00660000000000 0.00140000000000 0.00140000000000 0.00140000000000 0.00150000000000 0.00120000000000 0.00120000000000 0.00130000000000 0.00130000000000 0.00160000000000 0.00170000000000 0.00180000000000 0.00190000000000 0.00140000000000 0.00140000000000 0.00150000000000 0.00150000000000 
0.01918730204249 0.02159821690370 0.00140000000000 0.00580000000000 0.02768104927030 0.01653052487011 0.02110084081739 0.04582183778600 0.02132914242011 0.00560000000000 0.00660000000000 0.02293246059508 0.01798194096936 0.00140000000000 0.10438894313888 0.01678951799333 0.01488233100174 0.00160000000000 0.00230000000000 0.01719513091733 0.00160000000000 0.00130000000000 0.01919224581446 0.01389063251021 0.00150000000000 0.00120000000000 0.01506276726919 0.00180000000000 0.00120000000000 0.00110000000000 0.00180000000000 0.00130000000000 
0.01681890338897 0.01789106007171 0.01659580205734 0.01735812459364 0.00190000000000 0.00210000000000 0.00180000000000 0.00190000000000 0.00160000000000 0.00170000000000 0.00150000000000 0.00160000000000 0.00140000000000 0.00140000000000 0.00130000000000 0.00140000000000 0.01508131951512 0.01573636126104 0.01517799809902 0.01572464609871 0.00170000000000 0.00180000000000 0.00160000000000 0.00170000000000 0.00150000000000 0.00160000000000 0.00140000000000 0.00150000000000 0.00130000000000 0.00130000000000 0.00130000000000 0.00130000000000 
0.02890955134215 0.01902565226665 0.00140000000000 0.00120000000000 0.01397677629474 0.00150000000000 0.00120000000000 0.00110000000000 0.01711306878418 0.00180000000000 0.00130000000000 0.00110000000000 0.00170000000000 0.00130000000000 0.00110000000000 0.00110000000000 0.02522002164041 0.02192968308840 0.00170000000000 0.00130000000000 0.01983702155023 0.00190000000000 0.00130000000000 0.00110000000000 0.02845314344699 0.01827329038181 0.00140000000000 0.00120000000000 0.00220000000000 0.00150000000000 0.00120000000000 0.00110000000000 
0.02776453388867 0.04026061907717 0.01711274327518 0.00220000000000 0.01858722969853 0.02380039543367 0.10389212732068 0.01991898060660 0.00190000000000 0.01539155509350 0.00620000000000 0.02088212140576 0.00150000000000 0.00180000000000 0.00210000000000 0.00620000000000 0.01634160778348 0.01905946980867 0.01954226505349 0.02115724645933 0.00970000000000 0.01634336206824 0.00890000000000 0.01836715467771 0.00160000000000 0.00590000000000 0.00570000000000 0.00630000000000 0.00140000000000 0.00160000000000 0.00170000000000 0.00580000000000 
0.02543333812496 0.02021610281313 0.01795555200673 0.01644982592279 0.00210000000000 0.00170000000000 0.00160000000000 0.00140000000000 0.02988317384093 0.03108385668716 0.02279842334618 0.01472309891590 0.00250000000000 0.00200000000000 0.00170000000000 0.00150000000000 0.02011103421619 0.02956637061478 0.04655508650407 0.04168179815086 0.11815824679992 0.02564209494552 0.02163476089136 0.01717473787167 0.01469954133287 0.01852431387728 0.02028302230692 0.02853200733960 0.02175668111120 0.04135637516839 0.04173465201954 0.01662077177180 
0.00140000000000 0.00170000000000 0.01884542115955 0.02922086222490 0.00170000000000 0.00200000000000 0.12100321292101 0.04605930941073 0.00120000000000 0.00130000000000 0.00640000000000 0.00790000000000 0.00130000000000 0.00150000000000 0.01459700937201 0.02353915894217 0.00140000000000 0.00160000000000 0.01858159517372 0.02604193526064 0.00150000000000 0.00180000000000 0.02898376469415 0.08114305235344 0.00120000000000 0.00130000000000 0.01523389931451 0.01783613914037 0.00130000000000 0.00140000000000 0.01347939001668 0.02365524012793 
0.00670000000000 0.01492089526863 0.00600000000000 0.00600000000000 0.00170000000000 0.00180000000000 0.00150000000000 0.00170000000000 0.00260000000000 0.00320000000000 0.00210000000000 0.00260000000000 0.00190000000000 0.00210000000000 0.00170000000000 0.00180000000000 0.00120000000000 0.00120000000000 0.00120000000000 0.00120000000000 0.00110000000000 0.00120000000000 0.00110000000000 0.00110000000000 0.00130000000000 0.00130000000000 0.00120000000000 0.00130000000000 0.00120000000000 0.00120000000000 0.00120000000000 0.00120000000000 
0.00240000000000 0.00270000000000 0.10356793766052 0.07043571577882 0.01614887776846 0.01349112942822 0.02581358443408 0.04022762688719 0.00170000000000 0.00190000000000 0.03037748467060 0.10752379638922 0.00160000000000 0.00170000000000 0.02006517730270 0.02711790283635 0.00740000000000 0.01545175912981 0.10685486301332 0.09963634415696 0.01686959035977 0.01866343948135 0.03780992634139 0.06805529410155 0.00660000000000 0.01499355517746 0.04029283327369 0.11411724685048 0.01549103893699 0.01624596037817 0.02716486482474 0.03971653930462 
0.00150000000000 0.00120000000000 0.01780362351928 0.00150000000000 0.00110000000000 0.00100000000000 0.00140000000000 0.00110000000000 0.00150000000000 0.00120000000000 0.01770326297121 0.00140000000000 0.00110000000000 0.00100000000000 0.00130000000000 0.00110000000000 0.00110000000000 0.00100000000000 0.00130000000000 0.00110000000000 0.00100000000000 0.00100000000000 0.00110000000000 0.00100000000000 0.00110000000000 0.00100000000000 0.00130000000000 0.00110000000000 0.00100000000000 0.00100000000000 0.00110000000000 0.00100000000000 
0.00160000000000 0.00130000000000 0.00200000000000 0.00140000000000 0.00160000000000 0.00130000000000 0.00190000000000 0.00140000000000 0.00140000000000 0.00120000000000 0.00170000000000 0.00130000000000 0.00140000000000 0.00120000000000 0.00170000000000 0.00130000000000 0.00130000000000 0.00120000000000 0.00140000000000 0.00120000000000 0.00130000000000 0.00120000000000 0.00150000000000 0.00120000000000 0.00120000000000 0.00110000000000 0.00130000000000 0.00120000000000 0.00120000000000 0.00110000000000 0.00140000000000 0.00120000000000 
0.01824952385212 0.01471833312082 0.01824547174127 0.01751410652836 0.00790000000000 0.00200000000000 0.00780000000000 0.00210000000000 0.01787741609257 0.01618060083365 0.01798097717774 0.01618703446473 0.00770000000000 0.00690000000000 0.00780000000000 0.00690000000000 0.01546942592886 0.00210000000000 0.01535718046389 0.00210000000000 0.00220000000000 0.00170000000000 0.00230000000000 0.00170000000000 0.00930000000000 0.00700000000000 0.00940000000000 0.00710000000000 0.00630000000000 0.00580000000000 0.00630000000000 0.00590000000000 
0.02452500446210 0.01521561220429 0.00910000000000 0.00240000000000 0.03904613181628 0.00510000000000 0.00930000000000 0.00370000000000 0.02909686094483 0.01958443156456 0.01742766498675 0.00290000000000 0.04687110865765 0.00510000000000 0.02048164157072 0.00720000000000 0.02657469776954 0.00670000000000 0.00920000000000 0.00250000000000 0.04646250462936 0.00510000000000 0.00940000000000 0.00420000000000 0.03172037476959 0.01919978188853 0.01774076452300 0.00330000000000 0.05846137636101 0.00500000000000 0.02108950889175 0.00760000000000 
0.00750000000000 0.03055960631316 0.00800000000000 0.01665777849119 0.00200000000000 0.01850524096016 0.00670000000000 0.00270000000000 0.02747358581270 0.00190000000000 0.01565547438987 0.00140000000000 0.02184812094415 0.00160000000000 0.00640000000000 0.00130000000000 0.01470183563889 0.02947532440684 0.00810000000000 0.01718321071127 0.00200000000000 0.01706832050388 0.00680000000000 0.00260000000000 0.02678032539163 0.00180000000000 0.01563373339828 0.00140000000000 0.02143312867333 0.00160000000000 0.00640000000000 0.00130000000000 
0.00150000000000 0.00120000000000 0.00150000000000 0.00120000000000 0.01919900682390 0.00190000000000 0.01918903878773 0.00190000000000 0.00150000000000 0.00120000000000 0.00150000000000 0.00120000000000 0.02384394216520 0.00200000000000 0.02374799908727 0.00200000000000 0.00670000000000 0.00160000000000 0.00660000000000 0.00160000000000 0.02000276192101 0.04717428280682 0.01990698693015 0.04726585890211 0.01633511316900 0.00170000000000 0.01632260264473 0.00170000000000 0.01832211635924 0.00910000000000 0.01830798421467 0.00910000000000 
0.00170000000000 0.00150000000000 0.00140000000000 0.00130000000000 0.00170000000000 0.00150000000000 0.00140000000000 0.00130000000000 0.00150000000000 0.00140000000000 0.00130000000000 0.00130000000000 0.00150000000000 0.00140000000000 0.00130000000000 0.00120000000000 0.00150000000000 0.00140000000000 0.00130000000000 0.00130000000000 0.00150000000000 0.00140000000000 0.00130000000000 0.00130000000000 0.00140000000000 0.00130000000000 0.00120000000000 0.00120000000000 0.00140000000000 0.00130000000000 0.00120000000000 0.00120000000000 
0.02018917660328 0.02440958156619 0.02430908744065 0.01813437172261 0.02658051893677 0.00190000000000 0.01955140172848 0.00180000000000 0.00220000000000 0.00270000000000 0.00250000000000 0.00250000000000 0.00230000000000 0.00150000000000 0.00220000000000 0.00150000000000 0.01974919796570 0.03268549235566 0.02265358606921 0.02207720690625 0.03388887391606 0.00190000000000 0.02376340194446 0.00180000000000 0.00210000000000 0.00280000000000 0.00230000000000 0.00250000000000 0.00230000000000 0.00150000000000 0.00220000000000 0.00150000000000 
0.02512726461041 0.02106771928310 0.04325311519360 0.04800947464895 0.00290000000000 0.00270000000000 0.01456505201189 0.01343047447301 0.00890000000000 0.04501480150391 0.01770579006074 0.02177111704398 0.00330000000000 0.00300000000000 0.00270000000000 0.00300000000000 0.01460838143859 0.00660000000000 0.01703009487567 0.01530841299978 0.00170000000000 0.00170000000000 0.00220000000000 0.00210000000000 0.00230000000000 0.00220000000000 0.00550000000000 0.00560000000000 0.00180000000000 0.00170000000000 0.00230000000000 0.00220000000000 
0.01916379725178 0.09495568511399 0.00220000000000 0.00720000000000 0.01915743084261 0.09977037514508 0.00220000000000 0.00750000000000 0.01884011614071 0.10020454474761 0.00210000000000 0.00750000000000 0.01884101983165 0.10326813540971 0.00210000000000 0.00810000000000 0.00180000000000 0.02307276501923 0.00150000000000 0.00250000000000 0.00180000000000 0.02275637596914 0.00150000000000 0.00240000000000 0.00180000000000 0.02235526692919 0.00150000000000 0.00240000000000 0.00180000000000 0.02213612858894 0.00150000000000 0.00240000000000 
0.00140000000000 0.00150000000000 0.00150000000000 0.00150000000000 0.00140000000000 0.00150000000000 0.00150000000000 0.00150000000000 0.00210000000000 0.01385235976220 0.00680000000000 0.01386964178539 0.00210000000000 0.01435276374976 0.00680000000000 0.01396547213751 0.00150000000000 0.00150000000000 0.00150000000000 0.00150000000000 0.00150000000000 0.00150000000000 0.00150000000000 0.00160000000000 0.00210000000000 0.01359960076916 0.00680000000000 0.00700000000000 0.00220000000000 0.01361559316507 0.00690000000000 0.00710000000000 
0.01887381890578 0.02796883580636 0.12023850871864 0.03090442756824 0.00130000000000 0.00130000000000 0.00160000000000 0.00160000000000 0.01630617263398 0.02197388380105 0.05433762103969 0.03958380605697 0.00130000000000 0.00130000000000 0.00150000000000 0.00150000000000 0.00150000000000 0.00140000000000 0.01528348894699 0.01406627826292 0.00110000000000 0.00110000000000 0.00120000000000 0.00120000000000 0.00140000000000 0.00140000000000 0.01486446329876 0.00190000000000 0.00110000000000 0.00110000000000 0.00110000000000 0.00110000000000 
0.00220000000000 0.00140000000000 0.00130000000000 0.00110000000000 0.06236018496764 0.01847096324236 0.01341166858150 0.00130000000000 0.00160000000000 0.00120000000000 0.00120000000000 0.00110000000000 0.02497800280123 0.00180000000000 0.00150000000000 0.00120000000000 0.02687859082311 0.00150000000000 0.00130000000000 0.00110000000000 0.03903006133182 0.02497943388845 0.01727078211815 0.00140000000000 0.01372060253521 0.00130000000000 0.00120000000000 0.00110000000000 0.02933448363986 0.01000000000000 0.00930000000000 0.00130000000000 
0.01895015123514 0.02712310793788 0.01865820500699 0.01873597009903 0.03036648705956 0.01634753602248 0.01971356702609 0.00180000000000 0.02379024208970 0.08070120459890 0.02930301176300 0.09221793098770 0.09101209522928 0.02583086242377 0.10711138343245 0.01746533520197 0.02401142661510 0.02016949377607 0.15200581310274 0.01583510536569 0.02135191151777 0.00200000000000 0.01685690940341 0.00160000000000 0.03086642623850 0.09517246204941 0.10389390157562 0.10246655075307 0.11155662457546 0.02381682039860 0.10281035715012 0.01340989158375 
0.02820532470716 0.03528259393569 0.00170000000000 0.00180000000000 0.03140090095097 0.04096515927987 0.00180000000000 0.00180000000000 0.01337639261697 0.01345168346547 0.00130000000000 0.00130000000000 0.01377541109864 0.01399102707245 0.00130000000000 0.00130000000000 0.10975483793265 0.10473340823789 0.00210000000000 0.00210000000000 0.11579226584749 0.10851625144895 0.00210000000000 0.00220000000000 0.01673979170818 0.01638183325746 0.00140000000000 0.00140000000000 0.01901090993060 0.01892679963312 0.00140000000000 0.00140000000000 
0.00140000000000 0.02512496982102 0.00140000000000 0.02892667448247 0.00130000000000 0.01926218347937 0.00130000000000 0.02255125155799 0.00140000000000 0.02195443257173 0.00140000000000 0.02543620694428 0.00130000000000 0.01824771521161 0.00130000000000 0.02110823188547 0.00140000000000 0.02534166617899 0.00140000000000 0.02923994841597 0.00130000000000 0.01925930419062 0.00130000000000 0.02256262593812 0.00140000000000 0.02205487167649 0.00140000000000 0.02562725164292 0.00130000000000 0.01823966492500 0.00130000000000 0.02111591046099 
0.00150000000000 0.00160000000000 0.00140000000000 0.00140000000000 0.00140000000000 0.00140000000000 0.00130000000000 0.00130000000000 0.00150000000000 0.00150000000000 0.00140000000000 0.00140000000000 0.00140000000000 0.00140000000000 0.00130000000000 0.00130000000000 0.00150000000000 0.00150000000000 0.00140000000000 0.00140000000000 0.00140000000000 0.00140000000000 0.00130000000000 0.00130000000000 0.00150000000000 0.00150000000000 0.00140000000000 0.00140000000000 0.00140000000000 0.00140000000000 0.00130000000000 0.00130000000000 
0.01435657804955 0.00150000000000 0.01735157395675 0.00190000000000 0.00240000000000 0.00140000000000 0.01706090731630 0.00180000000000 0.00250000000000 0.00150000000000 0.01898943664917 0.00190000000000 0.00230000000000 0.00150000000000 0.01932706711344 0.00190000000000 0.01435705655856 0.00150000000000 0.01743920384792 0.00190000000000 0.00240000000000 0.00140000000000 0.01706267956887 0.00180000000000 0.00250000000000 0.00150000000000 0.01899303090271 0.00190000000000 0.00230000000000 0.00150000000000 0.01932953636102 0.00190000000000 
0.02482852549741 0.01771583602237 0.02400185814600 0.01785843846029 0.02382614770212 0.01494780280728 0.02339118257375 0.01704580426390 0.00140000000000 0.00130000000000 0.00150000000000 0.00130000000000 0.00150000000000 0.00130000000000 0.00150000000000 0.00130000000000 0.00590000000000 0.00150000000000 0.00560000000000 0.00160000000000 0.00190000000000 0.00150000000000 0.00600000000000 0.00160000000000 0.00120000000000 0.00110000000000 0.00120000000000 0.00110000000000 0.00120000000000 0.00110000000000 0.00120000000000 0.00110000000000 
0.00200000000000 0.00190000000000 0.00210000000000 0.00190000000000 0.01705711630677 0.01704289033716 0.01707719220998 0.01705430279110 0.00160000000000 0.00150000000000 0.00150000000000 0.00150000000000 0.01331324891593 0.00220000000000 0.00640000000000 0.00650000000000 0.02848286535369 0.02940325962518 0.03182205258925 0.03466746543798 0.03867571777515 0.03653800671370 0.10626271573725 0.06020789927898 0.01813442742698 0.01813614292687 0.01827800472119 0.01827666225992 0.02764529243103 0.02825895899079 0.02954954533378 0.03077878130887 
0.00150000000000 0.00150000000000 0.02090496451314 0.02077931318426 0.01612476978795 0.01591792701579 0.02135100990071 0.01554608733161 0.01489226416602 0.01466582093340 0.03556065180140 0.03271225216275 0.10547247450839 0.04425938784583 0.00170000000000 0.00160000000000 0.00140000000000 0.00140000000000 0.01748903509324 0.01749919190165 0.00250000000000 0.00260000000000 0.07177917555127 0.02393922977108 0.00200000000000 0.00200000000000 0.08556004958643 0.06814460442096 0.04921083491301 0.04258097292999 0.00200000000000 0.00180000000000 
0.02286093357209 0.01612421850583 0.03129869122712 0.02366246963654 0.00190000000000 0.00140000000000 0.02139043378372 0.01291015657238 0.03384994452203 0.01964026974021 0.01715820424161 0.03176233362853 0.01932954898257 0.00170000000000 0.03245105039444 0.01450954203226 0.01937378478296 0.05221851171862 0.01482581220441 0.02000189322998 0.02632618025657 0.01385291115530 0.03486387893852 0.02624665934658 0.00220000000000 0.01915494793948 0.00160000000000 0.01471238496862 0.03903454210489 0.02330096919463 0.01812069883832 0.03603421610520 
0.01531154521417 0.00130000000000 0.00170000000000 0.00120000000000 0.03882771295387 0.01626393870602 0.02819920436104 0.00550000000000 0.03773493108973 0.00560000000000 0.01777343653924 0.00140000000000 0.02028475110641 0.02532438437214 0.02430544486377 0.01816481247405 0.01585685896494 0.00130000000000 0.00180000000000 0.00120000000000 0.03477022007997 0.01651628210826 0.03202381154919 0.00560000000000 0.05062707086067 0.00570000000000 0.01872563064119 0.00150000000000 0.02007413233814 0.02725192981355 0.02328364899402 0.01868446917477 
0.02205189516212 0.03083691683334 0.02587383428854 0.01456407793522 0.01599755604739 0.01784806364438 0.02197369986162 0.02297489090336 0.02441944278713 0.02432160321172 0.02164754290955 0.01382574700538 0.01622283497141 0.01944595339664 0.02587186366408 0.01986347045269 0.01742834617335 0.02198393415359 0.02627351290383 0.02061584604569 0.00200000000000 0.01519327865587 0.01645485220308 0.02150892641631 0.01776515268909 0.02680949674052 0.03293592619992 0.01842672177324 0.01261416493868 0.01552127523294 0.01679616231474 0.03385942075687 
0.00200000000000 0.00150000000000 0.02616657707779 0.06335444931785 0.00180000000000 0.00140000000000 0.03171509303159 0.03071746975116 0.00120000000000 0.00110000000000 0.00220000000000 0.00160000000000 0.00120000000000 0.00110000000000 0.00190000000000 0.00150000000000 0.00170000000000 0.00140000000000 0.02076706793737 0.10462243969165 0.00160000000000 0.00140000000000 0.02364239056568 0.02115087131912 0.00110000000000 0.00110000000000 0.00180000000000 0.00150000000000 0.00110000000000 0.00110000000000 0.00160000000000 0.00140000000000 
0.01835159054179 0.00130000000000 0.04747088195891 0.00180000000000 0.00190000000000 0.00120000000000 0.01599677509004 0.00130000000000 0.02547308677263 0.00140000000000 0.04393309090097 0.00960000000000 0.01521361416808 0.00120000000000 0.02144657046662 0.00150000000000 0.01543799839700 0.00130000000000 0.01952301312030 0.00150000000000 0.00150000000000 0.00110000000000 0.01258914144771 0.00120000000000 0.02060982597640 0.00130000000000 0.03365120648743 0.00560000000000 0.01482804866089 0.00110000000000 0.01853431349250 0.00130000000000 
0.02049821076767 0.02754325729573 0.02032975254549 0.00160000000000 0.02905661513126 0.02502153563527 0.02442597863310 0.01490616355739 0.00130000000000 0.00210000000000 0.01521839749248 0.10105908606253 0.00170000000000 0.02086255677018 0.02236219227605 0.03795432945430 0.01574146217584 0.10846261766591 0.02603822818192 0.01582683619535 0.02370545222658 0.03388203589547 0.02915134553818 0.01566215081999 0.00120000000000 0.00160000000000 0.00190000000000 0.02632008784331 0.00140000000000 0.01586059764662 0.01821101175844 0.03278074308655 
0.00210000000000 0.01599844500714 0.00210000000000 0.01557252579257 0.01451954302504 0.02088933685035 0.00750000000000 0.02007107291680 0.00160000000000 0.00240000000000 0.00160000000000 0.00240000000000 0.00180000000000 0.00610000000000 0.00170000000000 0.00600000000000 0.03087676349277 0.02029877320124 0.03028496460439 0.01998399962676 0.08504774158927 0.01788030998521 0.07987570251897 0.01756946407329 0.01849485025264 0.11411479525187 0.01818200794727 0.12058292282690 0.02135111728816 0.02838272403906 0.02096032730421 0.02808399126758 
0.00140000000000 0.00140000000000 0.00150000000000 0.00140000000000 0.00230000000000 0.00180000000000 0.01472718511586 0.00190000000000 0.00120000000000 0.00120000000000 0.00130000000000 0.00120000000000 0.00150000000000 0.00140000000000 0.00160000000000 0.00150000000000 0.00140000000000 0.00130000000000 0.00150000000000 0.00140000000000 0.00200000000000 0.00170000000000 0.00630000000000 0.00180000000000 0.00120000000000 0.00120000000000 0.00120000000000 0.00120000000000 0.00140000000000 0.00140000000000 0.00150000000000 0.00140000000000 
0.01957066723909 0.01987165036603 0.01616828201290 0.01628444543024 0.04241899058957 0.04602079062227 0.02265635163943 0.02307744345934 0.02502327325532 0.02562351004505 0.01884840257689 0.01906329945908 0.03545727013027 0.03394014514909 0.03308863328832 0.03450233562250 0.01594494729150 0.01606053154278 0.01393178216838 0.01403356800796 0.02340659302974 0.02402796048065 0.01732756769935 0.01754032854556 0.01871991065716 0.01893864419859 0.01564164583237 0.01583334161368 0.04706537845536 0.11088013754720 0.02133570097292 0.02175081430528 
0.00150000000000 0.00130000000000 0.00130000000000 0.00120000000000 0.00150000000000 0.00130000000000 0.00130000000000 0.00120000000000 0.00170000000000 0.00140000000000 0.00140000000000 0.00130000000000 0.00160000000000 0.00140000000000 0.00140000000000 0.00130000000000 0.01731374555740 0.01319611930305 0.01312832747443 0.00170000000000 0.01665735110395 0.00220000000000 0.01302654084334 0.00160000000000 0.02033579592643 0.01623817062912 0.01625424458515 0.00680000000000 0.01935622773127 0.01561603650453 0.01571755834116 0.00190000000000 
0.00160000000000 0.01796213465867 0.00150000000000 0.01678133484100 0.00240000000000 0.02069161102325 0.00230000000000 0.02162895858800 0.00140000000000 0.01470626595803 0.00130000000000 0.00880000000000 0.00180000000000 0.01606042829449 0.00170000000000 0.01558887260359 0.01461633223968 0.06096295489426 0.00690000000000 0.03742694062173 0.00680000000000 0.01573911424668 0.00610000000000 0.01626885605297 0.00910000000000 0.01851358601106 0.00900000000000 0.01805769713807 0.00760000000000 0.04751297720330 0.00710000000000 0.02813238172444 
0.03232988618739 0.03812140417136 0.00160000000000 0.00160000000000 0.01841083667146 0.01574706412247 0.02698417683612 0.03247974802820 0.00180000000000 0.00170000000000 0.00570000000000 0.00490000000000 0.00140000000000 0.00140000000000 0.00600000000000 0.00590000000000 0.01682264140716 0.01745892406241 0.00130000000000 0.00130000000000 0.02855160523767 0.02514016949629 0.01613999551999 0.01650846401387 0.01498839243231 0.00850000000000 0.00240000000000 0.00260000000000 0.00870000000000 0.00860000000000 0.00930000000000 0.00850000000000 
0.01514124165510 0.00150000000000 0.00650000000000 0.00160000000000 0.00140000000000 0.00120000000000 0.00150000000000 0.00120000000000 0.00140000000000 0.00120000000000 0.00160000000000 0.00120000000000 0.00120000000000 0.00100000000000 0.00120000000000 0.00110000000000 0.00240000000000 0.00140000000000 0.00340000000000 0.00160000000000 0.00140000000000 0.00110000000000 0.00150000000000 0.00120000000000 0.00140000000000 0.00120000000000 0.00160000000000 0.00120000000000 0.00120000000000 0.00100000000000 0.00120000000000 0.00110000000000 
0.00180000000000 0.00120000000000 0.02450281478492 0.00160000000000 0.01820710614331 0.00150000000000 0.02070296644154 0.00260000000000 0.00180000000000 0.00120000000000 0.02615523469430 0.00160000000000 0.01873020865967 0.00150000000000 0.02112252157015 0.00270000000000 0.00220000000000 0.00130000000000 0.01521521845056 0.00200000000000 0.03026442261107 0.00170000000000 0.00180000000000 0.00370000000000 0.00230000000000 0.00130000000000 0.01543570012483 0.00200000000000 0.03679786491948 0.00170000000000 0.00180000000000 0.00360000000000 
0.01671003139142 0.01616884336535 0.04843375318763 0.10462879068077 0.00150000000000 0.00140000000000 0.00230000000000 0.00220000000000 0.00960000000000 0.00950000000000 0.02484857497728 0.02112234623889 0.00130000000000 0.00130000000000 0.00180000000000 0.00170000000000 0.00160000000000 0.00150000000000 0.01473473563244 0.01423125761905 0.00120000000000 0.00120000000000 0.00150000000000 0.00150000000000 0.00140000000000 0.00140000000000 0.01318938191654 0.01297365286399 0.00110000000000 0.00110000000000 0.00130000000000 0.00130000000000 
0.00720000000000 0.00130000000000 0.00240000000000 0.00140000000000 0.00200000000000 0.00130000000000 0.00210000000000 0.00140000000000 0.00200000000000 0.00130000000000 0.00200000000000 0.00130000000000 0.00170000000000 0.00120000000000 0.00180000000000 0.00130000000000 0.02979081431327 0.00190000000000 0.00240000000000 0.00200000000000 0.02195171158772 0.00170000000000 0.00260000000000 0.00190000000000 0.02584671818392 0.00170000000000 0.01535992135584 0.00180000000000 0.02161942216600 0.00160000000000 0.01542259109316 0.00160000000000 
0.00160000000000 0.02181654789910 0.00170000000000 0.02338244879302 0.00120000000000 0.00160000000000 0.00120000000000 0.00170000000000 0.03470190645949 0.04085229502549 0.10387222499200 0.04394683799807 0.00190000000000 0.02520115311490 0.00200000000000 0.02811576187955 0.00160000000000 0.02171620614024 0.00170000000000 0.02327808293184 0.00120000000000 0.00160000000000 0.00120000000000 0.00170000000000 0.03487659331994 0.03830563336978 0.05578762496265 0.04008607168859 0.00190000000000 0.02509648597767 0.00200000000000 0.02810111135562 
0.02121470501370 0.01684878450859 0.02245849303309 0.01700229830583 0.01393686192071 0.00590000000000 0.01434328904145 0.00590000000000 0.02680394978406 0.02231541916690 0.02886746692707 0.02239145357940 0.01749226479970 0.00970000000000 0.01782293618022 0.00970000000000 0.02307202792057 0.01628876992570 0.02417753039364 0.01642223343149 0.01564559106574 0.00540000000000 0.01598599384358 0.00900000000000 0.02625100720500 0.01640960662897 0.02737300144615 0.01655805472847 0.01859292853315 0.00880000000000 0.01891965655653 0.00880000000000 
0.02080838494629 0.00180000000000 0.03842952444838 0.00240000000000 0.02121373201352 0.00180000000000 0.03828420678934 0.00240000000000 0.01678776745907 0.00170000000000 0.05349344446480 0.00200000000000 0.01767486089505 0.00170000000000 0.05129517373447 0.00200000000000 0.01568271357784 0.00790000000000 0.00190000000000 0.00330000000000 0.01644934041360 0.00830000000000 0.00190000000000 0.00340000000000 0.00180000000000 0.00320000000000 0.00150000000000 0.00220000000000 0.00180000000000 0.00330000000000 0.00150000000000 0.00220000000000 
0.01783623774217 0.00150000000000 0.01622578661160 0.00140000000000 0.01970477144940 0.00150000000000 0.01784921738673 0.00150000000000 0.01922935752053 0.03159875519324 0.01862082568406 0.02553697615871 0.01932764437043 0.03608818729623 0.01913817410002 0.02884691343165 0.02091329201585 0.00150000000000 0.01940110378576 0.00150000000000 0.02233360133125 0.00160000000000 0.02071501798100 0.00150000000000 0.02397023978352 0.03080100760303 0.02344947315669 0.02705007762229 0.02474351117052 0.03284432361006 0.02441965668606 0.02884840878214 
0.02605176151532 0.11030726808404 0.03807946318367 0.05890088524613 0.02297428394830 0.10589095376700 0.03403036325338 0.05681310125523 0.02793664068693 0.11288920651844 0.02570485464782 0.03543002598235 0.02572629631198 0.10768663587769 0.02514439819087 0.03205635938272 0.01862135999505 0.10213154404323 0.02357228675378 0.03175548942501 0.01768344872925 0.10183614472004 0.02340165255944 0.03147754169263 0.02130909364675 0.03535969545260 0.01886617996917 0.02433587596311 0.02028300676935 0.03121618001950 0.01860319373288 0.02248248868417 
0.01649057429401 0.01770384252189 0.02954046172976 0.03790399377207 0.00220000000000 0.01426212605763 0.02539976037435 0.05389805557356 0.01447314237660 0.01556272809770 0.12226377269222 0.05448009322909 0.00180000000000 0.00190000000000 0.02055660839261 0.02355617701792 0.02385843701809 0.02447766035252 0.00520000000000 0.02361636721477 0.01000000000000 0.01973585448657 0.00530000000000 0.00540000000000 0.02016594626713 0.02109535803773 0.00920000000000 0.04806398940012 0.01643519919273 0.01737490306678 0.00570000000000 0.00980000000000 
0.00190000000000 0.02275410009650 0.00160000000000 0.00690000000000 0.01549543583106 0.11399825103100 0.00210000000000 0.08193517698233 0.00180000000000 0.02232594416747 0.00160000000000 0.00420000000000 0.01529044876192 0.11184095258088 0.00200000000000 0.10294076042256 0.00160000000000 0.01444900786029 0.00150000000000 0.00240000000000 0.00200000000000 0.02697453919392 0.00170000000000 0.01665562372533 0.00160000000000 0.01423677689938 0.00150000000000 0.00240000000000 0.00190000000000 0.02637496956235 0.00170000000000 0.01632014026195 
0.00150000000000 0.00150000000000 0.00130000000000 0.00130000000000 0.00170000000000 0.00160000000000 0.00130000000000 0.00140000000000 0.00140000000000 0.00140000000000 0.00120000000000 0.00120000000000 0.00150000000000 0.00150000000000 0.00130000000000 0.00130000000000 0.00170000000000 0.00160000000000 0.00130000000000 0.00140000000000 0.00190000000000 0.00180000000000 0.00140000000000 0.00140000000000 0.00150000000000 0.00150000000000 0.00130000000000 0.00130000000000 0.00160000000000 0.00160000000000 0.00130000000000 0.00130000000000 
0.01403830532813 0.00140000000000 0.01758226104192 0.00150000000000 0.00180000000000 0.00130000000000 0.01423931112043 0.00140000000000 0.01414412750777 0.00140000000000 0.01777506545346 0.00160000000000 0.00180000000000 0.00130000000000 0.01435099175544 0.00140000000000 0.00220000000000 0.00140000000000 0.00970000000000 0.00160000000000 0.00180000000000 0.00130000000000 0.00230000000000 0.00140000000000 0.00220000000000 0.00140000000000 0.00970000000000 0.00160000000000 0.00180000000000 0.00130000000000 0.00230000000000 0.00140000000000 
0.00170000000000 0.00270000000000 0.00670000000000 0.00610000000000 0.00880000000000 0.01604438451835 0.02703009469928 0.00650000000000 0.00160000000000 0.00220000000000 0.00200000000000 0.00590000000000 0.00760000000000 0.01572375098374 0.02841207047298 0.00680000000000 0.00120000000000 0.00130000000000 0.00130000000000 0.00150000000000 0.00160000000000 0.00210000000000 0.00190000000000 0.00430000000000 0.00120000000000 0.00130000000000 0.00120000000000 0.00140000000000 0.00150000000000 0.00190000000000 0.00180000000000 0.00290000000000 
0.02010288963339 0.01898157298256 0.01766989388163 0.07044864006163 0.02181859943608 0.01949866911054 0.01837220041915 0.10326528072709 0.01762948691051 0.02254188797675 0.00190000000000 0.03237685136152 0.01854986328554 0.02330095019144 0.01703937730375 0.03753845798223 0.03864065916441 0.01306990922562 0.02837351218532 0.02050631045919 0.05440504444216 0.01292093339394 0.03401308985040 0.02114038134861 0.04434011412869 0.01394481460660 0.02264198165213 0.02460922660828 0.10664209816518 0.01623385927011 0.02476683163132 0.02555755085138 
0.01487682197772 0.00160000000000 0.01508521028405 0.00160000000000 0.04008081701753 0.02030075556337 0.04841360766873 0.02070062841696 0.01914651080994 0.00200000000000 0.01954680278945 0.00200000000000 0.02182891849851 0.06455003186845 0.02285240465087 0.05549043826355 0.05803478587155 0.02780599779899 0.05713115380403 0.02873918883350 0.02440313223239 0.02721094952915 0.02412863700668 0.02878071140730 0.03408426091747 0.08770164373621 0.03197393502644 0.09520712686998 0.01557129619497 0.01948931792733 0.01546697803171 0.01939709708733 
0.04249303210036 0.10512862205600 0.01816144174439 0.01986880434648 0.01502043388930 0.01615864066738 0.00140000000000 0.00150000000000 0.03680107378545 0.07127217778213 0.01864466610001 0.01995573932907 0.01641220741478 0.01754101273446 0.00130000000000 0.00140000000000 0.00220000000000 0.01434443768957 0.03005245976865 0.03445485450345 0.04569523414760 0.10520240654543 0.01816129975072 0.01976235583091 0.01863493409451 0.01981768659025 0.05044474162397 0.10026436877950 0.03597955124141 0.07742548845884 0.01872411758083 0.02004434282318 
0.00210000000000 0.00130000000000 0.00140000000000 0.00110000000000 0.00200000000000 0.00130000000000 0.00140000000000 0.00110000000000 0.00240000000000 0.00130000000000 0.00140000000000 0.00110000000000 0.00220000000000 0.00130000000000 0.00140000000000 0.00110000000000 0.00140000000000 0.00110000000000 0.00120000000000 0.00100000000000 0.00130000000000 0.00110000000000 0.00120000000000 0.00100000000000 0.00140000000000 0.00110000000000 0.00120000000000 0.00100000000000 0.00130000000000 0.00110000000000 0.00120000000000 0.00100000000000 
0.01800010834528 0.03644532518363 0.05242475748156 0.03187644556178 0.00220000000000 0.00160000000000 0.00150000000000 0.00130000000000 0.00180000000000 0.01617236384406 0.03067794564955 0.08918959210051 0.02140506830847 0.00240000000000 0.01637230936415 0.00150000000000 0.01627204886734 0.02586875352608 0.07192072025813 0.03438663738550 0.01501844569960 0.00170000000000 0.00160000000000 0.00130000000000 0.00170000000000 0.01497064295448 0.02495910045929 0.12167714350219 0.02803856836162 0.01594882962153 0.01666970815075 0.00170000000000 
0.00170000000000 0.00130000000000 0.01546654815769 0.00170000000000 0.02791167315068 0.01625091625599 0.02350300731922 0.02808292034635 0.01480534929359 0.00150000000000 0.02409086804100 0.01568471415526 0.02911172036070 0.02793060690027 0.01637325342773 0.06147066503917 0.10889684804649 0.01947181085772 0.02368383434362 0.03195528930260 0.00220000000000 0.10142635696519 0.00150000000000 0.04705451213164 0.08030093705800 0.02987035324087 0.01682726772247 0.06462178724868 0.00150000000000 0.07244261488173 0.00130000000000 0.02008604036225 
0.00200000000000 0.00160000000000 0.00160000000000 0.00140000000000 0.02285360609671 0.01672889115881 0.01578818772221 0.00660000000000 0.00170000000000 0.00150000000000 0.00150000000000 0.00130000000000 0.01895864102727 0.01492227430141 0.01451560913097 0.00190000000000 0.00110000000000 0.00110000000000 0.00110000000000 0.00110000000000 0.00130000000000 0.00120000000000 0.00120000000000 0.00110000000000 0.00110000000000 0.00110000000000 0.00110000000000 0.00100000000000 0.00130000000000 0.00120000000000 0.00120000000000 0.00110000000000 
0.00230000000000 0.02401599191584 0.00160000000000 0.04276258519793 0.01784970348577 0.00140000000000 0.04093773161755 0.00180000000000 0.02935835851797 0.00160000000000 0.02736499387003 0.00630000000000 0.00140000000000 0.00110000000000 0.00170000000000 0.00120000000000 0.00120000000000 0.00250000000000 0.00120000000000 0.00170000000000 0.00700000000000 0.00170000000000 0.00180000000000 0.00240000000000 0.00200000000000 0.00210000000000 0.00160000000000 0.00390000000000 0.00180000000000 0.00120000000000 0.00250000000000 0.00130000000000 
0.01425073163453 0.02093989533188 0.00130000000000 0.01650189113493 0.01403335843368 0.02185431747215 0.00130000000000 0.01617590824517 0.00210000000000 0.02035767427180 0.00120000000000 0.01563394941230 0.00200000000000 0.02136762570683 0.00120000000000 0.01531689469768 0.01660312983073 0.01924592226799 0.00130000000000 0.01962044519518 0.01626283771110 0.01986055210994 0.00130000000000 0.01901323763486 0.01561713959126 0.01871589178766 0.00130000000000 0.01828974750146 0.01529366923251 0.01933367582660 0.00130000000000 0.01786391970674 
0.01671710836305 0.00150000000000 0.00160000000000 0.00120000000000 0.00150000000000 0.00120000000000 0.00120000000000 0.00110000000000 0.00190000000000 0.00130000000000 0.00130000000000 0.00110000000000 0.00130000000000 0.00110000000000 0.00110000000000 0.00100000000000 0.00130000000000 0.00110000000000 0.00110000000000 0.00100000000000 0.00110000000000 0.00100000000000 0.00100000000000 0.00100000000000 0.00120000000000 0.00110000000000 0.00110000000000 0.00100000000000 0.00110000000000 0.00100000000000 0.00100000000000 0.00100000000000 
0.02173354099778 0.01511376318025 0.00180000000000 0.00210000000000 0.02435829919050 0.01563026616125 0.02899609069215 0.04872062459308 0.02585148909779 0.02019588610399 0.00140000000000 0.00150000000000 0.02915076896264 0.02325562924045 0.01816633731248 0.02070647794009 0.03332906450609 0.02966989947154 0.00140000000000 0.00150000000000 0.03463359145388 0.02716681470853 0.01966960943577 0.02317925400806 0.01525297085918 0.01618376077198 0.00120000000000 0.00130000000000 0.08004980684758 0.03313291683126 0.01469172850130 0.01466366893804 
0.00180000000000 0.00150000000000 0.00120000000000 0.00110000000000 0.00180000000000 0.00150000000000 0.00120000000000 0.00110000000000 0.01390492450336 0.00650000000000 0.00150000000000 0.00130000000000 0.01387872248267 0.00640000000000 0.00150000000000 0.00130000000000 0.01494210768085 0.00190000000000 0.00130000000000 0.00120000000000 0.01483141833557 0.00190000000000 0.00130000000000 0.00120000000000 0.02234583775360 0.01579847880675 0.00180000000000 0.00150000000000 0.02244241808716 0.01569786324384 0.00180000000000 0.00150000000000 
0.05958473161605 0.01987042994019 0.02007699466946 0.01533434128304 0.01271415405387 0.03404936518910 0.01984563412839 0.02841774732258 0.02354127232802 0.10625207359032 0.11004639355665 0.02555290853959 0.00140000000000 0.01658636774079 0.00180000000000 0.03099275634844 0.03353390992027 0.01852879467701 0.01690225907585 0.00930000000000 0.01650430758006 0.05729458677847 0.02309639061789 0.02415093207520 0.09894355044767 0.03429259382830 0.12183652418825 0.02266396485916 0.00150000000000 0.02334903224705 0.01933047248697 0.03802996132560 
0.00170000000000 0.01547799627250 0.00220000000000 0.01919661842359 0.00130000000000 0.00150000000000 0.00140000000000 0.00190000000000 0.01769133949561 0.03838239876506 0.03087265201690 0.10784787799544 0.00150000000000 0.01320749334377 0.00180000000000 0.01985654415015 0.00120000000000 0.00130000000000 0.00130000000000 0.00140000000000 0.00110000000000 0.00110000000000 0.00110000000000 0.00120000000000 0.00130000000000 0.00150000000000 0.00150000000000 0.00180000000000 0.00110000000000 0.00120000000000 0.00120000000000 0.00130000000000 
M_out
1 1 1 1 1 0 0 0 0 0 0 0 0 0 0 0 0 0 0 0 0 0 0 0 0 0 0 0 0 0 0 0 0 0 0 0 0 0 0 0 0 0 0 0 0 0 0 0 0 0 0 0 0 0 0 0 0 0 0 0 0 0 0 0 0 0 0 0 0 0 0 0 0 0 0 0 0 0 0 0 0 0 0 0 0 0 0 0 0 0 0 0 0 0 0 0 0 0 0 0 
0 1 1 1 1 1 0 0 0 0 0 0 0 0 0 0 0 0 0 0 0 0 0 0 0 0 0 0 0 0 0 0 0 0 0 0 0 0 0 0 0 0 0 0 0 0 0 0 0 0 0 0 0 0 0 0 0 0 0 0 0 0 0 0 0 0 0 0 0 0 0 0 0 0 0 0 0 0 0 0 0 0 0 0 0 0 0 0 0 0 0 0 0 0 0 0 0 0 0 0 
0 0 1 1 1 1 1 0 0 0 0 0 0 0 0 0 0 0 0 0 0 0 0 0 0 0 0 0 0 0 0 0 0 0 0 0 0 0 0 0 0 0 0 0 0 0 0 0 0 0 0 0 0 0 0 0 0 0 0 0 0 0 0 0 0 0 0 0 0 0 0 0 0 0 0 0 0 0 0 0 0 0 0 0 0 0 0 0 0 0 0 0 0 0 0 0 0 0 0 0 
0 0 0 1 1 1 1 1 0 0 0 0 0 0 0 0 0 0 0 0 0 0 0 0 0 0 0 0 0 0 0 0 0 0 0 0 0 0 0 0 0 0 0 0 0 0 0 0 0 0 0 0 0 0 0 0 0 0 0 0 0 0 0 0 0 0 0 0 0 0 0 0 0 0 0 0 0 0 0 0 0 0 0 0 0 0 0 0 0 0 0 0 0 0 0 0 0 0 0 0 
0 0 0 0 1 1 1 1 1 0 0 0 0 0 0 0 0 0 0 0 0 0 0 0 0 0 0 0 0 0 0 0 0 0 0 0 0 0 0 0 0 0 0 0 0 0 0 0 0 0 0 0 0 0 0 0 0 0 0 0 0 0 0 0 0 0 0 0 0 0 0 0 0 0 0 0 0 0 0 0 0 0 0 0 0 0 0 0 0 0 0 0 0 0 0 0 0 0 0 0 
0 0 0 0 0 1 1 1 1 1 0 0 0 0 0 0 0 0 0 0 0 0 0 0 0 0 0 0 0 0 0 0 0 0 0 0 0 0 0 0 0 0 0 0 0 0 0 0 0 0 0 0 0 0 0 0 0 0 0 0 0 0 0 0 0 0 0 0 0 0 0 0 0 0 0 0 0 0 0 0 0 0 0 0 0 0 0 0 0 0 0 0 0 0 0 0 0 0 0 0 
0 0 0 0 0 0 1 1 1 1 1 0 0 0 0 0 0 0 0 0 0 0 0 0 0 0 0 0 0 0 0 0 0 0 0 0 0 0 0 0 0 0 0 0 0 0 0 0 0 0 0 0 0 0 0 0 0 0 0 0 0 0 0 0 0 0 0 0 0 0 0 0 0 0 0 0 0 0 0 0 0 0 0 0 0 0 0 0 0 0 0 0 0 0 0 0 0 0 0 0 
0 0 0 0 0 0 0 1 1 1 1 1 0 0 0 0 0 0 0 0 0 0 0 0 0 0 0 0 0 0 0 0 0 0 0 0 0 0 0 0 0 0 0 0 0 0 0 0 0 0 0 0 0 0 0 0 0 0 0 0 0 0 0 0 0 0 0 0 0 0 0 0 0 0 0 0 0 0 0 0 0 0 0 0 0 0 0 0 0 0 0 0 0 0 0 0 0 0 0 0 
0 0 0 0 0 0 0 0 1 1 1 1 1 0 0 0 0 0 0 0 0 0 0 0 0 0 0 0 0 0 0 0 0 0 0 0 0 0 0 0 0 0 0 0 0 0 0 0 0 0 0 0 0 0 0 0 0 0 0 0 0 0 0 0 0 0 0 0 0 0 0 0 0 0 0 0 0 0 0 0 0 0 0 0 0 0 0 0 0 0 0 0 0 0 0 0 0 0 0 0 
0 0 0 0 0 0 0 0 0 1 1 1 1 1 0 0 0 0 0 0 0 0 0 0 0 0 0 0 0 0 0 0 0 0 0 0 0 0 0 0 0 0 0 0 0 0 0 0 0 0 0 0 0 0 0 0 0 0 0 0 0 0 0 0 0 0 0 0 0 0 0 0 0 0 0 0 0 0 0 0 0 0 0 0 0 0 0 0 0 0 0 0 0 0 0 0 0 0 0 0 
0 0 0 0 0 0 0 0 0 0 1 1 1 1 1 0 0 0 0 0 0 0 0 0 0 0 0 0 0 0 0 0 0 0 0 0 0 0 0 0 0 0 0 0 0 0 0 0 0 0 0 0 0 0 0 0 0 0 0 0 0 0 0 0 0 0 0 0 0 0 0 0 0 0 0 0 0 0 0 0 0 0 0 0 0 0 0 0 0 0 0 0 0 0 0 0 0 0 0 0 
0 0 0 0 0 0 0 0 0 0 0 1 1 1 1 1 0 0 0 0 0 0 0 0 0 0 0 0 0 0 0 0 0 0 0 0 0 0 0 0 0 0 0 0 0 0 0 0 0 0 0 0 0 0 0 0 0 0 0 0 0 0 0 0 0 0 0 0 0 0 0 0 0 0 0 0 0 0 0 0 0 0 0 0 0 0 0 0 0 0 0 0 0 0 0 0 0 0 0 0 
0 0 0 0 0 0 0 0 0 0 0 0 1 1 1 1 1 0 0 0 0 0 0 0 0 0 0 0 0 0 0 0 0 0 0 0 0 0 0 0 0 0 0 0 0 0 0 0 0 0 0 0 0 0 0 0 0 0 0 0 0 0 0 0 0 0 0 0 0 0 0 0 0 0 0 0 0 0 0 0 0 0 0 0 0 0 0 0 0 0 0 0 0 0 0 0 0 0 0 0 
0 0 0 0 0 0 0 0 0 0 0 0 0 1 1 1 1 1 0 0 0 0 0 0 0 0 0 0 0 0 0 0 0 0 0 0 0 0 0 0 0 0 0 0 0 0 0 0 0 0 0 0 0 0 0 0 0 0 0 0 0 0 0 0 0 0 0 0 0 0 0 0 0 0 0 0 0 0 0 0 0 0 0 0 0 0 0 0 0 0 0 0 0 0 0 0 0 0 0 0 
0 0 0 0 0 0 0 0 0 0 0 0 0 0 1 1 1 1 1 0 0 0 0 0 0 0 0 0 0 0 0 0 0 0 0 0 0 0 0 0 0 0 0 0 0 0 0 0 0 0 0 0 0 0 0 0 0 0 0 0 0 0 0 0 0 0 0 0 0 0 0 0 0 0 0 0 0 0 0 0 0 0 0 0 0 0 0 0 0 0 0 0 0 0 0 0 0 0 0 0 
0 0 0 0 0 0 0 0 0 0 0 0 0 0 0 1 1 1 1 1 0 0 0 0 0 0 0 0 0 0 0 0 0 0 0 0 0 0 0 0 0 0 0 0 0 0 0 0 0 0 0 0 0 0 0 0 0 0 0 0 0 0 0 0 0 0 0 0 0 0 0 0 0 0 0 0 0 0 0 0 0 0 0 0 0 0 0 0 0 0 0 0 0 0 0 0 0 0 0 0 
0 0 0 0 0 0 0 0 0 0 0 0 0 0 0 0 1 1 1 1 1 0 0 0 0 0 0 0 0 0 0 0 0 0 0 0 0 0 0 0 0 0 0 0 0 0 0 0 0 0 0 0 0 0 0 0 0 0 0 0 0 0 0 0 0 0 0 0 0 0 0 0 0 0 0 0 0 0 0 0 0 0 0 0 0 0 0 0 0 0 0 0 0 0 0 0 0 0 0 0 
0 0 0 0 0 0 0 0 0 0 0 0 0 0 0 0 0 1 1 1 1 1 0 0 0 0 0 0 0 0 0 0 0 0 0 0 0 0 0 0 0 0 0 0 0 0 0 0 0 0 0 0 0 0 0 0 0 0 0 0 0 0 0 0 0 0 0 0 0 0 0 0 0 0 0 0 0 0 0 0 0 0 0 0 0 0 0 0 0 0 0 0 0 0 0 0 0 0 0 0 
0 0 0 0 0 0 0 0 0 0 0 0 0 0 0 0 0 0 1 1 1 1 1 0 0 0 0 0 0 0 0 0 0 0 0 0 0 0 0 0 0 0 0 0 0 0 0 0 0 0 0 0 0 0 0 0 0 0 0 0 0 0 0 0 0 0 0 0 0 0 0 0 0 0 0 0 0 0 0 0 0 0 0 0 0 0 0 0 0 0 0 0 0 0 0 0 0 0 0 0 
0 0 0 0 0 0 0 0 0 0 0 0 0 0 0 0 0 0 0 1 1 1 1 1 0 0 0 0 0 0 0 0 0 0 0 0 0 0 0 0 0 0 0 0 0 0 0 0 0 0 0 0 0 0 0 0 0 0 0 0 0 0 0 0 0 0 0 0 0 0 0 0 0 0 0 0 0 0 0 0 0 0 0 0 0 0 0 0 0 0 0 0 0 0 0 0 0 0 0 0 
0 0 0 0 0 0 0 0 0 0 0 0 0 0 0 0 0 0 0 0 1 1 1 1 1 0 0 0 0 0 0 0 0 0 0 0 0 0 0 0 0 0 0 0 0 0 0 0 0 0 0 0 0 0 0 0 0 0 0 0 0 0 0 0 0 0 0 0 0 0 0 0 0 0 0 0 0 0 0 0 0 0 0 0 0 0 0 0 0 0 0 0 0 0 0 0 0 0 0 0 
0 0 0 0 0 0 0 0 0 0 0 0 0 0 0 0 0 0 0 0 0 1 1 1 1 1 0 0 0 0 0 0 0 0 0 0 0 0 0 0 0 0 0 0 0 0 0 0 0 0 0 0 0 0 0 0 0 0 0 0 0 0 0 0 0 0 0 0 0 0 0 0 0 0 0 0 0 0 0 0 0 0 0 0 0 0 0 0 0 0 0 0 0 0 0 0 0 0 0 0 
0 0 0 0 0 0 0 0 0 0 0 0 0 0 0 0 0 0 0 0 0 0 1 1 1 1 1 0 0 0 0 0 0 0 0 0 0 0 0 0 0 0 0 0 0 0 0 0 0 0 0 0 0 0 0 0 0 0 0 0 0 0 0 0 0 0 0 0 0 0 0 0 0 0 0 0 0 0 0 0 0 0 0 0 0 0 0 0 0 0 0 0 0 0 0 0 0 0 0 0 
0 0 0 0 0 0 0 0 0 0 0 0 0 0 0 0 0 0 0 0 0 0 0 1 1 1 1 1 0 0 0 0 0 0 0 0 0 0 0 0 0 0 0 0 0 0 0 0 0 0 0 0 0 0 0 0 0 0 0 0 0 0 0 0 0 0 0 0 0 0 0 0 0 0 0 0 0 0 0 0 0 0 0 0 0 0 0 0 0 0 0 0 0 0 0 0 0 0 0 0 
0 0 0 0 0 0 0 0 0 0 0 0 0 0 0 0 0 0 0 0 0 0 0 0 1 1 1 1 1 0 0 0 0 0 0 0 0 0 0 0 0 0 0 0 0 0 0 0 0 0 0 0 0 0 0 0 0 0 0 0 0 0 0 0 0 0 0 0 0 0 0 0 0 0 0 0 0 0 0 0 0 0 0 0 0 0 0 0 0 0 0 0 0 0 0 0 0 0 0 0 
0 0 0 0 0 0 0 0 0 0 0 0 0 0 0 0 0 0 0 0 0 0 0 0 0 1 1 1 1 1 0 0 0 0 0 0 0 0 0 0 0 0 0 0 0 0 0 0 0 0 0 0 0 0 0 0 0 0 0 0 0 0 0 0 0 0 0 0 0 0 0 0 0 0 0 0 0 0 0 0 0 0 0 0 0 0 0 0 0 0 0 0 0 0 0 0 0 0 0 0 
0 0 0 0 0 0 0 0 0 0 0 0 0 0 0 0 0 0 0 0 0 0 0 0 0 0 1 1 1 1 1 0 0 0 0 0 0 0 0 0 0 0 0 0 0 0 0 0 0 0 0 0 0 0 0 0 0 0 0 0 0 0 0 0 0 0 0 0 0 0 0 0 0 0 0 0 0 0 0 0 0 0 0 0 0 0 0 0 0 0 0 0 0 0 0 0 0 0 0 0 
0 0 0 0 0 0 0 0 0 0 0 0 0 0 0 0 0 0 0 0 0 0 0 0 0 0 0 1 1 1 1 1 0 0 0 0 0 0 0 0 0 0 0 0 0 0 0 0 0 0 0 0 0 0 0 0 0 0 0 0 0 0 0 0 0 0 0 0 0 0 0 0 0 0 0 0 0 0 0 0 0 0 0 0 0 0 0 0 0 0 0 0 0 0 0 0 0 0 0 0 
0 0 0 0 0 0 0 0 0 0 0 0 0 0 0 0 0 0 0 0 0 0 0 0 0 0 0 0 1 1 1 1 1 0 0 0 0 0 0 0 0 0 0 0 0 0 0 0 0 0 0 0 0 0 0 0 0 0 0 0 0 0 0 0 0 0 0 0 0 0 0 0 0 0 0 0 0 0 0 0 0 0 0 0 0 0 0 0 0 0 0 0 0 0 0 0 0 0 0 0 
0 0 0 0 0 0 0 0 0 0 0 0 0 0 0 0 0 0 0 0 0 0 0 0 0 0 0 0 0 1 1 1 1 1 0 0 0 0 0 0 0 0 0 0 0 0 0 0 0 0 0 0 0 0 0 0 0 0 0 0 0 0 0 0 0 0 0 0 0 0 0 0 0 0 0 0 0 0 0 0 0 0 0 0 0 0 0 0 0 0 0 0 0 0 0 0 0 0 0 0 
0 0 0 0 0 0 0 0 0 0 0 0 0 0 0 0 0 0 0 0 0 0 0 0 0 0 0 0 0 0 1 1 1 1 1 0 0 0 0 0 0 0 0 0 0 0 0 0 0 0 0 0 0 0 0 0 0 0 0 0 0 0 0 0 0 0 0 0 0 0 0 0 0 0 0 0 0 0 0 0 0 0 0 0 0 0 0 0 0 0 0 0 0 0 0 0 0 0 0 0 
0 0 0 0 0 0 0 0 0 0 0 0 0 0 0 0 0 0 0 0 0 0 0 0 0 0 0 0 0 0 0 1 1 1 1 1 0 0 0 0 0 0 0 0 0 0 0 0 0 0 0 0 0 0 0 0 0 0 0 0 0 0 0 0 0 0 0 0 0 0 0 0 0 0 0 0 0 0 0 0 0 0 0 0 0 0 0 0 0 0 0 0 0 0 0 0 0 0 0 0 
0 0 0 0 0 0 0 0 0 0 0 0 0 0 0 0 0 0 0 0 0 0 0 0 0 0 0 0 0 0 0 0 1 1 1 1 1 0 0 0 0 0 0 0 0 0 0 0 0 0 0 0 0 0 0 0 0 0 0 0 0 0 0 0 0 0 0 0 0 0 0 0 0 0 0 0 0 0 0 0 0 0 0 0 0 0 0 0 0 0 0 0 0 0 0 0 0 0 0 0 
0 0 0 0 0 0 0 0 0 0 0 0 0 0 0 0 0 0 0 0 0 0 0 0 0 0 0 0 0 0 0 0 0 1 1 1 1 1 0 0 0 0 0 0 0 0 0 0 0 0 0 0 0 0 0 0 0 0 0 0 0 0 0 0 0 0 0 0 0 0 0 0 0 0 0 0 0 0 0 0 0 0 0 0 0 0 0 0 0 0 0 0 0 0 0 0 0 0 0 0 
0 0 0 0 0 0 0 0 0 0 0 0 0 0 0 0 0 0 0 0 0 0 0 0 0 0 0 0 0 0 0 0 0 0 1 1 1 1 1 0 0 0 0 0 0 0 0 0 0 0 0 0 0 0 0 0 0 0 0 0 0 0 0 0 0 0 0 0 0 0 0 0 0 0 0 0 0 0 0 0 0 0 0 0 0 0 0 0 0 0 0 0 0 0 0 0 0 0 0 0 
0 0 0 0 0 0 0 0 0 0 0 0 0 0 0 0 0 0 0 0 0 0 0 0 0 0 0 0 0 0 0 0 0 0 0 1 1 1 1 1 0 0 0 0 0 0 0 0 0 0 0 0 0 0 0 0 0 0 0 0 0 0 0 0 0 0 0 0 0 0 0 0 0 0 0 0 0 0 0 0 0 0 0 0 0 0 0 0 0 0 0 0 0 0 0 0 0 0 0 0 
0 0 0 0 0 0 0 0 0 0 0 0 0 0 0 0 0 0 0 0 0 0 0 0 0 0 0 0 0 0 0 0 0 0 0 0 1 1 1 1 1 0 0 0 0 0 0 0 0 0 0 0 0 0 0 0 0 0 0 0 0 0 0 0 0 0 0 0 0 0 0 0 0 0 0 0 0 0 0 0 0 0 0 0 0 0 0 0 0 0 0 0 0 0 0 0 0 0 0 0 
0 0 0 0 0 0 0 0 0 0 0 0 0 0 0 0 0 0 0 0 0 0 0 0 0 0 0 0 0 0 0 0 0 0 0 0 0 1 1 1 1 1 0 0 0 0 0 0 0 0 0 0 0 0 0 0 0 0 0 0 0 0 0 0 0 0 0 0 0 0 0 0 0 0 0 0 0 0 0 0 0 0 0 0 0 0 0 0 0 0 0 0 0 0 0 0 0 0 0 0 
0 0 0 0 0 0 0 0 0 0 0 0 0 0 0 0 0 0 0 0 0 0 0 0 0 0 0 0 0 0 0 0 0 0 0 0 0 0 1 1 1 1 1 0 0 0 0 0 0 0 0 0 0 0 0 0 0 0 0 0 0 0 0 0 0 0 0 0 0 0 0 0 0 0 0 0 0 0 0 0 0 0 0 0 0 0 0 0 0 0 0 0 0 0 0 0 0 0 0 0 
0 0 0 0 0 0 0 0 0 0 0 0 0 0 0 0 0 0 0 0 0 0 0 0 0 0 0 0 0 0 0 0 0 0 0 0 0 0 0 1 1 1 1 1 0 0 0 0 0 0 0 0 0 0 0 0 0 0 0 0 0 0 0 0 0 0 0 0 0 0 0 0 0 0 0 0 0 0 0 0 0 0 0 0 0 0 0 0 0 0 0 0 0 0 0 0 0 0 0 0 
0 0 0 0 0 0 0 0 0 0 0 0 0 0 0 0 0 0 0 0 0 0 0 0 0 0 0 0 0 0 0 0 0 0 0 0 0 0 0 0 1 1 1 1 1 0 0 0 0 0 0 0 0 0 0 0 0 0 0 0 0 0 0 0 0 0 0 0 0 0 0 0 0 0 0 0 0 0 0 0 0 0 0 0 0 0 0 0 0 0 0 0 0 0 0 0 0 0 0 0 
0 0 0 0 0 0 0 0 0 0 0 0 0 0 0 0 0 0 0 0 0 0 0 0 0 0 0 0 0 0 0 0 0 0 0 0 0 0 0 0 0 1 1 1 1 1 0 0 0 0 0 0 0 0 0 0 0 0 0 0 0 0 0 0 0 0 0 0 0 0 0 0 0 0 0 0 0 0 0 0 0 0 0 0 0 0 0 0 0 0 0 0 0 0 0 0 0 0 0 0 
0 0 0 0 0 0 0 0 0 0 0 0 0 0 0 0 0 0 0 0 0 0 0 0 0 0 0 0 0 0 0 0 0 0 0 0 0 0 0 0 0 0 1 1 1 1 1 0 0 0 0 0 0 0 0 0 0 0 0 0 0 0 0 0 0 0 0 0 0 0 0 0 0 0 0 0 0 0 0 0 0 0 0 0 0 0 0 0 0 0 0 0 0 0 0 0 0 0 0 0 
0 0 0 0 0 0 0 0 0 0 0 0 0 0 0 0 0 0 0 0 0 0 0 0 0 0 0 0 0 0 0 0 0 0 0 0 0 0 0 0 0 0 0 1 1 1 1 1 0 0 0 0 0 0 0 0 0 0 0 0 0 0 0 0 0 0 0 0 0 0 0 0 0 0 0 0 0 0 0 0 0 0 0 0 0 0 0 0 0 0 0 0 0 0 0 0 0 0 0 0 
0 0 0 0 0 0 0 0 0 0 0 0 0 0 0 0 0 0 0 0 0 0 0 0 0 0 0 0 0 0 0 0 0 0 0 0 0 0 0 0 0 0 0 0 1 1 1 1 1 0 0 0 0 0 0 0 0 0 0 0 0 0 0 0 0 0 0 0 0 0 0 0 0 0 0 0 0 0 0 0 0 0 0 0 0 0 0 0 0 0 0 0 0 0 0 0 0 0 0 0 
0 0 0 0 0 0 0 0 0 0 0 0 0 0 0 0 0 0 0 0 0 0 0 0 0 0 0 0 0 0 0 0 0 0 0 0 0 0 0 0 0 0 0 0 0 1 1 1 1 1 0 0 0 0 0 0 0 0 0 0 0 0 0 0 0 0 0 0 0 0 0 0 0 0 0 0 0 0 0 0 0 0 0 0 0 0 0 0 0 0 0 0 0 0 0 0 0 0 0 0 
0 0 0 0 0 0 0 0 0 0 0 0 0 0 0 0 0 0 0 0 0 0 0 0 0 0 0 0 0 0 0 0 0 0 0 0 0 0 0 0 0 0 0 0 0 0 1 1 1 1 1 0 0 0 0 0 0 0 0 0 0 0 0 0 0 0 0 0 0 0 0 0 0 0 0 0 0 0 0 0 0 0 0 0 0 0 0 0 0 0 0 0 0 0 0 0 0 0 0 0 
0 0 0 0 0 0 0 0 0 0 0 0 0 0 0 0 0 0 0 0 0 0 0 0 0 0 0 0 0 0 0 0 0 0 0 0 0 0 0 0 0 0 0 0 0 0 0 1 1 1 1 1 0 0 0 0 0 0 0 0 0 0 0 0 0 0 0 0 0 0 0 0 0 0 0 0 0 0 0 0 0 0 0 0 0 0 0 0 0 0 0 0 0 0 0 0 0 0 0 0 
0 0 0 0 0 0 0 0 0 0 0 0 0 0 0 0 0 0 0 0 0 0 0 0 0 0 0 0 0 0 0 0 0 0 0 0 0 0 0 0 0 0 0 0 0 0 0 0 1 1 1 1 1 0 0 0 0 0 0 0 0 0 0 0 0 0 0 0 0 0 0 0 0 0 0 0 0 0 0 0 0 0 0 0 0 0 0 0 0 0 0 0 0 0 0 0 0 0 0 0 
0 0 0 0 0 0 0 0 0 0 0 0 0 0 0 0 0 0 0 0 0 0 0 0 0 0 0 0 0 0 0 0 0 0 0 0 0 0 0 0 0 0 0 0 0 0 0 0 0 1 1 1 1 1 0 0 0 0 0 0 0 0 0 0 0 0 0 0 0 0 0 0 0 0 0 0 0 0 0 0 0 0 0 0 0 0 0 0 0 0 0 0 0 0 0 0 0 0 0 0 
0 0 0 0 0 0 0 0 0 0 0 0 0 0 0 0 0 0 0 0 0 0 0 0 0 0 0 0 0 0 0 0 0 0 0 0 0 0 0 0 0 0 0 0 0 0 0 0 0 0 1 1 1 1 1 0 0 0 0 0 0 0 0 0 0 0 0 0 0 0 0 0 0 0 0 0 0 0 0 0 0 0 0 0 0 0 0 0 0 0 0 0 0 0 0 0 0 0 0 0 
0 0 0 0 0 0 0 0 0 0 0 0 0 0 0 0 0 0 0 0 0 0 0 0 0 0 0 0 0 0 0 0 0 0 0 0 0 0 0 0 0 0 0 0 0 0 0 0 0 0 0 1 1 1 1 1 0 0 0 0 0 0 0 0 0 0 0 0 0 0 0 0 0 0 0 0 0 0 0 0 0 0 0 0 0 0 0 0 0 0 0 0 0 0 0 0 0 0 0 0 
0 0 0 0 0 0 0 0 0 0 0 0 0 0 0 0 0 0 0 0 0 0 0 0 0 0 0 0 0 0 0 0 0 0 0 0 0 0 0 0 0 0 0 0 0 0 0 0 0 0 0 0 1 1 1 1 1 0 0 0 0 0 0 0 0 0 0 0 0 0 0 0 0 0 0 0 0 0 0 0 0 0 0 0 0 0 0 0 0 0 0 0 0 0 0 0 0 0 0 0 
0 0 0 0 0 0 0 0 0 0 0 0 0 0 0 0 0 0 0 0 0 0 0 0 0 0 0 0 0 0 0 0 0 0 0 0 0 0 0 0 0 0 0 0 0 0 0 0 0 0 0 0 0 1 1 1 1 1 0 0 0 0 0 0 0 0 0 0 0 0 0 0 0 0 0 0 0 0 0 0 0 0 0 0 0 0 0 0 0 0 0 0 0 0 0 0 0 0 0 0 
0 0 0 0 0 0 0 0 0 0 0 0 0 0 0 0 0 0 0 0 0 0 0 0 0 0 0 0 0 0 0 0 0 0 0 0 0 0 0 0 0 0 0 0 0 0 0 0 0 0 0 0 0 0 1 1 1 1 1 0 0 0 0 0 0 0 0 0 0 0 0 0 0 0 0 0 0 0 0 0 0 0 0 0 0 0 0 0 0 0 0 0 0 0 0 0 0 0 0 0 
0 0 0 0 0 0 0 0 0 0 0 0 0 0 0 0 0 0 0 0 0 0 0 0 0 0 0 0 0 0 0 0 0 0 0 0 0 0 0 0 0 0 0 0 0 0 0 0 0 0 0 0 0 0 0 1 1 1 1 1 0 0 0 0 0 0 0 0 0 0 0 0 0 0 0 0 0 0 0 0 0 0 0 0 0 0 0 0 0 0 0 0 0 0 0 0 0 0 0 0 
0 0 0 0 0 0 0 0 0 0 0 0 0 0 0 0 0 0 0 0 0 0 0 0 0 0 0 0 0 0 0 0 0 0 0 0 0 0 0 0 0 0 0 0 0 0 0 0 0 0 0 0 0 0 0 0 1 1 1 1 1 0 0 0 0 0 0 0 0 0 0 0 0 0 0 0 0 0 0 0 0 0 0 0 0 0 0 0 0 0 0 0 0 0 0 0 0 0 0 0 
0 0 0 0 0 0 0 0 0 0 0 0 0 0 0 0 0 0 0 0 0 0 0 0 0 0 0 0 0 0 0 0 0 0 0 0 0 0 0 0 0 0 0 0 0 0 0 0 0 0 0 0 0 0 0 0 0 1 1 1 1 1 0 0 0 0 0 0 0 0 0 0 0 0 0 0 0 0 0 0 0 0 0 0 0 0 0 0 0 0 0 0 0 0 0 0 0 0 0 0 
0 0 0 0 0 0 0 0 0 0 0 0 0 0 0 0 0 0 0 0 0 0 0 0 0 0 0 0 0 0 0 0 0 0 0 0 0 0 0 0 0 0 0 0 0 0 0 0 0 0 0 0 0 0 0 0 0 0 1 1 1 1 1 0 0 0 0 0 0 0 0 0 0 0 0 0 0 0 0 0 0 0 0 0 0 0 0 0 0 0 0 0 0 0 0 0 0 0 0 0 
0 0 0 0 0 0 0 0 0 0 0 0 0 0 0 0 0 0 0 0 0 0 0 0 0 0 0 0 0 0 0 0 0 0 0 0 0 0 0 0 0 0 0 0 0 0 0 0 0 0 0 0 0 0 0 0 0 0 0 1 1 1 1 1 0 0 0 0 0 0 0 0 0 0 0 0 0 0 0 0 0 0 0 0 0 0 0 0 0 0 0 0 0 0 0 0 0 0 0 0 
0 0 0 0 0 0 0 0 0 0 0 0 0 0 0 0 0 0 0 0 0 0 0 0 0 0 0 0 0 0 0 0 0 0 0 0 0 0 0 0 0 0 0 0 0 0 0 0 0 0 0 0 0 0 0 0 0 0 0 0 1 1 1 1 1 0 0 0 0 0 0 0 0 0 0 0 0 0 0 0 0 0 0 0 0 0 0 0 0 0 0 0 0 0 0 0 0 0 0 0 
0 0 0 0 0 0 0 0 0 0 0 0 0 0 0 0 0 0 0 0 0 0 0 0 0 0 0 0 0 0 0 0 0 0 0 0 0 0 0 0 0 0 0 0 0 0 0 0 0 0 0 0 0 0 0 0 0 0 0 0 0 1 1 1 1 1 0 0 0 0 0 0 0 0 0 0 0 0 0 0 0 0 0 0 0 0 0 0 0 0 0 0 0 0 0 0 0 0 0 0 
0 0 0 0 0 0 0 0 0 0 0 0 0 0 0 0 0 0 0 0 0 0 0 0 0 0 0 0 0 0 0 0 0 0 0 0 0 0 0 0 0 0 0 0 0 0 0 0 0 0 0 0 0 0 0 0 0 0 0 0 0 0 1 1 1 1 1 0 0 0 0 0 0 0 0 0 0 0 0 0 0 0 0 0 0 0 0 0 0 0 0 0 0 0 0 0 0 0 0 0 
0 0 0 0 0 0 0 0 0 0 0 0 0 0 0 0 0 0 0 0 0 0 0 0 0 0 0 0 0 0 0 0 0 0 0 0 0 0 0 0 0 0 0 0 0 0 0 0 0 0 0 0 0 0 0 0 0 0 0 0 0 0 0 1 1 1 1 1 0 0 0 0 0 0 0 0 0 0 0 0 0 0 0 0 0 0 0 0 0 0 0 0 0 0 0 0 0 0 0 0 
0 0 0 0 0 0 0 0 0 0 0 0 0 0 0 0 0 0 0 0 0 0 0 0 0 0 0 0 0 0 0 0 0 0 0 0 0 0 0 0 0 0 0 0 0 0 0 0 0 0 0 0 0 0 0 0 0 0 0 0 0 0 0 0 1 1 1 1 1 0 0 0 0 0 0 0 0 0 0 0 0 0 0 0 0 0 0 0 0 0 0 0 0 0 0 0 0 0 0 0 
0 0 0 0 0 0 0 0 0 0 0 0 0 0 0 0 0 0 0 0 0 0 0 0 0 0 0 0 0 0 0 0 0 0 0 0 0 0 0 0 0 0 0 0 0 0 0 0 0 0 0 0 0 0 0 0 0 0 0 0 0 0 0 0 0 1 1 1 1 1 0 0 0 0 0 0 0 0 0 0 0 0 0 0 0 0 0 0 0 0 0 0 0 0 0 0 0 0 0 0 
0 0 0 0 0 0 0 0 0 0 0 0 0 0 0 0 0 0 0 0 0 0 0 0 0 0 0 0 0 0 0 0 0 0 0 0 0 0 0 0 0 0 0 0 0 0 0 0 0 0 0 0 0 0 0 0 0 0 0 0 0 0 0 0 0 0 1 1 1 1 1 0 0 0 0 0 0 0 0 0 0 0 0 0 0 0 0 0 0 0 0 0 0 0 0 0 0 0 0 0 
0 0 0 0 0 0 0 0 0 0 0 0 0 0 0 0 0 0 0 0 0 0 0 0 0 0 0 0 0 0 0 0 0 0 0 0 0 0 0 0 0 0 0 0 0 0 0 0 0 0 0 0 0 0 0 0 0 0 0 0 0 0 0 0 0 0 0 1 1 1 1 1 0 0 0 0 0 0 0 0 0 0 0 0 0 0 0 0 0 0 0 0 0 0 0 0 0 0 0 0 
0 0 0 0 0 0 0 0 0 0 0 0 0 0 0 0 0 0 0 0 0 0 0 0 0 0 0 0 0 0 0 0 0 0 0 0 0 0 0 0 0 0 0 0 0 0 0 0 0 0 0 0 0 0 0 0 0 0 0 0 0 0 0 0 0 0 0 0 1 1 1 1 1 0 0 0 0 0 0 0 0 0 0 0 0 0 0 0 0 0 0 0 0 0 0 0 0 0 0 0 
0 0 0 0 0 0 0 0 0 0 0 0 0 0 0 0 0 0 0 0 0 0 0 0 0 0 0 0 0 0 0 0 0 0 0 0 0 0 0 0 0 0 0 0 0 0 0 0 0 0 0 0 0 0 0 0 0 0 0 0 0 0 0 0 0 0 0 0 0 1 1 1 1 1 0 0 0 0 0 0 0 0 0 0 0 0 0 0 0 0 0 0 0 0 0 0 0 0 0 0 
0 0 0 0 0 0 0 0 0 0 0 0 0 0 0 0 0 0 0 0 0 0 0 0 0 0 0 0 0 0 0 0 0 0 0 0 0 0 0 0 0 0 0 0 0 0 0 0 0 0 0 0 0 0 0 0 0 0 0 0 0 0 0 0 0 0 0 0 0 0 1 1 1 1 1 0 0 0 0 0 0 0 0 0 0 0 0 0 0 0 0 0 0 0 0 0 0 0 0 0 
0 0 0 0 0 0 0 0 0 0 0 0 0 0 0 0 0 0 0 0 0 0 0 0 0 0 0 0 0 0 0 0 0 0 0 0 0 0 0 0 0 0 0 0 0 0 0 0 0 0 0 0 0 0 0 0 0 0 0 0 0 0 0 0 0 0 0 0 0 0 0 1 1 1 1 1 0 0 0 0 0 0 0 0 0 0 0 0 0 0 0 0 0 0 0 0 0 0 0 0 
0 0 0 0 0 0 0 0 0 0 0 0 0 0 0 0 0 0 0 0 0 0 0 0 0 0 0 0 0 0 0 0 0 0 0 0 0 0 0 0 0 0 0 0 0 0 0 0 0 0 0 0 0 0 0 0 0 0 0 0 0 0 0 0 0 0 0 0 0 0 0 0 1 1 1 1 1 0 0 0 0 0 0 0 0 0 0 0 0 0 0 0 0 0 0 0 0 0 0 0 
0 0 0 0 0 0 0 0 0 0 0 0 0 0 0 0 0 0 0 0 0 0 0 0 0 0 0 0 0 0 0 0 0 0 0 0 0 0 0 0 0 0 0 0 0 0 0 0 0 0 0 0 0 0 0 0 0 0 0 0 0 0 0 0 0 0 0 0 0 0 0 0 0 1 1 1 1 1 0 0 0 0 0 0 0 0 0 0 0 0 0 0 0 0 0 0 0 0 0 0 
0 0 0 0 0 0 0 0 0 0 0 0 0 0 0 0 0 0 0 0 0 0 0 0 0 0 0 0 0 0 0 0 0 0 0 0 0 0 0 0 0 0 0 0 0 0 0 0 0 0 0 0 0 0 0 0 0 0 0 0 0 0 0 0 0 0 0 0 0 0 0 0 0 0 1 1 1 1 1 0 0 0 0 0 0 0 0 0 0 0 0 0 0 0 0 0 0 0 0 0 
0 0 0 0 0 0 0 0 0 0 0 0 0 0 0 0 0 0 0 0 0 0 0 0 0 0 0 0 0 0 0 0 0 0 0 0 0 0 0 0 0 0 0 0 0 0 0 0 0 0 0 0 0 0 0 0 0 0 0 0 0 0 0 0 0 0 0 0 0 0 0 0 0 0 0 1 1 1 1 1 0 0 0 0 0 0 0 0 0 0 0 0 0 0 0 0 0 0 0 0 
0 0 0 0 0 0 0 0 0 0 0 0 0 0 0 0 0 0 0 0 0 0 0 0 0 0 0 0 0 0 0 0 0 0 0 0 0 0 0 0 0 0 0 0 0 0 0 0 0 0 0 0 0 0 0 0 0 0 0 0 0 0 0 0 0 0 0 0 0 0 0 0 0 0 0 0 1 1 1 1 1 0 0 0 0 0 0 0 0 0 0 0 0 0 0 0 0 0 0 0 
0 0 0 0 0 0 0 0 0 0 0 0 0 0 0 0 0 0 0 0 0 0 0 0 0 0 0 0 0 0 0 0 0 0 0 0 0 0 0 0 0 0 0 0 0 0 0 0 0 0 0 0 0 0 0 0 0 0 0 0 0 0 0 0 0 0 0 0 0 0 0 0 0 0 0 0 0 1 1 1 1 1 0 0 0 0 0 0 0 0 0 0 0 0 0 0 0 0 0 0 
0 0 0 0 0 0 0 0 0 0 0 0 0 0 0 0 0 0 0 0 0 0 0 0 0 0 0 0 0 0 0 0 0 0 0 0 0 0 0 0 0 0 0 0 0 0 0 0 0 0 0 0 0 0 0 0 0 0 0 0 0 0 0 0 0 0 0 0 0 0 0 0 0 0 0 0 0 0 1 1 1 1 1 0 0 0 0 0 0 0 0 0 0 0 0 0 0 0 0 0 
0 0 0 0 0 0 0 0 0 0 0 0 0 0 0 0 0 0 0 0 0 0 0 0 0 0 0 0 0 0 0 0 0 0 0 0 0 0 0 0 0 0 0 0 0 0 0 0 0 0 0 0 0 0 0 0 0 0 0 0 0 0 0 0 0 0 0 0 0 0 0 0 0 0 0 0 0 0 0 1 1 1 1 1 0 0 0 0 0 0 0 0 0 0 0 0 0 0 0 0 
0 0 0 0 0 0 0 0 0 0 0 0 0 0 0 0 0 0 0 0 0 0 0 0 0 0 0 0 0 0 0 0 0 0 0 0 0 0 0 0 0 0 0 0 0 0 0 0 0 0 0 0 0 0 0 0 0 0 0 0 0 0 0 0 0 0 0 0 0 0 0 0 0 0 0 0 0 0 0 0 1 1 1 1 1 0 0 0 0 0 0 0 0 0 0 0 0 0 0 0 
0 0 0 0 0 0 0 0 0 0 0 0 0 0 0 0 0 0 0 0 0 0 0 0 0 0 0 0 0 0 0 0 0 0 0 0 0 0 0 0 0 0 0 0 0 0 0 0 0 0 0 0 0 0 0 0 0 0 0 0 0 0 0 0 0 0 0 0 0 0 0 0 0 0 0 0 0 0 0 0 0 1 1 1 1 1 0 0 0 0 0 0 0 0 0 0 0 0 0 0 
0 0 0 0 0 0 0 0 0 0 0 0 0 0 0 0 0 0 0 0 0 0 0 0 0 0 0 0 0 0 0 0 0 0 0 0 0 0 0 0 0 0 0 0 0 0 0 0 0 0 0 0 0 0 0 0 0 0 0 0 0 0 0 0 0 0 0 0 0 0 0 0 0 0 0 0 0 0 0 0 0 0 1 1 1 1 1 0 0 0 0 0 0 0 0 0 0 0 0 0 
0 0 0 0 0 0 0 0 0 0 0 0 0 0 0 0 0 0 0 0 0 0 0 0 0 0 0 0 0 0 0 0 0 0 0 0 0 0 0 0 0 0 0 0 0 0 0 0 0 0 0 0 0 0 0 0 0 0 0 0 0 0 0 0 0 0 0 0 0 0 0 0 0 0 0 0 0 0 0 0 0 0 0 1 1 1 1 1 0 0 0 0 0 0 0 0 0 0 0 0 
0 0 0 0 0 0 0 0 0 0 0 0 0 0 0 0 0 0 0 0 0 0 0 0 0 0 0 0 0 0 0 0 0 0 0 0 0 0 0 0 0 0 0 0 0 0 0 0 0 0 0 0 0 0 0 0 0 0 0 0 0 0 0 0 0 0 0 0 0 0 0 0 0 0 0 0 0 0 0 0 0 0 0 0 1 1 1 1 1 0 0 0 0 0 0 0 0 0 0 0 
0 0 0 0 0 0 0 0 0 0 0 0 0 0 0 0 0 0 0 0 0 0 0 0 0 0 0 0 0 0 0 0 0 0 0 0 0 0 0 0 0 0 0 0 0 0 0 0 0 0 0 0 0 0 0 0 0 0 0 0 0 0 0 0 0 0 0 0 0 0 0 0 0 0 0 0 0 0 0 0 0 0 0 0 0 1 1 1 1 1 0 0 0 0 0 0 0 0 0 0 
0 0 0 0 0 0 0 0 0 0 0 0 0 0 0 0 0 0 0 0 0 0 0 0 0 0 0 0 0 0 0 0 0 0 0 0 0 0 0 0 0 0 0 0 0 0 0 0 0 0 0 0 0 0 0 0 0 0 0 0 0 0 0 0 0 0 0 0 0 0 0 0 0 0 0 0 0 0 0 0 0 0 0 0 0 0 1 1 1 1 1 0 0 0 0 0 0 0 0 0 
0 0 0 0 0 0 0 0 0 0 0 0 0 0 0 0 0 0 0 0 0 0 0 0 0 0 0 0 0 0 0 0 0 0 0 0 0 0 0 0 0 0 0 0 0 0 0 0 0 0 0 0 0 0 0 0 0 0 0 0 0 0 0 0 0 0 0 0 0 0 0 0 0 0 0 0 0 0 0 0 0 0 0 0 0 0 0 1 1 1 1 1 0 0 0 0 0 0 0 0 
0 0 0 0 0 0 0 0 0 0 0 0 0 0 0 0 0 0 0 0 0 0 0 0 0 0 0 0 0 0 0 0 0 0 0 0 0 0 0 0 0 0 0 0 0 0 0 0 0 0 0 0 0 0 0 0 0 0 0 0 0 0 0 0 0 0 0 0 0 0 0 0 0 0 0 0 0 0 0 0 0 0 0 0 0 0 0 0 1 1 1 1 1 0 0 0 0 0 0 0 
0 0 0 0 0 0 0 0 0 0 0 0 0 0 0 0 0 0 0 0 0 0 0 0 0 0 0 0 0 0 0 0 0 0 0 0 0 0 0 0 0 0 0 0 0 0 0 0 0 0 0 0 0 0 0 0 0 0 0 0 0 0 0 0 0 0 0 0 0 0 0 0 0 0 0 0 0 0 0 0 0 0 0 0 0 0 0 0 0 1 1 1 1 1 0 0 0 0 0 0 
0 0 0 0 0 0 0 0 0 0 0 0 0 0 0 0 0 0 0 0 0 0 0 0 0 0 0 0 0 0 0 0 0 0 0 0 0 0 0 0 0 0 0 0 0 0 0 0 0 0 0 0 0 0 0 0 0 0 0 0 0 0 0 0 0 0 0 0 0 0 0 0 0 0 0 0 0 0 0 0 0 0 0 0 0 0 0 0 0 0 1 1 1 1 1 0 0 0 0 0 
0 0 0 0 0 0 0 0 0 0 0 0 0 0 0 0 0 0 0 0 0 0 0 0 0 0 0 0 0 0 0 0 0 0 0 0 0 0 0 0 0 0 0 0 0 0 0 0 0 0 0 0 0 0 0 0 0 0 0 0 0 0 0 0 0 0 0 0 0 0 0 0 0 0 0 0 0 0 0 0 0 0 0 0 0 0 0 0 0 0 0 1 1 1 1 1 0 0 0 0 
0 0 0 0 0 0 0 0 0 0 0 0 0 0 0 0 0 0 0 0 0 0 0 0 0 0 0 0 0 0 0 0 0 0 0 0 0 0 0 0 0 0 0 0 0 0 0 0 0 0 0 0 0 0 0 0 0 0 0 0 0 0 0 0 0 0 0 0 0 0 0 0 0 0 0 0 0 0 0 0 0 0 0 0 0 0 0 0 0 0 0 0 1 1 1 1 1 0 0 0 
0 0 0 0 0 0 0 0 0 0 0 0 0 0 0 0 0 0 0 0 0 0 0 0 0 0 0 0 0 0 0 0 0 0 0 0 0 0 0 0 0 0 0 0 0 0 0 0 0 0 0 0 0 0 0 0 0 0 0 0 0 0 0 0 0 0 0 0 0 0 0 0 0 0 0 0 0 0 0 0 0 0 0 0 0 0 0 0 0 0 0 0 0 1 1 1 1 1 0 0 
0 0 0 0 0 0 0 0 0 0 0 0 0 0 0 0 0 0 0 0 0 0 0 0 0 0 0 0 0 0 0 0 0 0 0 0 0 0 0 0 0 0 0 0 0 0 0 0 0 0 0 0 0 0 0 0 0 0 0 0 0 0 0 0 0 0 0 0 0 0 0 0 0 0 0 0 0 0 0 0 0 0 0 0 0 0 0 0 0 0 0 0 0 0 1 1 1 1 1 0 
0 0 0 0 0 0 0 0 0 0 0 0 0 0 0 0 0 0 0 0 0 0 0 0 0 0 0 0 0 0 0 0 0 0 0 0 0 0 0 0 0 0 0 0 0 0 0 0 0 0 0 0 0 0 0 0 0 0 0 0 0 0 0 0 0 0 0 0 0 0 0 0 0 0 0 0 0 0 0 0 0 0 0 0 0 0 0 0 0 0 0 0 0 0 0 1 1 1 1 1 
1 0 0 0 0 0 0 0 0 0 0 0 0 0 0 0 0 0 0 0 0 0 0 0 0 0 0 0 0 0 0 0 0 0 0 0 0 0 0 0 0 0 0 0 0 0 0 0 0 0 0 0 0 0 0 0 0 0 0 0 0 0 0 0 0 0 0 0 0 0 0 0 0 0 0 0 0 0 0 0 0 0 0 0 0 0 0 0 0 0 0 0 0 0 0 0 1 1 1 1 
1 1 0 0 0 0 0 0 0 0 0 0 0 0 0 0 0 0 0 0 0 0 0 0 0 0 0 0 0 0 0 0 0 0 0 0 0 0 0 0 0 0 0 0 0 0 0 0 0 0 0 0 0 0 0 0 0 0 0 0 0 0 0 0 0 0 0 0 0 0 0 0 0 0 0 0 0 0 0 0 0 0 0 0 0 0 0 0 0 0 0 0 0 0 0 0 0 1 1 1 
1 1 1 0 0 0 0 0 0 0 0 0 0 0 0 0 0 0 0 0 0 0 0 0 0 0 0 0 0 0 0 0 0 0 0 0 0 0 0 0 0 0 0 0 0 0 0 0 0 0 0 0 0 0 0 0 0 0 0 0 0 0 0 0 0 0 0 0 0 0 0 0 0 0 0 0 0 0 0 0 0 0 0 0 0 0 0 0 0 0 0 0 0 0 0 0 0 0 1 1 
1 1 1 1 0 0 0 0 0 0 0 0 0 0 0 0 0 0 0 0 0 0 0 0 0 0 0 0 0 0 0 0 0 0 0 0 0 0 0 0 0 0 0 0 0 0 0 0 0 0 0 0 0 0 0 0 0 0 0 0 0 0 0 0 0 0 0 0 0 0 0 0 0 0 0 0 0 0 0 0 0 0 0 0 0 0 0 0 0 0 0 0 0 0 0 0 0 0 0 1 
