Parameters
100 4
F_el
0.06902194963458 0.01935675250612 0.02339575469281 0.02595343972869 0.02563350180716 0.02504265200205 0.01902997130495 0.04114595386265 0.10908663155880 0.01692672259417 0.02223770717442 0.02163091792013 0.02543373797470 0.02128548606016 0.01743556408713 0.03487888313860 0.03157167928193 0.02589447282355 0.02359471786239 0.03606864205419 0.02227397548000 0.03356554827692 0.01846579736685 0.04249858387138 0.03270397178909 0.02275159763880 0.02279507729245 0.03028212467651 0.02441197149561 0.02888290538182 0.01995850109673 0.09368982520874 
0.01611203896402 0.11243867282016 0.02070432852788 0.10351697423508 0.01673799356623 0.03231064267529 0.02225142229773 0.08360560448255 0.01816598873918 0.03039500813265 0.02166669050608 0.05794936798922 0.01512933698665 0.02095689803253 0.01831095690572 0.03534314771941 0.01759533945426 0.10217003363613 0.02216935708759 0.11849475693196 0.01612081786780 0.02450963490746 0.02278218879756 0.06889315545714 0.01521186168867 0.02610110069702 0.02216479763347 0.06648008573768 0.01495659362684 0.01815829084235 0.01786253646747 0.02724475357584 
0.02657816110345 0.02307858204376 0.02105036353881 0.01848112876846 0.03170166132369 0.02732582290487 0.02572038944234 0.02256508504095 0.10839491670950 0.10750907827005 0.10441891218536 0.10662308235854 0.04674543243303 0.08724468414053 0.10837689657677 0.11409146686162 0.03071897268334 0.02586815102636 0.02427582698638 0.02044317935835 0.03759884859925 0.03062131066990 0.02945499478002 0.02492902218128 0.10727980728290 0.10610371886194 0.10356779861934 0.10478911111254 0.03953849644923 0.08098716692618 0.04855068594781 0.11208528494040 
0.00150000000000 0.00160000000000 0.00180000000000 0.00170000000000 0.00170000000000 0.00170000000000 0.00200000000000 0.00190000000000 0.00120000000000 0.00120000000000 0.00120000000000 0.00120000000000 0.00130000000000 0.00130000000000 0.00130000000000 0.00130000000000 0.00130000000000 0.00130000000000 0.00140000000000 0.00140000000000 0.00140000000000 0.00140000000000 0.00150000000000 0.00150000000000 0.00110000000000 0.00110000000000 0.00110000000000 0.00110000000000 0.00120000000000 0.00120000000000 0.00120000000000 0.00120000000000 
0.00150000000000 0.00640000000000 0.00150000000000 0.00180000000000 0.00180000000000 0.01571581052861 0.00160000000000 0.01282183539325 0.00140000000000 0.00160000000000 0.00130000000000 0.00150000000000 0.00150000000000 0.00200000000000 0.00140000000000 0.00170000000000 0.01464031811867 0.01772475036051 0.00190000000000 0.01655458997096 0.01665195524686 0.02009430136257 0.01527556652052 0.01856307796879 0.00160000000000 0.01704211926056 0.00150000000000 0.01606340298298 0.00200000000000 0.01881706870800 0.00170000000000 0.01768066906150 
0.02410568095478 0.01531473719986 0.00140000000000 0.00130000000000 0.04388263327049 0.01683703265969 0.00160000000000 0.00130000000000 0.02338963421888 0.01509845697473 0.00140000000000 0.00130000000000 0.04853560971054 0.01652234717476 0.00150000000000 0.00130000000000 0.03784331895586 0.01598134719875 0.00150000000000 0.00130000000000 0.02201278970268 0.02149780252502 0.00170000000000 0.00140000000000 0.03522136453265 0.01566683232664 0.00150000000000 0.00130000000000 0.02201713623481 0.02048560870438 0.00170000000000 0.00140000000000 
0.00160000000000 0.01802913742127 0.00180000000000 0.10835082140805 0.00160000000000 0.02112589892881 0.00190000000000 0.10233438356490 0.02840564019718 0.02378948431890 0.10740146412482 0.02249827353225 0.03046288658245 0.10411532661453 0.10282200684776 0.10330661278306 0.00150000000000 0.01808264811488 0.00170000000000 0.10238131216774 0.00150000000000 0.02171008895232 0.00170000000000 0.10223999490558 0.02921822926617 0.02521704346535 0.10317699003620 0.02386386648509 0.03316255138667 0.10531155039907 0.10211999830953 0.10432816062304 
0.02173971696422 0.02024774880265 0.04789387794775 0.10238390531069 0.01704765939498 0.00220000000000 0.02006327268087 0.01962918041400 0.02010562066115 0.01894494808274 0.02860861170429 0.02558180358794 0.01348773337851 0.01330859130371 0.01925203485175 0.01890102216848 0.00210000000000 0.01582592810371 0.01498182693949 0.01772278069923 0.02797895458899 0.10397229260613 0.08785724653364 0.10281626089254 0.00650000000000 0.01528635756819 0.01462612027427 0.01703088076211 0.02735141090874 0.11249529802411 0.02746207793995 0.10536148255038 
0.01649207967063 0.01850729276338 0.02339172846844 0.03591585839715 0.01658576082479 0.01870587380685 0.02452790276198 0.04231359329197 0.00170000000000 0.00610000000000 0.00630000000000 0.01326324302968 0.00170000000000 0.00620000000000 0.00640000000000 0.01337354301434 0.00340000000000 0.00800000000000 0.00700000000000 0.00670000000000 0.00350000000000 0.00810000000000 0.00680000000000 0.00650000000000 0.00170000000000 0.00190000000000 0.00240000000000 0.00280000000000 0.00170000000000 0.00190000000000 0.00240000000000 0.00280000000000 
0.02380149773662 0.03029310225404 0.03303675546759 0.10193391965720 0.00180000000000 0.00140000000000 0.00160000000000 0.00140000000000 0.02218602386134 0.03440145002121 0.02544724364232 0.05772061909860 0.01756993191529 0.00610000000000 0.01759824509661 0.00610000000000 0.02679036878848 0.02985912762302 0.12301899655359 0.03480584107199 0.00180000000000 0.00140000000000 0.00160000000000 0.00140000000000 0.02413437541508 0.04022214555175 0.02907133294007 0.07282330172918 0.01797202015286 0.00740000000000 0.01801566405353 0.00660000000000 
0.00180000000000 0.00170000000000 0.06321076435251 0.11352432639585 0.01747457556292 0.01743019670708 0.02776181208896 0.03604147335369 0.00150000000000 0.00140000000000 0.04025689743169 0.04042337161249 0.01997733618045 0.02004284755398 0.10575964512359 0.11305499053760 0.00660000000000 0.00200000000000 0.02867348122189 0.03885209230468 0.01947074910496 0.01931020486319 0.02173209460274 0.03060316706704 0.00180000000000 0.00160000000000 0.08648443157269 0.10207052607164 0.02183717042016 0.02170867384357 0.06322229865767 0.12014087241804 
0.01638553726773 0.00700000000000 0.01679111790036 0.01921196180103 0.01468271938893 0.00640000000000 0.01533965600545 0.01850878710795 0.00150000000000 0.02583898799730 0.00150000000000 0.02197524627441 0.00140000000000 0.01793493033306 0.00140000000000 0.01794924646892 0.02235083896341 0.00590000000000 0.02076844563688 0.01614269320121 0.01944726066944 0.00580000000000 0.01778726530086 0.01483283284610 0.00550000000000 0.02040314863682 0.00500000000000 0.04284049024368 0.00540000000000 0.02073656665031 0.00480000000000 0.04161210156881 
0.00150000000000 0.00140000000000 0.00130000000000 0.00120000000000 0.00220000000000 0.00170000000000 0.00170000000000 0.00150000000000 0.00160000000000 0.00150000000000 0.00140000000000 0.00130000000000 0.00240000000000 0.00200000000000 0.00170000000000 0.00160000000000 0.00170000000000 0.00150000000000 0.00140000000000 0.00130000000000 0.00270000000000 0.00200000000000 0.00190000000000 0.00160000000000 0.00200000000000 0.00170000000000 0.00160000000000 0.00140000000000 0.00430000000000 0.00280000000000 0.00210000000000 0.00180000000000 
0.01846486301433 0.01907746542756 0.01621316353997 0.01506447700601 0.00820000000000 0.00850000000000 0.00500000000000 0.00500000000000 0.01739593590412 0.02005650464913 0.00460000000000 0.00420000000000 0.00720000000000 0.00710000000000 0.00530000000000 0.00530000000000 0.01472154314048 0.01534146057620 0.00180000000000 0.00180000000000 0.00490000000000 0.00490000000000 0.00490000000000 0.00490000000000 0.00580000000000 0.00530000000000 0.00280000000000 0.00260000000000 0.00520000000000 0.00520000000000 0.00520000000000 0.00520000000000 
0.00150000000000 0.00180000000000 0.01494496820148 0.02046862084205 0.00200000000000 0.01650623874965 0.02095233635311 0.03542942361797 0.00130000000000 0.00140000000000 0.00950000000000 0.01527486581729 0.00150000000000 0.00170000000000 0.01522020554656 0.02050987503297 0.00120000000000 0.00130000000000 0.00170000000000 0.00240000000000 0.00140000000000 0.00150000000000 0.00630000000000 0.01579412901153 0.00110000000000 0.00120000000000 0.00140000000000 0.00160000000000 0.00120000000000 0.00130000000000 0.00170000000000 0.00660000000000 
0.01450399613638 0.00300000000000 0.01615264167168 0.00190000000000 0.00140000000000 0.00150000000000 0.00130000000000 0.00130000000000 0.00390000000000 0.00230000000000 0.00220000000000 0.00320000000000 0.00160000000000 0.00210000000000 0.00140000000000 0.00160000000000 0.01889788599727 0.01709492983821 0.01548674837312 0.01000000000000 0.00150000000000 0.00160000000000 0.00140000000000 0.00140000000000 0.01945443835506 0.00660000000000 0.02076450094933 0.00560000000000 0.00170000000000 0.00210000000000 0.00150000000000 0.00160000000000 
0.06577497158752 0.03631901953576 0.01902325471466 0.03059291523352 0.03469472102757 0.02975684255148 0.02860769343052 0.07419423827520 0.01520360185031 0.01794523077617 0.00200000000000 0.03852665361685 0.01831630516809 0.02388136276910 0.03923590583309 0.11121957411153 0.01466358005592 0.02300397456131 0.00160000000000 0.01684969882481 0.02133602227481 0.08250202107126 0.01447506220367 0.02143843388167 0.00160000000000 0.00240000000000 0.00130000000000 0.00160000000000 0.00220000000000 0.04810464077700 0.00150000000000 0.00210000000000 
0.00140000000000 0.00120000000000 0.00150000000000 0.00120000000000 0.01293722982747 0.00130000000000 0.01315961202790 0.00130000000000 0.00130000000000 0.00120000000000 0.00140000000000 0.00120000000000 0.00160000000000 0.00120000000000 0.00160000000000 0.00120000000000 0.00150000000000 0.00120000000000 0.00160000000000 0.00130000000000 0.00190000000000 0.00130000000000 0.00190000000000 0.00130000000000 0.00140000000000 0.00120000000000 0.00150000000000 0.00120000000000 0.00160000000000 0.00130000000000 0.00170000000000 0.00130000000000 
0.00680000000000 0.01544648769596 0.01898077678168 0.01800412437309 0.10127998735987 0.09932949717902 0.03104747840308 0.04482012174858 0.01531637831790 0.00870000000000 0.01767670786895 0.01420556445087 0.04747731524959 0.02355316719830 0.04017939111577 0.02514039876432 0.00800000000000 0.00850000000000 0.01997763293191 0.01933340462052 0.00690000000000 0.02430657436792 0.01876489125327 0.03075755672784 0.00820000000000 0.00860000000000 0.01882967323564 0.01924606817511 0.03203357375098 0.05440905908719 0.04531391197443 0.03938578734555 
0.01493033347248 0.02008012723936 0.01674794201544 0.02264237149833 0.00650000000000 0.02078296576368 0.01636866799686 0.02510930147918 0.01503700637381 0.01998074111477 0.01686368158914 0.02244583052610 0.00650000000000 0.02066718514905 0.01647744962689 0.02461168364136 0.01879859775638 0.02748973001213 0.02899280849702 0.03927463041687 0.03076114895478 0.04996165508209 0.02186502866754 0.02808638884293 0.01870767675602 0.02697567124731 0.02746581675417 0.03695376330676 0.02568402529252 0.04869173284812 0.02337434129974 0.02927905621890 
0.03681218842326 0.01839414876123 0.01732597178510 0.00180000000000 0.02667731747689 0.02727194717220 0.01873441325932 0.00230000000000 0.01807952314929 0.03916067563022 0.00270000000000 0.01607773666254 0.00170000000000 0.02916946911112 0.00190000000000 0.00640000000000 0.01559212249567 0.00150000000000 0.00150000000000 0.00130000000000 0.03607416374899 0.00180000000000 0.00180000000000 0.00140000000000 0.10294298272632 0.01493311245449 0.00730000000000 0.00170000000000 0.00320000000000 0.01916422470138 0.00880000000000 0.00210000000000 
0.00150000000000 0.00160000000000 0.00240000000000 0.00250000000000 0.00120000000000 0.00120000000000 0.00140000000000 0.00150000000000 0.00270000000000 0.00360000000000 0.01712840389325 0.00930000000000 0.00150000000000 0.00170000000000 0.00230000000000 0.00270000000000 0.00110000000000 0.00110000000000 0.00130000000000 0.00130000000000 0.00100000000000 0.00110000000000 0.00110000000000 0.00110000000000 0.00130000000000 0.00140000000000 0.00170000000000 0.00180000000000 0.00110000000000 0.00120000000000 0.00130000000000 0.00130000000000 
0.02698633450287 0.02109087110990 0.00200000000000 0.02212432547296 0.01991523956410 0.00970000000000 0.03176193653595 0.02468420643510 0.00220000000000 0.00140000000000 0.10401942104639 0.00470000000000 0.00140000000000 0.00120000000000 0.01621740574595 0.00150000000000 0.04312700641630 0.00520000000000 0.00730000000000 0.03584568845225 0.01498705021512 0.00950000000000 0.02136373864707 0.01670965673498 0.00170000000000 0.00130000000000 0.02655731465962 0.00170000000000 0.00130000000000 0.00110000000000 0.01556140089714 0.00130000000000 
0.00210000000000 0.01661214378725 0.00250000000000 0.02103048360100 0.04356195269440 0.00670000000000 0.02057883747636 0.00200000000000 0.03054711258689 0.00840000000000 0.02259449229284 0.00200000000000 0.00180000000000 0.00130000000000 0.00150000000000 0.00120000000000 0.00160000000000 0.00310000000000 0.00180000000000 0.00650000000000 0.01931954243069 0.00200000000000 0.01548484974747 0.00170000000000 0.00840000000000 0.00200000000000 0.00610000000000 0.00170000000000 0.00150000000000 0.00130000000000 0.00140000000000 0.00120000000000 
0.00180000000000 0.00140000000000 0.03814098240084 0.02160771787224 0.00160000000000 0.00140000000000 0.02519069072771 0.01806465882717 0.00610000000000 0.00150000000000 0.03351531636217 0.02063095918794 0.00180000000000 0.00140000000000 0.02497672476305 0.01803096998317 0.00180000000000 0.00140000000000 0.03844550448916 0.02170891194008 0.00160000000000 0.00140000000000 0.02520469061619 0.01815633767455 0.00610000000000 0.00150000000000 0.03370815602079 0.02072316911850 0.00180000000000 0.00140000000000 0.02507142710131 0.01812008234455 
0.01606555320826 0.07169283983739 0.00150000000000 0.00900000000000 0.01765917881159 0.03205011475549 0.00570000000000 0.01847844168580 0.01403804774621 0.04590356782580 0.00140000000000 0.00850000000000 0.01473643435426 0.05039516386715 0.00170000000000 0.01563444425471 0.00160000000000 0.01499542154626 0.00130000000000 0.00170000000000 0.00570000000000 0.02287516060831 0.00140000000000 0.01283844124757 0.00150000000000 0.01331524140922 0.00120000000000 0.00150000000000 0.00190000000000 0.01884623457126 0.00130000000000 0.00190000000000 
0.00150000000000 0.00150000000000 0.00140000000000 0.00140000000000 0.00120000000000 0.00120000000000 0.00120000000000 0.00120000000000 0.00160000000000 0.00160000000000 0.00150000000000 0.00150000000000 0.00120000000000 0.00120000000000 0.00120000000000 0.00120000000000 0.00140000000000 0.00140000000000 0.00130000000000 0.00140000000000 0.00110000000000 0.00120000000000 0.00110000000000 0.00110000000000 0.00140000000000 0.00150000000000 0.00140000000000 0.00140000000000 0.00120000000000 0.00120000000000 0.00110000000000 0.00120000000000 
0.00160000000000 0.00540000000000 0.00160000000000 0.00540000000000 0.00130000000000 0.00140000000000 0.00130000000000 0.00140000000000 0.00120000000000 0.00130000000000 0.00120000000000 0.00130000000000 0.00110000000000 0.00110000000000 0.00110000000000 0.00110000000000 0.00160000000000 0.00540000000000 0.00160000000000 0.00540000000000 0.00130000000000 0.00140000000000 0.00130000000000 0.00140000000000 0.00120000000000 0.00130000000000 0.00120000000000 0.00130000000000 0.00110000000000 0.00110000000000 0.00110000000000 0.00110000000000 
0.01607777436340 0.00130000000000 0.02071902740957 0.00140000000000 0.01907724070207 0.00240000000000 0.01855945726124 0.01609494523016 0.02099239670025 0.01524333235792 0.01649872235730 0.01863386024016 0.00140000000000 0.00590000000000 0.00140000000000 0.00600000000000 0.00290000000000 0.00130000000000 0.01816209862389 0.00140000000000 0.00240000000000 0.00220000000000 0.00210000000000 0.00990000000000 0.01589107263336 0.00280000000000 0.01451640535540 0.01715316909229 0.00130000000000 0.00200000000000 0.00120000000000 0.00180000000000 
0.01897727098913 0.01636132428882 0.00150000000000 0.00130000000000 0.02917452245774 0.02068636466144 0.00170000000000 0.00150000000000 0.02299240330783 0.01584331974655 0.00160000000000 0.00150000000000 0.11152681202181 0.02393353090023 0.00200000000000 0.00170000000000 0.10684094097975 0.02560706575752 0.01508165392257 0.00980000000000 0.11047001273197 0.03972062747139 0.01629275172858 0.01602154273517 0.07812666133399 0.02883275115570 0.01633452666127 0.00900000000000 0.08107614390085 0.04924004902159 0.01824419267660 0.01527020559035 
0.00170000000000 0.02275715042077 0.03706798562877 0.00160000000000 0.00560000000000 0.06455060983090 0.02926732033179 0.00850000000000 0.00170000000000 0.12389346182613 0.02813067416617 0.01556392298082 0.00510000000000 0.04818326471559 0.02151749347333 0.01495945653964 0.00150000000000 0.05326670056781 0.02402465165238 0.00180000000000 0.00160000000000 0.08079186355485 0.02280678665062 0.00870000000000 0.00150000000000 0.10470210225383 0.02279958992683 0.01630074405829 0.00160000000000 0.03711494884674 0.01845401320883 0.01820471494332 
0.00170000000000 0.00120000000000 0.00150000000000 0.00110000000000 0.00170000000000 0.00120000000000 0.00150000000000 0.00120000000000 0.00140000000000 0.00110000000000 0.00120000000000 0.00110000000000 0.00140000000000 0.00110000000000 0.00120000000000 0.00110000000000 0.01519312756773 0.00140000000000 0.00180000000000 0.00120000000000 0.01527312572129 0.00140000000000 0.00180000000000 0.00120000000000 0.00170000000000 0.00120000000000 0.00140000000000 0.00110000000000 0.00170000000000 0.00120000000000 0.00140000000000 0.00110000000000 
0.00150000000000 0.00150000000000 0.00150000000000 0.00140000000000 0.00140000000000 0.00140000000000 0.00140000000000 0.00140000000000 0.00620000000000 0.00210000000000 0.00560000000000 0.00620000000000 0.00200000000000 0.00180000000000 0.00540000000000 0.00180000000000 0.01789502353195 0.01628351496425 0.01956533881547 0.01789076982995 0.01607130141205 0.00970000000000 0.01808355883176 0.01668955439234 0.12003649724797 0.02916740169658 0.04664342809643 0.03341230825421 0.10578222977929 0.02969534270508 0.04674489413036 0.02513271905668 
0.00150000000000 0.00150000000000 0.01586597290726 0.01608218713718 0.00180000000000 0.00180000000000 0.01840898162547 0.01868899187102 0.01510554856421 0.01541163416276 0.03007489845924 0.02899066415681 0.01730459794578 0.01761345878426 0.11094433623416 0.10404830492496 0.00130000000000 0.00130000000000 0.00180000000000 0.00180000000000 0.00140000000000 0.00140000000000 0.00620000000000 0.00610000000000 0.00170000000000 0.00170000000000 0.01660816613829 0.01690168409002 0.00220000000000 0.00220000000000 0.02223612170892 0.02227926560753 
0.08858182541109 0.00190000000000 0.02739786504313 0.00240000000000 0.01825487083713 0.01931269723611 0.01533741302951 0.03283120312591 0.04420667566435 0.00220000000000 0.02583857777500 0.01552866175183 0.01885848593114 0.02425172623716 0.01599014427425 0.07275492042168 0.00190000000000 0.00120000000000 0.00670000000000 0.00130000000000 0.01759835875985 0.00140000000000 0.02080967555398 0.00150000000000 0.00720000000000 0.00130000000000 0.01522490227024 0.00130000000000 0.01979036997859 0.00150000000000 0.02472050341755 0.00160000000000 
0.07818971615890 0.02243811768300 0.00160000000000 0.00200000000000 0.12073525915041 0.02366077205453 0.00160000000000 0.00190000000000 0.02462887011863 0.04826023787788 0.00140000000000 0.00160000000000 0.02441730134199 0.06036211653268 0.00140000000000 0.00150000000000 0.02426781327908 0.01659679971512 0.00190000000000 0.01488358571802 0.02818665145357 0.01735656745748 0.00190000000000 0.01519188693731 0.10920811736941 0.02362416097944 0.00160000000000 0.00180000000000 0.10451779632022 0.02546797086798 0.00160000000000 0.00180000000000 
0.00180000000000 0.00190000000000 0.00150000000000 0.00150000000000 0.00140000000000 0.00140000000000 0.00120000000000 0.00130000000000 0.01739703382080 0.01790351101593 0.00210000000000 0.00230000000000 0.00180000000000 0.00180000000000 0.00140000000000 0.00150000000000 0.00180000000000 0.00190000000000 0.00150000000000 0.00150000000000 0.00140000000000 0.00140000000000 0.00120000000000 0.00120000000000 0.01719452633999 0.01762099767940 0.00670000000000 0.01293284698516 0.00180000000000 0.00180000000000 0.00140000000000 0.00150000000000 
0.00190000000000 0.00130000000000 0.01606581853014 0.00150000000000 0.00150000000000 0.00120000000000 0.00200000000000 0.00130000000000 0.00190000000000 0.00130000000000 0.01646143091989 0.00150000000000 0.00150000000000 0.00120000000000 0.00200000000000 0.00140000000000 0.00150000000000 0.00120000000000 0.00200000000000 0.00140000000000 0.00140000000000 0.00120000000000 0.00160000000000 0.00130000000000 0.00160000000000 0.00120000000000 0.00200000000000 0.00140000000000 0.00140000000000 0.00120000000000 0.00160000000000 0.00130000000000 
0.02216260772724 0.10590864830643 0.01580051977999 0.10287319121076 0.02471977490348 0.10321321440575 0.01645336053236 0.10507630867751 0.00250000000000 0.01477818345123 0.00180000000000 0.00280000000000 0.00250000000000 0.01512445543846 0.00180000000000 0.00270000000000 0.02411486705519 0.10983030855571 0.01664786748278 0.10457918887546 0.02810033706160 0.03440668937638 0.01761180938757 0.13216926477925 0.00660000000000 0.01572764309343 0.00190000000000 0.00660000000000 0.00270000000000 0.01658504915956 0.00190000000000 0.00310000000000 
0.00190000000000 0.00190000000000 0.00200000000000 0.00200000000000 0.00170000000000 0.00170000000000 0.00180000000000 0.00180000000000 0.00130000000000 0.00130000000000 0.00130000000000 0.00130000000000 0.00120000000000 0.00120000000000 0.00120000000000 0.00130000000000 0.10764876608235 0.10739166131161 0.10308729346109 0.10308993746208 0.07084296317215 0.07680235610141 0.06733861395821 0.06946650076601 0.01515789667705 0.01515386367813 0.01548176495539 0.01547929606644 0.01892306851229 0.01901745012781 0.01922990840938 0.01932736102065 
0.01617274221290 0.01569894624307 0.00210000000000 0.00600000000000 0.00190000000000 0.00200000000000 0.00160000000000 0.00150000000000 0.03335203378401 0.04671182518223 0.03079105954419 0.02162317428151 0.02511059106708 0.02070554828711 0.01437684490142 0.01310019581847 0.01676470527698 0.00940000000000 0.00640000000000 0.00550000000000 0.00630000000000 0.00550000000000 0.00160000000000 0.00160000000000 0.05694117551162 0.03389188803298 0.02635537228526 0.02133071933822 0.02288296774304 0.02079296098544 0.01548407158436 0.00970000000000 
0.03325496789028 0.01697307585802 0.00180000000000 0.00220000000000 0.00700000000000 0.00580000000000 0.00130000000000 0.00140000000000 0.04365570426293 0.01845169992651 0.01541603292470 0.00780000000000 0.01798952029868 0.00980000000000 0.00160000000000 0.00180000000000 0.00540000000000 0.01909661518465 0.00140000000000 0.00160000000000 0.00160000000000 0.00180000000000 0.00120000000000 0.00130000000000 0.04436856782290 0.02841991423604 0.00190000000000 0.00630000000000 0.01357388553932 0.01309284631266 0.00130000000000 0.00140000000000 
0.01444726954013 0.00180000000000 0.06696273441348 0.02462588546333 0.00220000000000 0.00180000000000 0.00270000000000 0.00700000000000 0.01531065432642 0.00190000000000 0.07943186960041 0.02890185779423 0.00240000000000 0.00190000000000 0.00230000000000 0.00620000000000 0.00190000000000 0.00160000000000 0.02564217972430 0.01828810768179 0.00190000000000 0.00160000000000 0.00680000000000 0.00490000000000 0.00200000000000 0.00170000000000 0.02996753197467 0.02049224237389 0.00200000000000 0.00170000000000 0.00600000000000 0.00720000000000 
0.01751828253321 0.00130000000000 0.02699133548752 0.00570000000000 0.00180000000000 0.00120000000000 0.02369099823293 0.00150000000000 0.01472470757511 0.00130000000000 0.01852996636029 0.00550000000000 0.00160000000000 0.00110000000000 0.01662931623471 0.00140000000000 0.00150000000000 0.00110000000000 0.01553586768471 0.00130000000000 0.00130000000000 0.00110000000000 0.00180000000000 0.00120000000000 0.00140000000000 0.00110000000000 0.01393340429856 0.00120000000000 0.00120000000000 0.00110000000000 0.00150000000000 0.00110000000000 
0.02525298049446 0.02398898074649 0.02657283091278 0.02481408585577 0.00740000000000 0.01526097068753 0.01460314159192 0.01537090244164 0.02409255181427 0.02334656783749 0.02511264209597 0.02415795118704 0.01464711453577 0.01563083824306 0.01465718395242 0.01572578505713 0.01596562019403 0.01632222669967 0.01640821672705 0.01674598845101 0.00240000000000 0.00700000000000 0.00230000000000 0.00710000000000 0.01589686284240 0.01643798885945 0.01622438307426 0.01676264705954 0.00690000000000 0.00940000000000 0.00690000000000 0.01489560540454 
0.00150000000000 0.00130000000000 0.00130000000000 0.00120000000000 0.00570000000000 0.00140000000000 0.00150000000000 0.00120000000000 0.00160000000000 0.00130000000000 0.00140000000000 0.00120000000000 0.00210000000000 0.00150000000000 0.00160000000000 0.00130000000000 0.00150000000000 0.00130000000000 0.00130000000000 0.00120000000000 0.00570000000000 0.00140000000000 0.00150000000000 0.00130000000000 0.00170000000000 0.00140000000000 0.00140000000000 0.00120000000000 0.00230000000000 0.00150000000000 0.00160000000000 0.00130000000000 
0.00160000000000 0.02142385952350 0.00160000000000 0.02161920005654 0.03131392799367 0.03825112178353 0.03417508553420 0.03977666063730 0.00150000000000 0.02016263115426 0.00150000000000 0.02105800128129 0.10264712756394 0.03446268027101 0.10725578769081 0.03654145145139 0.01481738808440 0.03921578197022 0.01374910972178 0.04011555842172 0.06318141673206 0.02209483390274 0.08438165925705 0.02278761855296 0.00240000000000 0.02849842070416 0.00220000000000 0.03072438056303 0.05842513151574 0.01926102263281 0.05366758798909 0.02003309939439 
0.00740000000000 0.01616941903318 0.00360000000000 0.03880559841546 0.00190000000000 0.00840000000000 0.00260000000000 0.01670828197382 0.00190000000000 0.00780000000000 0.00210000000000 0.00850000000000 0.00150000000000 0.00770000000000 0.00180000000000 0.00630000000000 0.00720000000000 0.01853667532180 0.01496815469983 0.01481437055088 0.00260000000000 0.01379333682144 0.00300000000000 0.00950000000000 0.00650000000000 0.01313662539670 0.00340000000000 0.02030521749889 0.00190000000000 0.00800000000000 0.00260000000000 0.01506280490642 
0.00150000000000 0.00140000000000 0.00150000000000 0.00140000000000 0.00120000000000 0.00110000000000 0.00120000000000 0.00110000000000 0.01478164710121 0.00180000000000 0.00200000000000 0.00170000000000 0.00130000000000 0.00120000000000 0.00130000000000 0.00120000000000 0.00140000000000 0.00130000000000 0.00140000000000 0.00130000000000 0.00120000000000 0.00110000000000 0.00120000000000 0.00110000000000 0.00190000000000 0.00160000000000 0.00180000000000 0.00160000000000 0.00130000000000 0.00120000000000 0.00130000000000 0.00120000000000 
0.00210000000000 0.00180000000000 0.01792045929306 0.01433441196076 0.00140000000000 0.00140000000000 0.00190000000000 0.00170000000000 0.01520388650366 0.00190000000000 0.02068883849521 0.01793251725875 0.00150000000000 0.00140000000000 0.01310130800422 0.00180000000000 0.01477702883058 0.00220000000000 0.02246293088246 0.01952379727341 0.00160000000000 0.00150000000000 0.00260000000000 0.00210000000000 0.01743475090309 0.00240000000000 0.02635682669299 0.03791704097324 0.00170000000000 0.00160000000000 0.01425891385838 0.00220000000000 
0.00150000000000 0.00160000000000 0.01650893146322 0.01792278577963 0.00170000000000 0.00200000000000 0.02140703809729 0.02327367080426 0.00180000000000 0.00200000000000 0.02075584855366 0.02381924256775 0.01444196128952 0.01449905637730 0.02798807939673 0.03190244853366 0.00150000000000 0.00160000000000 0.01650467255935 0.01791613320333 0.00170000000000 0.00200000000000 0.02131395853628 0.02326391155566 0.00180000000000 0.00200000000000 0.02074252799479 0.02372192918255 0.01443671404687 0.01449006360577 0.02788834479205 0.03179355592750 
0.00200000000000 0.01737245917217 0.00170000000000 0.01371676413575 0.00180000000000 0.01563912029578 0.00160000000000 0.00230000000000 0.00160000000000 0.01614040398131 0.00150000000000 0.00190000000000 0.00150000000000 0.00220000000000 0.00140000000000 0.00170000000000 0.02965620564060 0.02113531267547 0.01742952652896 0.01607091693510 0.13256884172003 0.02556789443864 0.04309832792936 0.01798741226693 0.03803081612119 0.11241213251787 0.01877249609339 0.02403196915897 0.02582475688865 0.12668697723378 0.01543147676242 0.04002309787301 
0.01767944923722 0.00210000000000 0.01415982166252 0.00170000000000 0.01723672443140 0.00200000000000 0.00650000000000 0.00160000000000 0.03465022172954 0.00740000000000 0.01772191061517 0.00230000000000 0.02852280031676 0.00340000000000 0.01709094147267 0.00210000000000 0.01767014753454 0.00210000000000 0.01407722022457 0.00170000000000 0.01714368735027 0.00200000000000 0.00650000000000 0.00160000000000 0.03444713443948 0.00730000000000 0.01762895872049 0.00230000000000 0.02841836841018 0.00340000000000 0.01708214738716 0.00210000000000 
0.00180000000000 0.00160000000000 0.01420487182514 0.00610000000000 0.02564835313186 0.01650454904936 0.00920000000000 0.02243060979914 0.01492206543363 0.01519756040634 0.02336118400502 0.01730576612707 0.06122642052807 0.03327451319276 0.01432300742823 0.02124573526181 0.01354513914700 0.00180000000000 0.01738950556739 0.01302203794335 0.03335068673464 0.02183201103446 0.01764874465995 0.02474738618511 0.01802783008915 0.01380023986311 0.02889060834546 0.02097509664012 0.03162353940755 0.03590276723347 0.01380618089907 0.02064442800114 
0.00170000000000 0.00130000000000 0.03192118592011 0.01754582743669 0.01407571220982 0.00140000000000 0.05442133464700 0.02297089075453 0.00160000000000 0.00130000000000 0.02075533389559 0.00220000000000 0.00190000000000 0.00140000000000 0.11026609760626 0.02160180336850 0.00170000000000 0.00130000000000 0.03050360184157 0.01744797156267 0.01399448905589 0.00140000000000 0.05772367621627 0.02284978284251 0.00160000000000 0.00130000000000 0.02034106113823 0.00220000000000 0.00190000000000 0.00140000000000 0.10832574030030 0.02139458028837 
0.00170000000000 0.01839525666246 0.00140000000000 0.00210000000000 0.00180000000000 0.02123307505806 0.00140000000000 0.00640000000000 0.00170000000000 0.01841396485438 0.00140000000000 0.00210000000000 0.00180000000000 0.02142975313942 0.00140000000000 0.00640000000000 0.00130000000000 0.00210000000000 0.00120000000000 0.00150000000000 0.00140000000000 0.00690000000000 0.00120000000000 0.00150000000000 0.00130000000000 0.00210000000000 0.00120000000000 0.00150000000000 0.00140000000000 0.00690000000000 0.00120000000000 0.00150000000000 
0.00190000000000 0.00170000000000 0.00190000000000 0.00170000000000 0.00150000000000 0.00140000000000 0.00150000000000 0.00140000000000 0.01494096912639 0.01608341501360 0.00710000000000 0.00670000000000 0.00220000000000 0.00190000000000 0.00220000000000 0.00190000000000 0.00120000000000 0.00120000000000 0.00120000000000 0.00120000000000 0.00110000000000 0.00110000000000 0.00110000000000 0.00110000000000 0.00140000000000 0.00130000000000 0.00140000000000 0.00130000000000 0.00130000000000 0.00120000000000 0.00130000000000 0.00120000000000 
0.00160000000000 0.00160000000000 0.00150000000000 0.00150000000000 0.02628125784474 0.02421320952482 0.01927682322852 0.01835897793064 0.00120000000000 0.00120000000000 0.00120000000000 0.00120000000000 0.00510000000000 0.00510000000000 0.00480000000000 0.00480000000000 0.00140000000000 0.00130000000000 0.00130000000000 0.00130000000000 0.01704218224917 0.01584355945771 0.01581180057897 0.01506228456742 0.00110000000000 0.00110000000000 0.00110000000000 0.00110000000000 0.00490000000000 0.00160000000000 0.00460000000000 0.00160000000000 
0.01925942508941 0.10221142333380 0.00220000000000 0.00240000000000 0.01294901948520 0.01589671690854 0.00160000000000 0.00160000000000 0.00200000000000 0.00150000000000 0.01996878400704 0.00210000000000 0.02529226170109 0.01595498001726 0.06448885580574 0.04765249075184 0.02666273203210 0.01586758736038 0.01402254595120 0.01674962889368 0.01406810117472 0.01752404687651 0.00550000000000 0.00590000000000 0.00140000000000 0.00130000000000 0.00180000000000 0.00150000000000 0.00630000000000 0.00170000000000 0.01612369248684 0.00260000000000 
0.03061741935777 0.00160000000000 0.01732412043254 0.00130000000000 0.02684498538762 0.01412382593562 0.02581105388517 0.00160000000000 0.07298934391428 0.00130000000000 0.01679085042052 0.00120000000000 0.11051146508837 0.00150000000000 0.02151950685322 0.00130000000000 0.10349826542516 0.00220000000000 0.02504987598594 0.00150000000000 0.00490000000000 0.02178663355118 0.04761826071217 0.01359583343311 0.10088184651267 0.00150000000000 0.02220488750561 0.00120000000000 0.10303221181747 0.00190000000000 0.03074465162669 0.00140000000000 
0.00170000000000 0.05505627251689 0.01798331450697 0.01921379950497 0.10283013924025 0.02488612400364 0.11953937542345 0.01680061765355 0.00190000000000 0.03698103490969 0.01660919343233 0.01855754820523 0.03088851056675 0.02075561231752 0.10495918672284 0.01638682088135 0.00130000000000 0.01265007218823 0.00170000000000 0.04294464827501 0.00170000000000 0.07327038868257 0.03409900544854 0.02687915865394 0.00130000000000 0.00870000000000 0.00180000000000 0.04216343147635 0.00180000000000 0.06646483645773 0.02474338264851 0.02635508394701 
0.01521475006526 0.10961187694325 0.00160000000000 0.10794702240052 0.02345186832263 0.00850000000000 0.00230000000000 0.10437059696191 0.01839481213155 0.02176835707779 0.00190000000000 0.11503094419633 0.02869634983692 0.00470000000000 0.00870000000000 0.00550000000000 0.02058302898775 0.04472890323157 0.01864798486296 0.10278113661789 0.02804685802868 0.05667122602563 0.02411899443545 0.10426405276381 0.02616113186292 0.02636113909331 0.02091770720275 0.10435241459827 0.03577859450778 0.01872303082576 0.02931735715942 0.02394695071100 
0.00180000000000 0.00170000000000 0.00160000000000 0.00150000000000 0.02646469660392 0.02133305609118 0.03075841902107 0.02408239804295 0.01549298656841 0.00180000000000 0.00160000000000 0.00150000000000 0.02893797565620 0.02440979373669 0.03150689034866 0.02719004998143 0.00170000000000 0.00160000000000 0.00150000000000 0.00140000000000 0.01610394989118 0.00830000000000 0.01914931070754 0.01655148656191 0.00180000000000 0.00170000000000 0.00150000000000 0.00150000000000 0.01939415002342 0.01738799523657 0.02235814343042 0.01998688163685 
0.02880821899787 0.03996954463460 0.00160000000000 0.00150000000000 0.01620397142463 0.09228477460375 0.00160000000000 0.00150000000000 0.02622501367781 0.10198690383658 0.00160000000000 0.00150000000000 0.00920000000000 0.02238680857482 0.00160000000000 0.00150000000000 0.05235706190925 0.06160274765260 0.00580000000000 0.00190000000000 0.02121403626345 0.02959645211463 0.00190000000000 0.00180000000000 0.04637584833279 0.10478450722266 0.00190000000000 0.00170000000000 0.01656728629685 0.02029903972285 0.00180000000000 0.00170000000000 
0.00150000000000 0.00130000000000 0.00160000000000 0.00130000000000 0.00150000000000 0.00130000000000 0.00170000000000 0.00130000000000 0.00140000000000 0.00120000000000 0.00150000000000 0.00130000000000 0.00150000000000 0.00130000000000 0.00150000000000 0.00130000000000 0.00130000000000 0.00120000000000 0.00130000000000 0.00120000000000 0.00130000000000 0.00120000000000 0.00130000000000 0.00120000000000 0.00120000000000 0.00110000000000 0.00120000000000 0.00110000000000 0.00130000000000 0.00120000000000 0.00130000000000 0.00120000000000 
0.00170000000000 0.00160000000000 0.00160000000000 0.00160000000000 0.00170000000000 0.00160000000000 0.00170000000000 0.00160000000000 0.00170000000000 0.00160000000000 0.00160000000000 0.00160000000000 0.00170000000000 0.00160000000000 0.00170000000000 0.00160000000000 0.00190000000000 0.00170000000000 0.00180000000000 0.00170000000000 0.00190000000000 0.00180000000000 0.00180000000000 0.00170000000000 0.00190000000000 0.00170000000000 0.00180000000000 0.00170000000000 0.00190000000000 0.00180000000000 0.00180000000000 0.00170000000000 
0.00160000000000 0.00160000000000 0.00160000000000 0.00160000000000 0.00140000000000 0.00140000000000 0.00140000000000 0.00140000000000 0.00130000000000 0.00130000000000 0.00130000000000 0.00130000000000 0.00120000000000 0.00120000000000 0.00120000000000 0.00120000000000 0.03546785782468 0.02713949885511 0.04085017794392 0.01938100052010 0.10219075403206 0.01869577673701 0.01959098970549 0.01667263409781 0.01643146695354 0.01463015572217 0.01540138827932 0.01398150219129 0.01388938460761 0.00640000000000 0.00740000000000 0.00650000000000 
0.00180000000000 0.00180000000000 0.00190000000000 0.00190000000000 0.00120000000000 0.00120000000000 0.00120000000000 0.00120000000000 0.01608924082060 0.01599261573859 0.01630729322358 0.01621039433976 0.00130000000000 0.00130000000000 0.00130000000000 0.00130000000000 0.00170000000000 0.00170000000000 0.00180000000000 0.00180000000000 0.00120000000000 0.00120000000000 0.00120000000000 0.00120000000000 0.00270000000000 0.00270000000000 0.00280000000000 0.00280000000000 0.00130000000000 0.00130000000000 0.00130000000000 0.00130000000000 
0.01535483847617 0.01882594364452 0.01472109300323 0.01697219620461 0.03984356606792 0.13287778492787 0.02359358215715 0.10529627198934 0.01460861494623 0.01755516529790 0.00220000000000 0.01622103603322 0.03479491130814 0.12680345465299 0.02204491964354 0.11148975411413 0.00190000000000 0.00730000000000 0.00170000000000 0.00570000000000 0.01757341833864 0.02443805095401 0.01631717720021 0.01922700401504 0.00180000000000 0.00620000000000 0.00160000000000 0.00570000000000 0.01661408874515 0.02161188292071 0.01567334593600 0.01828023047771 
0.01471327784563 0.01470978823004 0.02081870989273 0.02071018679892 0.00160000000000 0.00160000000000 0.00210000000000 0.00200000000000 0.01921079366387 0.01919537292079 0.10505191447180 0.10519755804947 0.00190000000000 0.00190000000000 0.00320000000000 0.00310000000000 0.02070935746525 0.02051648112445 0.11399917571063 0.11548347508779 0.00200000000000 0.00200000000000 0.00690000000000 0.00680000000000 0.10497290545888 0.10499634255788 0.02092120747093 0.02112628552607 0.00310000000000 0.00300000000000 0.00400000000000 0.00420000000000 
0.00150000000000 0.01577581516027 0.00130000000000 0.00160000000000 0.00120000000000 0.00140000000000 0.00110000000000 0.00120000000000 0.00130000000000 0.00190000000000 0.00120000000000 0.00140000000000 0.00110000000000 0.00130000000000 0.00100000000000 0.00110000000000 0.00160000000000 0.01736837137059 0.00130000000000 0.00180000000000 0.00120000000000 0.00150000000000 0.00110000000000 0.00120000000000 0.00140000000000 0.00200000000000 0.00120000000000 0.00150000000000 0.00110000000000 0.00130000000000 0.00110000000000 0.00120000000000 
0.11042697418166 0.07743066639429 0.01536219604166 0.00610000000000 0.00220000000000 0.00190000000000 0.05737286982862 0.10430061477861 0.02145762494951 0.01536621088223 0.00520000000000 0.00520000000000 0.01942605053895 0.01678184798332 0.02606266476607 0.01702569378883 0.02889761534693 0.02554494027371 0.00830000000000 0.00840000000000 0.00910000000000 0.00600000000000 0.02468682095930 0.02413295665258 0.02066648405069 0.01506292580320 0.00750000000000 0.00470000000000 0.01654817845890 0.01702634107416 0.02113086851975 0.01870779049799 
0.00220000000000 0.00130000000000 0.00160000000000 0.00120000000000 0.01790910584943 0.00150000000000 0.00700000000000 0.00130000000000 0.00980000000000 0.00140000000000 0.00180000000000 0.00120000000000 0.01637196240670 0.00170000000000 0.00920000000000 0.00140000000000 0.00150000000000 0.00120000000000 0.00130000000000 0.00110000000000 0.00190000000000 0.00130000000000 0.00150000000000 0.00120000000000 0.00160000000000 0.00120000000000 0.00130000000000 0.00110000000000 0.00560000000000 0.00130000000000 0.00160000000000 0.00120000000000 
0.02819630535412 0.02618003622616 0.02204481849064 0.02111044812324 0.02363125316841 0.02249211026671 0.02103761467424 0.02062798016574 0.02350039221781 0.02411792534905 0.02531286776490 0.02619971910559 0.01797740820917 0.01806751054363 0.01969648181220 0.02128813699980 0.00190000000000 0.00200000000000 0.00200000000000 0.00210000000000 0.01441775553182 0.01455430618197 0.01506553122691 0.01524065843121 0.00140000000000 0.00140000000000 0.00140000000000 0.00140000000000 0.00570000000000 0.00780000000000 0.00820000000000 0.00820000000000 
0.00190000000000 0.05308560058987 0.00190000000000 0.06121290415540 0.00130000000000 0.01279014119178 0.00130000000000 0.01283062344625 0.01551822956388 0.01529462582990 0.01489248208843 0.01565190731228 0.00160000000000 0.02447942805903 0.00160000000000 0.02409068998583 0.02200107402566 0.01916801491391 0.02116087607924 0.01907827733959 0.00160000000000 0.03235486119229 0.00160000000000 0.03113640557278 0.00540000000000 0.00150000000000 0.00250000000000 0.00150000000000 0.00310000000000 0.00650000000000 0.00300000000000 0.00630000000000 
0.00200000000000 0.00920000000000 0.00120000000000 0.00120000000000 0.00140000000000 0.00460000000000 0.00110000000000 0.00110000000000 0.00130000000000 0.00150000000000 0.00110000000000 0.00110000000000 0.00110000000000 0.00120000000000 0.00100000000000 0.00100000000000 0.01375603055308 0.00900000000000 0.00120000000000 0.00130000000000 0.00140000000000 0.00460000000000 0.00110000000000 0.00110000000000 0.00140000000000 0.00160000000000 0.00110000000000 0.00110000000000 0.00120000000000 0.00120000000000 0.00100000000000 0.00100000000000 
0.04768238678305 0.02296328442967 0.07989183356659 0.12368379109971 0.02268333164780 0.12242223688444 0.01633193884528 0.02783518081966 0.03293375121442 0.02162767334044 0.08422172539281 0.11527915202139 0.02471935160099 0.05024001812570 0.01726068803230 0.03433256215508 0.00170000000000 0.01420067983296 0.00140000000000 0.00170000000000 0.00140000000000 0.00170000000000 0.00120000000000 0.00140000000000 0.00180000000000 0.01477383949036 0.00140000000000 0.00180000000000 0.00150000000000 0.00180000000000 0.00130000000000 0.00140000000000 
0.03449782213615 0.00960000000000 0.01987724410788 0.03862473266389 0.01644492436505 0.00170000000000 0.02782919090033 0.01742008934671 0.02514290034916 0.01856503445095 0.02704527981134 0.03256991410944 0.01529597319182 0.00160000000000 0.02257351569720 0.01000000000000 0.10238651801510 0.00980000000000 0.01766167144474 0.02579627312991 0.01762394954553 0.00180000000000 0.04234377033333 0.01819924987422 0.03130610178939 0.02018320670355 0.02214635715084 0.05586563775784 0.01563568296164 0.00180000000000 0.02773411977162 0.01673617380457 
0.02554821869729 0.02028812864177 0.01422431996034 0.00150000000000 0.00810000000000 0.01917394845684 0.02646625250218 0.04498856652809 0.02195549723905 0.00640000000000 0.00160000000000 0.00130000000000 0.01910548598147 0.03868542198885 0.10492890066543 0.02005190512803 0.01699039141243 0.02078170469747 0.01616544511820 0.00170000000000 0.00750000000000 0.01572538439318 0.02118448291168 0.05386589868850 0.02383865980626 0.00600000000000 0.00180000000000 0.00130000000000 0.01523247060577 0.02724137213787 0.04554711388616 0.01932471793187 
0.00140000000000 0.00120000000000 0.00130000000000 0.00120000000000 0.00140000000000 0.00120000000000 0.00130000000000 0.00120000000000 0.00140000000000 0.00120000000000 0.00130000000000 0.00120000000000 0.00140000000000 0.00120000000000 0.00130000000000 0.00110000000000 0.00140000000000 0.00120000000000 0.00130000000000 0.00120000000000 0.00140000000000 0.00120000000000 0.00130000000000 0.00120000000000 0.00140000000000 0.00120000000000 0.00130000000000 0.00120000000000 0.00140000000000 0.00120000000000 0.00130000000000 0.00120000000000 
0.02132751358419 0.01614477648772 0.00200000000000 0.00130000000000 0.02295323491551 0.01674450198168 0.00190000000000 0.00120000000000 0.00810000000000 0.01391552101972 0.00580000000000 0.00130000000000 0.00840000000000 0.01380952719490 0.00590000000000 0.00130000000000 0.00160000000000 0.00220000000000 0.04990900407487 0.00180000000000 0.00160000000000 0.00220000000000 0.04818087492485 0.00180000000000 0.00150000000000 0.00210000000000 0.01542402570662 0.00600000000000 0.00150000000000 0.00210000000000 0.01842241297060 0.00600000000000 
0.00160000000000 0.00170000000000 0.00580000000000 0.00590000000000 0.00160000000000 0.00160000000000 0.00180000000000 0.00200000000000 0.00120000000000 0.00120000000000 0.00130000000000 0.00130000000000 0.00120000000000 0.00120000000000 0.00120000000000 0.00130000000000 0.00140000000000 0.00150000000000 0.00160000000000 0.00170000000000 0.00140000000000 0.00140000000000 0.00150000000000 0.00160000000000 0.00110000000000 0.00110000000000 0.00120000000000 0.00120000000000 0.00110000000000 0.00110000000000 0.00120000000000 0.00120000000000 
0.01725667743307 0.01759071340091 0.01736124402031 0.01767762303264 0.00140000000000 0.00130000000000 0.00140000000000 0.00130000000000 0.01647394181653 0.01693774153341 0.01657706840250 0.00230000000000 0.00130000000000 0.00120000000000 0.00130000000000 0.00120000000000 0.02379699709357 0.00380000000000 0.02525623464906 0.00370000000000 0.00150000000000 0.00140000000000 0.00150000000000 0.00140000000000 0.00340000000000 0.00260000000000 0.00330000000000 0.00260000000000 0.00140000000000 0.00130000000000 0.00140000000000 0.00130000000000 
0.01867331318141 0.07884054341124 0.00170000000000 0.00180000000000 0.04980507862183 0.10510432013585 0.01587705991734 0.02409704693246 0.09853880075477 0.10640511746957 0.01951519635226 0.02850362894400 0.03609074897411 0.10296306975891 0.03236671135382 0.10751146241627 0.01917696943771 0.03760412168879 0.00170000000000 0.00180000000000 0.10539798798407 0.07731926697885 0.01609115599211 0.02323716131690 0.04903176404508 0.10648595940568 0.01998978119969 0.02924171845799 0.02991615652429 0.03313688629133 0.03767561735780 0.10751278456203 
0.00150000000000 0.01793006120135 0.00130000000000 0.00190000000000 0.01699704023178 0.08250731323959 0.00170000000000 0.02215569011411 0.00150000000000 0.01726581243613 0.00130000000000 0.00190000000000 0.01553527875105 0.03226442750930 0.00170000000000 0.02023058827514 0.00110000000000 0.00130000000000 0.00100000000000 0.00120000000000 0.00120000000000 0.00170000000000 0.00110000000000 0.00140000000000 0.00110000000000 0.00130000000000 0.00100000000000 0.00110000000000 0.00120000000000 0.00180000000000 0.00110000000000 0.00130000000000 
0.01682354702207 0.02048348759949 0.00790000000000 0.01595059716042 0.00200000000000 0.00270000000000 0.00230000000000 0.00460000000000 0.02307734989223 0.00970000000000 0.00190000000000 0.00150000000000 0.01600438700798 0.00250000000000 0.00200000000000 0.00160000000000 0.02600385786426 0.04071034551470 0.00570000000000 0.00510000000000 0.00960000000000 0.01737069995209 0.00550000000000 0.00560000000000 0.02787608841109 0.00180000000000 0.00160000000000 0.00130000000000 0.00500000000000 0.00180000000000 0.00160000000000 0.00140000000000 
0.00160000000000 0.00180000000000 0.00140000000000 0.00150000000000 0.00130000000000 0.00130000000000 0.00120000000000 0.00120000000000 0.00140000000000 0.00150000000000 0.00120000000000 0.00130000000000 0.00120000000000 0.00120000000000 0.00110000000000 0.00120000000000 0.00140000000000 0.00160000000000 0.00130000000000 0.00140000000000 0.00120000000000 0.00130000000000 0.00110000000000 0.00120000000000 0.00130000000000 0.00140000000000 0.00120000000000 0.00130000000000 0.00110000000000 0.00120000000000 0.00110000000000 0.00110000000000 
0.00140000000000 0.00150000000000 0.00110000000000 0.00110000000000 0.00140000000000 0.00150000000000 0.00110000000000 0.00110000000000 0.00180000000000 0.01447367789055 0.00120000000000 0.00120000000000 0.00180000000000 0.00690000000000 0.00120000000000 0.00120000000000 0.00160000000000 0.00190000000000 0.00110000000000 0.00120000000000 0.00160000000000 0.00180000000000 0.00110000000000 0.00120000000000 0.01560925444699 0.01539239921859 0.00120000000000 0.00130000000000 0.01534540334991 0.01533313403180 0.00120000000000 0.00130000000000 
0.01947312241697 0.01435026023519 0.04039564231217 0.02642816521853 0.00160000000000 0.00130000000000 0.01000000000000 0.00190000000000 0.00230000000000 0.00170000000000 0.00490000000000 0.00690000000000 0.00140000000000 0.00130000000000 0.00210000000000 0.00160000000000 0.01816757597445 0.03345697050940 0.01526552970872 0.02385189609816 0.02076712885665 0.00280000000000 0.00210000000000 0.00620000000000 0.00200000000000 0.00730000000000 0.00150000000000 0.00190000000000 0.00510000000000 0.00190000000000 0.00170000000000 0.00250000000000 
0.08509256618299 0.02555655293266 0.02126746121697 0.00460000000000 0.06983895051724 0.02387676930945 0.04427330726437 0.02837862510262 0.01482854720828 0.00150000000000 0.00240000000000 0.00150000000000 0.01688697131936 0.00930000000000 0.01486473160109 0.01407168791913 0.01498197251784 0.00890000000000 0.00960000000000 0.00150000000000 0.01437221485836 0.00810000000000 0.01441214462970 0.00680000000000 0.00130000000000 0.00110000000000 0.00130000000000 0.00110000000000 0.00160000000000 0.00120000000000 0.00140000000000 0.00120000000000 
0.01632164451247 0.01589566542072 0.00230000000000 0.00230000000000 0.01642696772043 0.01599982050003 0.00240000000000 0.00240000000000 0.06163237548205 0.10463609139895 0.04630876422215 0.02436331769301 0.07487447973261 0.11055172952266 0.05106788793315 0.02366335466100 0.00140000000000 0.00140000000000 0.00130000000000 0.00130000000000 0.00140000000000 0.00140000000000 0.00130000000000 0.00130000000000 0.00180000000000 0.00180000000000 0.00160000000000 0.00160000000000 0.00180000000000 0.00180000000000 0.00160000000000 0.00160000000000 
0.01520789534970 0.01954962721086 0.02163752927668 0.02574105127789 0.01573495531507 0.02028248568201 0.02092101162319 0.02472734694900 0.01937725279759 0.02350032306119 0.00140000000000 0.00170000000000 0.01887174886228 0.02268006504270 0.00140000000000 0.00160000000000 0.01683949018391 0.02068357709276 0.02633233238634 0.02973956768037 0.01736471438986 0.02138855429299 0.02494481480431 0.02833739972987 0.02386308655201 0.02723310210235 0.00140000000000 0.00170000000000 0.02275449145323 0.02636428294284 0.00140000000000 0.00170000000000 
0.00170000000000 0.00120000000000 0.11224167065856 0.00160000000000 0.03374481174885 0.01452700522745 0.00160000000000 0.02533893358616 0.00170000000000 0.00120000000000 0.01954201141459 0.00160000000000 0.03457069624152 0.00680000000000 0.00160000000000 0.02492708242403 0.00200000000000 0.00120000000000 0.01775230607883 0.00180000000000 0.01977359106458 0.01621880966911 0.00130000000000 0.01748557052357 0.00200000000000 0.00120000000000 0.01677350062711 0.00180000000000 0.01925583007538 0.01545009492772 0.00130000000000 0.01695019721534 
0.01556138363178 0.01892319410562 0.00120000000000 0.00170000000000 0.00670000000000 0.01628003164007 0.00120000000000 0.00170000000000 0.01413819446691 0.00130000000000 0.00170000000000 0.00710000000000 0.01465107596927 0.00130000000000 0.00170000000000 0.00360000000000 0.01995134596894 0.00140000000000 0.00160000000000 0.00660000000000 0.01700271062295 0.00140000000000 0.00160000000000 0.00600000000000 0.00140000000000 0.00110000000000 0.00850000000000 0.00140000000000 0.00140000000000 0.00110000000000 0.00750000000000 0.00140000000000 
0.00680000000000 0.00220000000000 0.01481905926907 0.01459306655395 0.00150000000000 0.00140000000000 0.00150000000000 0.00150000000000 0.00760000000000 0.00690000000000 0.03224742284335 0.02823351268377 0.00540000000000 0.00200000000000 0.01319404302040 0.00630000000000 0.00160000000000 0.00160000000000 0.00170000000000 0.00160000000000 0.00130000000000 0.00130000000000 0.00130000000000 0.00130000000000 0.00230000000000 0.00220000000000 0.00530000000000 0.00240000000000 0.00150000000000 0.00140000000000 0.00150000000000 0.00150000000000 
0.00180000000000 0.00170000000000 0.00140000000000 0.00140000000000 0.00170000000000 0.00160000000000 0.00140000000000 0.00130000000000 0.00190000000000 0.00180000000000 0.00140000000000 0.00140000000000 0.00180000000000 0.00170000000000 0.00140000000000 0.00140000000000 0.01393564777386 0.00200000000000 0.00150000000000 0.00150000000000 0.00210000000000 0.00190000000000 0.00150000000000 0.00140000000000 0.01444684019873 0.00210000000000 0.00150000000000 0.00150000000000 0.00220000000000 0.00190000000000 0.00150000000000 0.00140000000000 
0.02020643668605 0.01484591649865 0.01547412629067 0.00540000000000 0.01824112548341 0.01293694792014 0.00550000000000 0.00150000000000 0.02191041969306 0.00180000000000 0.00170000000000 0.00140000000000 0.00170000000000 0.00150000000000 0.00140000000000 0.00130000000000 0.00220000000000 0.00170000000000 0.00160000000000 0.00140000000000 0.00160000000000 0.00140000000000 0.00130000000000 0.00120000000000 0.00150000000000 0.00140000000000 0.00130000000000 0.00120000000000 0.00130000000000 0.00120000000000 0.00120000000000 0.00110000000000 
0.00160000000000 0.00120000000000 0.00180000000000 0.00130000000000 0.00120000000000 0.00110000000000 0.00120000000000 0.00110000000000 0.00210000000000 0.00140000000000 0.01890226650003 0.00150000000000 0.00120000000000 0.00110000000000 0.00130000000000 0.00110000000000 0.00110000000000 0.00110000000000 0.00120000000000 0.00110000000000 0.00100000000000 0.00100000000000 0.00100000000000 0.00100000000000 0.00120000000000 0.00110000000000 0.00130000000000 0.00110000000000 0.00110000000000 0.00100000000000 0.00110000000000 0.00100000000000 
0.01729554010203 0.00210000000000 0.11878650122135 0.01726246061069 0.01602596015887 0.00180000000000 0.05310558202559 0.01600686475963 0.01748383112740 0.00190000000000 0.11334685456776 0.01733753637522 0.01612018061314 0.00170000000000 0.08090682586395 0.01598993735775 0.02133404503435 0.02795414435840 0.00200000000000 0.01945726069716 0.02529881152197 0.02238950086728 0.01525732376022 0.02257539908210 0.02370248158861 0.02676331014519 0.00210000000000 0.02132284258665 0.02905813703507 0.02197458989617 0.01689034780650 0.02535281387427 
0.01524064642333 0.02666129800379 0.00190000000000 0.01761180066220 0.00700000000000 0.02007723900200 0.00170000000000 0.01400456673904 0.00610000000000 0.08986195298806 0.00190000000000 0.01547523763595 0.00210000000000 0.01825638141590 0.00170000000000 0.00230000000000 0.01686173814109 0.04548365448392 0.00690000000000 0.01984534875716 0.01377653736275 0.02388518946010 0.00190000000000 0.01734304840769 0.00720000000000 0.10356674427968 0.00220000000000 0.01781706790023 0.00630000000000 0.02295851347176 0.00180000000000 0.01544052143012 
M_out
1 1 1 1 1 0 0 0 0 0 0 0 0 0 0 0 0 0 0 0 0 0 0 0 0 0 0 0 0 0 0 0 0 0 0 0 0 0 0 0 0 0 0 0 0 0 0 0 0 0 0 0 0 0 0 0 0 0 0 0 0 0 0 0 0 0 0 0 0 0 0 0 0 0 0 0 0 0 0 0 0 0 0 0 0 0 0 0 0 0 0 0 0 0 0 0 0 0 0 0 
0 1 1 1 1 1 0 0 0 0 0 0 0 0 0 0 0 0 0 0 0 0 0 0 0 0 0 0 0 0 0 0 0 0 0 0 0 0 0 0 0 0 0 0 0 0 0 0 0 0 0 0 0 0 0 0 0 0 0 0 0 0 0 0 0 0 0 0 0 0 0 0 0 0 0 0 0 0 0 0 0 0 0 0 0 0 0 0 0 0 0 0 0 0 0 0 0 0 0 0 
0 0 1 1 1 1 1 0 0 0 0 0 0 0 0 0 0 0 0 0 0 0 0 0 0 0 0 0 0 0 0 0 0 0 0 0 0 0 0 0 0 0 0 0 0 0 0 0 0 0 0 0 0 0 0 0 0 0 0 0 0 0 0 0 0 0 0 0 0 0 0 0 0 0 0 0 0 0 0 0 0 0 0 0 0 0 0 0 0 0 0 0 0 0 0 0 0 0 0 0 
0 0 0 1 1 1 1 1 0 0 0 0 0 0 0 0 0 0 0 0 0 0 0 0 0 0 0 0 0 0 0 0 0 0 0 0 0 0 0 0 0 0 0 0 0 0 0 0 0 0 0 0 0 0 0 0 0 0 0 0 0 0 0 0 0 0 0 0 0 0 0 0 0 0 0 0 0 0 0 0 0 0 0 0 0 0 0 0 0 0 0 0 0 0 0 0 0 0 0 0 
0 0 0 0 1 1 1 1 1 0 0 0 0 0 0 0 0 0 0 0 0 0 0 0 0 0 0 0 0 0 0 0 0 0 0 0 0 0 0 0 0 0 0 0 0 0 0 0 0 0 0 0 0 0 0 0 0 0 0 0 0 0 0 0 0 0 0 0 0 0 0 0 0 0 0 0 0 0 0 0 0 0 0 0 0 0 0 0 0 0 0 0 0 0 0 0 0 0 0 0 
0 0 0 0 0 1 1 1 1 1 0 0 0 0 0 0 0 0 0 0 0 0 0 0 0 0 0 0 0 0 0 0 0 0 0 0 0 0 0 0 0 0 0 0 0 0 0 0 0 0 0 0 0 0 0 0 0 0 0 0 0 0 0 0 0 0 0 0 0 0 0 0 0 0 0 0 0 0 0 0 0 0 0 0 0 0 0 0 0 0 0 0 0 0 0 0 0 0 0 0 
0 0 0 0 0 0 1 1 1 1 1 0 0 0 0 0 0 0 0 0 0 0 0 0 0 0 0 0 0 0 0 0 0 0 0 0 0 0 0 0 0 0 0 0 0 0 0 0 0 0 0 0 0 0 0 0 0 0 0 0 0 0 0 0 0 0 0 0 0 0 0 0 0 0 0 0 0 0 0 0 0 0 0 0 0 0 0 0 0 0 0 0 0 0 0 0 0 0 0 0 
0 0 0 0 0 0 0 1 1 1 1 1 0 0 0 0 0 0 0 0 0 0 0 0 0 0 0 0 0 0 0 0 0 0 0 0 0 0 0 0 0 0 0 0 0 0 0 0 0 0 0 0 0 0 0 0 0 0 0 0 0 0 0 0 0 0 0 0 0 0 0 0 0 0 0 0 0 0 0 0 0 0 0 0 0 0 0 0 0 0 0 0 0 0 0 0 0 0 0 0 
0 0 0 0 0 0 0 0 1 1 1 1 1 0 0 0 0 0 0 0 0 0 0 0 0 0 0 0 0 0 0 0 0 0 0 0 0 0 0 0 0 0 0 0 0 0 0 0 0 0 0 0 0 0 0 0 0 0 0 0 0 0 0 0 0 0 0 0 0 0 0 0 0 0 0 0 0 0 0 0 0 0 0 0 0 0 0 0 0 0 0 0 0 0 0 0 0 0 0 0 
0 0 0 0 0 0 0 0 0 1 1 1 1 1 0 0 0 0 0 0 0 0 0 0 0 0 0 0 0 0 0 0 0 0 0 0 0 0 0 0 0 0 0 0 0 0 0 0 0 0 0 0 0 0 0 0 0 0 0 0 0 0 0 0 0 0 0 0 0 0 0 0 0 0 0 0 0 0 0 0 0 0 0 0 0 0 0 0 0 0 0 0 0 0 0 0 0 0 0 0 
0 0 0 0 0 0 0 0 0 0 1 1 1 1 1 0 0 0 0 0 0 0 0 0 0 0 0 0 0 0 0 0 0 0 0 0 0 0 0 0 0 0 0 0 0 0 0 0 0 0 0 0 0 0 0 0 0 0 0 0 0 0 0 0 0 0 0 0 0 0 0 0 0 0 0 0 0 0 0 0 0 0 0 0 0 0 0 0 0 0 0 0 0 0 0 0 0 0 0 0 
0 0 0 0 0 0 0 0 0 0 0 1 1 1 1 1 0 0 0 0 0 0 0 0 0 0 0 0 0 0 0 0 0 0 0 0 0 0 0 0 0 0 0 0 0 0 0 0 0 0 0 0 0 0 0 0 0 0 0 0 0 0 0 0 0 0 0 0 0 0 0 0 0 0 0 0 0 0 0 0 0 0 0 0 0 0 0 0 0 0 0 0 0 0 0 0 0 0 0 0 
0 0 0 0 0 0 0 0 0 0 0 0 1 1 1 1 1 0 0 0 0 0 0 0 0 0 0 0 0 0 0 0 0 0 0 0 0 0 0 0 0 0 0 0 0 0 0 0 0 0 0 0 0 0 0 0 0 0 0 0 0 0 0 0 0 0 0 0 0 0 0 0 0 0 0 0 0 0 0 0 0 0 0 0 0 0 0 0 0 0 0 0 0 0 0 0 0 0 0 0 
0 0 0 0 0 0 0 0 0 0 0 0 0 1 1 1 1 1 0 0 0 0 0 0 0 0 0 0 0 0 0 0 0 0 0 0 0 0 0 0 0 0 0 0 0 0 0 0 0 0 0 0 0 0 0 0 0 0 0 0 0 0 0 0 0 0 0 0 0 0 0 0 0 0 0 0 0 0 0 0 0 0 0 0 0 0 0 0 0 0 0 0 0 0 0 0 0 0 0 0 
0 0 0 0 0 0 0 0 0 0 0 0 0 0 1 1 1 1 1 0 0 0 0 0 0 0 0 0 0 0 0 0 0 0 0 0 0 0 0 0 0 0 0 0 0 0 0 0 0 0 0 0 0 0 0 0 0 0 0 0 0 0 0 0 0 0 0 0 0 0 0 0 0 0 0 0 0 0 0 0 0 0 0 0 0 0 0 0 0 0 0 0 0 0 0 0 0 0 0 0 
0 0 0 0 0 0 0 0 0 0 0 0 0 0 0 1 1 1 1 1 0 0 0 0 0 0 0 0 0 0 0 0 0 0 0 0 0 0 0 0 0 0 0 0 0 0 0 0 0 0 0 0 0 0 0 0 0 0 0 0 0 0 0 0 0 0 0 0 0 0 0 0 0 0 0 0 0 0 0 0 0 0 0 0 0 0 0 0 0 0 0 0 0 0 0 0 0 0 0 0 
0 0 0 0 0 0 0 0 0 0 0 0 0 0 0 0 1 1 1 1 1 0 0 0 0 0 0 0 0 0 0 0 0 0 0 0 0 0 0 0 0 0 0 0 0 0 0 0 0 0 0 0 0 0 0 0 0 0 0 0 0 0 0 0 0 0 0 0 0 0 0 0 0 0 0 0 0 0 0 0 0 0 0 0 0 0 0 0 0 0 0 0 0 0 0 0 0 0 0 0 
0 0 0 0 0 0 0 0 0 0 0 0 0 0 0 0 0 1 1 1 1 1 0 0 0 0 0 0 0 0 0 0 0 0 0 0 0 0 0 0 0 0 0 0 0 0 0 0 0 0 0 0 0 0 0 0 0 0 0 0 0 0 0 0 0 0 0 0 0 0 0 0 0 0 0 0 0 0 0 0 0 0 0 0 0 0 0 0 0 0 0 0 0 0 0 0 0 0 0 0 
0 0 0 0 0 0 0 0 0 0 0 0 0 0 0 0 0 0 1 1 1 1 1 0 0 0 0 0 0 0 0 0 0 0 0 0 0 0 0 0 0 0 0 0 0 0 0 0 0 0 0 0 0 0 0 0 0 0 0 0 0 0 0 0 0 0 0 0 0 0 0 0 0 0 0 0 0 0 0 0 0 0 0 0 0 0 0 0 0 0 0 0 0 0 0 0 0 0 0 0 
0 0 0 0 0 0 0 0 0 0 0 0 0 0 0 0 0 0 0 1 1 1 1 1 0 0 0 0 0 0 0 0 0 0 0 0 0 0 0 0 0 0 0 0 0 0 0 0 0 0 0 0 0 0 0 0 0 0 0 0 0 0 0 0 0 0 0 0 0 0 0 0 0 0 0 0 0 0 0 0 0 0 0 0 0 0 0 0 0 0 0 0 0 0 0 0 0 0 0 0 
0 0 0 0 0 0 0 0 0 0 0 0 0 0 0 0 0 0 0 0 1 1 1 1 1 0 0 0 0 0 0 0 0 0 0 0 0 0 0 0 0 0 0 0 0 0 0 0 0 0 0 0 0 0 0 0 0 0 0 0 0 0 0 0 0 0 0 0 0 0 0 0 0 0 0 0 0 0 0 0 0 0 0 0 0 0 0 0 0 0 0 0 0 0 0 0 0 0 0 0 
0 0 0 0 0 0 0 0 0 0 0 0 0 0 0 0 0 0 0 0 0 1 1 1 1 1 0 0 0 0 0 0 0 0 0 0 0 0 0 0 0 0 0 0 0 0 0 0 0 0 0 0 0 0 0 0 0 0 0 0 0 0 0 0 0 0 0 0 0 0 0 0 0 0 0 0 0 0 0 0 0 0 0 0 0 0 0 0 0 0 0 0 0 0 0 0 0 0 0 0 
0 0 0 0 0 0 0 0 0 0 0 0 0 0 0 0 0 0 0 0 0 0 1 1 1 1 1 0 0 0 0 0 0 0 0 0 0 0 0 0 0 0 0 0 0 0 0 0 0 0 0 0 0 0 0 0 0 0 0 0 0 0 0 0 0 0 0 0 0 0 0 0 0 0 0 0 0 0 0 0 0 0 0 0 0 0 0 0 0 0 0 0 0 0 0 0 0 0 0 0 
0 0 0 0 0 0 0 0 0 0 0 0 0 0 0 0 0 0 0 0 0 0 0 1 1 1 1 1 0 0 0 0 0 0 0 0 0 0 0 0 0 0 0 0 0 0 0 0 0 0 0 0 0 0 0 0 0 0 0 0 0 0 0 0 0 0 0 0 0 0 0 0 0 0 0 0 0 0 0 0 0 0 0 0 0 0 0 0 0 0 0 0 0 0 0 0 0 0 0 0 
0 0 0 0 0 0 0 0 0 0 0 0 0 0 0 0 0 0 0 0 0 0 0 0 1 1 1 1 1 0 0 0 0 0 0 0 0 0 0 0 0 0 0 0 0 0 0 0 0 0 0 0 0 0 0 0 0 0 0 0 0 0 0 0 0 0 0 0 0 0 0 0 0 0 0 0 0 0 0 0 0 0 0 0 0 0 0 0 0 0 0 0 0 0 0 0 0 0 0 0 
0 0 0 0 0 0 0 0 0 0 0 0 0 0 0 0 0 0 0 0 0 0 0 0 0 1 1 1 1 1 0 0 0 0 0 0 0 0 0 0 0 0 0 0 0 0 0 0 0 0 0 0 0 0 0 0 0 0 0 0 0 0 0 0 0 0 0 0 0 0 0 0 0 0 0 0 0 0 0 0 0 0 0 0 0 0 0 0 0 0 0 0 0 0 0 0 0 0 0 0 
0 0 0 0 0 0 0 0 0 0 0 0 0 0 0 0 0 0 0 0 0 0 0 0 0 0 1 1 1 1 1 0 0 0 0 0 0 0 0 0 0 0 0 0 0 0 0 0 0 0 0 0 0 0 0 0 0 0 0 0 0 0 0 0 0 0 0 0 0 0 0 0 0 0 0 0 0 0 0 0 0 0 0 0 0 0 0 0 0 0 0 0 0 0 0 0 0 0 0 0 
0 0 0 0 0 0 0 0 0 0 0 0 0 0 0 0 0 0 0 0 0 0 0 0 0 0 0 1 1 1 1 1 0 0 0 0 0 0 0 0 0 0 0 0 0 0 0 0 0 0 0 0 0 0 0 0 0 0 0 0 0 0 0 0 0 0 0 0 0 0 0 0 0 0 0 0 0 0 0 0 0 0 0 0 0 0 0 0 0 0 0 0 0 0 0 0 0 0 0 0 
0 0 0 0 0 0 0 0 0 0 0 0 0 0 0 0 0 0 0 0 0 0 0 0 0 0 0 0 1 1 1 1 1 0 0 0 0 0 0 0 0 0 0 0 0 0 0 0 0 0 0 0 0 0 0 0 0 0 0 0 0 0 0 0 0 0 0 0 0 0 0 0 0 0 0 0 0 0 0 0 0 0 0 0 0 0 0 0 0 0 0 0 0 0 0 0 0 0 0 0 
0 0 0 0 0 0 0 0 0 0 0 0 0 0 0 0 0 0 0 0 0 0 0 0 0 0 0 0 0 1 1 1 1 1 0 0 0 0 0 0 0 0 0 0 0 0 0 0 0 0 0 0 0 0 0 0 0 0 0 0 0 0 0 0 0 0 0 0 0 0 0 0 0 0 0 0 0 0 0 0 0 0 0 0 0 0 0 0 0 0 0 0 0 0 0 0 0 0 0 0 
0 0 0 0 0 0 0 0 0 0 0 0 0 0 0 0 0 0 0 0 0 0 0 0 0 0 0 0 0 0 1 1 1 1 1 0 0 0 0 0 0 0 0 0 0 0 0 0 0 0 0 0 0 0 0 0 0 0 0 0 0 0 0 0 0 0 0 0 0 0 0 0 0 0 0 0 0 0 0 0 0 0 0 0 0 0 0 0 0 0 0 0 0 0 0 0 0 0 0 0 
0 0 0 0 0 0 0 0 0 0 0 0 0 0 0 0 0 0 0 0 0 0 0 0 0 0 0 0 0 0 0 1 1 1 1 1 0 0 0 0 0 0 0 0 0 0 0 0 0 0 0 0 0 0 0 0 0 0 0 0 0 0 0 0 0 0 0 0 0 0 0 0 0 0 0 0 0 0 0 0 0 0 0 0 0 0 0 0 0 0 0 0 0 0 0 0 0 0 0 0 
0 0 0 0 0 0 0 0 0 0 0 0 0 0 0 0 0 0 0 0 0 0 0 0 0 0 0 0 0 0 0 0 1 1 1 1 1 0 0 0 0 0 0 0 0 0 0 0 0 0 0 0 0 0 0 0 0 0 0 0 0 0 0 0 0 0 0 0 0 0 0 0 0 0 0 0 0 0 0 0 0 0 0 0 0 0 0 0 0 0 0 0 0 0 0 0 0 0 0 0 
0 0 0 0 0 0 0 0 0 0 0 0 0 0 0 0 0 0 0 0 0 0 0 0 0 0 0 0 0 0 0 0 0 1 1 1 1 1 0 0 0 0 0 0 0 0 0 0 0 0 0 0 0 0 0 0 0 0 0 0 0 0 0 0 0 0 0 0 0 0 0 0 0 0 0 0 0 0 0 0 0 0 0 0 0 0 0 0 0 0 0 0 0 0 0 0 0 0 0 0 
0 0 0 0 0 0 0 0 0 0 0 0 0 0 0 0 0 0 0 0 0 0 0 0 0 0 0 0 0 0 0 0 0 0 1 1 1 1 1 0 0 0 0 0 0 0 0 0 0 0 0 0 0 0 0 0 0 0 0 0 0 0 0 0 0 0 0 0 0 0 0 0 0 0 0 0 0 0 0 0 0 0 0 0 0 0 0 0 0 0 0 0 0 0 0 0 0 0 0 0 
0 0 0 0 0 0 0 0 0 0 0 0 0 0 0 0 0 0 0 0 0 0 0 0 0 0 0 0 0 0 0 0 0 0 0 1 1 1 1 1 0 0 0 0 0 0 0 0 0 0 0 0 0 0 0 0 0 0 0 0 0 0 0 0 0 0 0 0 0 0 0 0 0 0 0 0 0 0 0 0 0 0 0 0 0 0 0 0 0 0 0 0 0 0 0 0 0 0 0 0 
0 0 0 0 0 0 0 0 0 0 0 0 0 0 0 0 0 0 0 0 0 0 0 0 0 0 0 0 0 0 0 0 0 0 0 0 1 1 1 1 1 0 0 0 0 0 0 0 0 0 0 0 0 0 0 0 0 0 0 0 0 0 0 0 0 0 0 0 0 0 0 0 0 0 0 0 0 0 0 0 0 0 0 0 0 0 0 0 0 0 0 0 0 0 0 0 0 0 0 0 
0 0 0 0 0 0 0 0 0 0 0 0 0 0 0 0 0 0 0 0 0 0 0 0 0 0 0 0 0 0 0 0 0 0 0 0 0 1 1 1 1 1 0 0 0 0 0 0 0 0 0 0 0 0 0 0 0 0 0 0 0 0 0 0 0 0 0 0 0 0 0 0 0 0 0 0 0 0 0 0 0 0 0 0 0 0 0 0 0 0 0 0 0 0 0 0 0 0 0 0 
0 0 0 0 0 0 0 0 0 0 0 0 0 0 0 0 0 0 0 0 0 0 0 0 0 0 0 0 0 0 0 0 0 0 0 0 0 0 1 1 1 1 1 0 0 0 0 0 0 0 0 0 0 0 0 0 0 0 0 0 0 0 0 0 0 0 0 0 0 0 0 0 0 0 0 0 0 0 0 0 0 0 0 0 0 0 0 0 0 0 0 0 0 0 0 0 0 0 0 0 
0 0 0 0 0 0 0 0 0 0 0 0 0 0 0 0 0 0 0 0 0 0 0 0 0 0 0 0 0 0 0 0 0 0 0 0 0 0 0 1 1 1 1 1 0 0 0 0 0 0 0 0 0 0 0 0 0 0 0 0 0 0 0 0 0 0 0 0 0 0 0 0 0 0 0 0 0 0 0 0 0 0 0 0 0 0 0 0 0 0 0 0 0 0 0 0 0 0 0 0 
0 0 0 0 0 0 0 0 0 0 0 0 0 0 0 0 0 0 0 0 0 0 0 0 0 0 0 0 0 0 0 0 0 0 0 0 0 0 0 0 1 1 1 1 1 0 0 0 0 0 0 0 0 0 0 0 0 0 0 0 0 0 0 0 0 0 0 0 0 0 0 0 0 0 0 0 0 0 0 0 0 0 0 0 0 0 0 0 0 0 0 0 0 0 0 0 0 0 0 0 
0 0 0 0 0 0 0 0 0 0 0 0 0 0 0 0 0 0 0 0 0 0 0 0 0 0 0 0 0 0 0 0 0 0 0 0 0 0 0 0 0 1 1 1 1 1 0 0 0 0 0 0 0 0 0 0 0 0 0 0 0 0 0 0 0 0 0 0 0 0 0 0 0 0 0 0 0 0 0 0 0 0 0 0 0 0 0 0 0 0 0 0 0 0 0 0 0 0 0 0 
0 0 0 0 0 0 0 0 0 0 0 0 0 0 0 0 0 0 0 0 0 0 0 0 0 0 0 0 0 0 0 0 0 0 0 0 0 0 0 0 0 0 1 1 1 1 1 0 0 0 0 0 0 0 0 0 0 0 0 0 0 0 0 0 0 0 0 0 0 0 0 0 0 0 0 0 0 0 0 0 0 0 0 0 0 0 0 0 0 0 0 0 0 0 0 0 0 0 0 0 
0 0 0 0 0 0 0 0 0 0 0 0 0 0 0 0 0 0 0 0 0 0 0 0 0 0 0 0 0 0 0 0 0 0 0 0 0 0 0 0 0 0 0 1 1 1 1 1 0 0 0 0 0 0 0 0 0 0 0 0 0 0 0 0 0 0 0 0 0 0 0 0 0 0 0 0 0 0 0 0 0 0 0 0 0 0 0 0 0 0 0 0 0 0 0 0 0 0 0 0 
0 0 0 0 0 0 0 0 0 0 0 0 0 0 0 0 0 0 0 0 0 0 0 0 0 0 0 0 0 0 0 0 0 0 0 0 0 0 0 0 0 0 0 0 1 1 1 1 1 0 0 0 0 0 0 0 0 0 0 0 0 0 0 0 0 0 0 0 0 0 0 0 0 0 0 0 0 0 0 0 0 0 0 0 0 0 0 0 0 0 0 0 0 0 0 0 0 0 0 0 
0 0 0 0 0 0 0 0 0 0 0 0 0 0 0 0 0 0 0 0 0 0 0 0 0 0 0 0 0 0 0 0 0 0 0 0 0 0 0 0 0 0 0 0 0 1 1 1 1 1 0 0 0 0 0 0 0 0 0 0 0 0 0 0 0 0 0 0 0 0 0 0 0 0 0 0 0 0 0 0 0 0 0 0 0 0 0 0 0 0 0 0 0 0 0 0 0 0 0 0 
0 0 0 0 0 0 0 0 0 0 0 0 0 0 0 0 0 0 0 0 0 0 0 0 0 0 0 0 0 0 0 0 0 0 0 0 0 0 0 0 0 0 0 0 0 0 1 1 1 1 1 0 0 0 0 0 0 0 0 0 0 0 0 0 0 0 0 0 0 0 0 0 0 0 0 0 0 0 0 0 0 0 0 0 0 0 0 0 0 0 0 0 0 0 0 0 0 0 0 0 
0 0 0 0 0 0 0 0 0 0 0 0 0 0 0 0 0 0 0 0 0 0 0 0 0 0 0 0 0 0 0 0 0 0 0 0 0 0 0 0 0 0 0 0 0 0 0 1 1 1 1 1 0 0 0 0 0 0 0 0 0 0 0 0 0 0 0 0 0 0 0 0 0 0 0 0 0 0 0 0 0 0 0 0 0 0 0 0 0 0 0 0 0 0 0 0 0 0 0 0 
0 0 0 0 0 0 0 0 0 0 0 0 0 0 0 0 0 0 0 0 0 0 0 0 0 0 0 0 0 0 0 0 0 0 0 0 0 0 0 0 0 0 0 0 0 0 0 0 1 1 1 1 1 0 0 0 0 0 0 0 0 0 0 0 0 0 0 0 0 0 0 0 0 0 0 0 0 0 0 0 0 0 0 0 0 0 0 0 0 0 0 0 0 0 0 0 0 0 0 0 
0 0 0 0 0 0 0 0 0 0 0 0 0 0 0 0 0 0 0 0 0 0 0 0 0 0 0 0 0 0 0 0 0 0 0 0 0 0 0 0 0 0 0 0 0 0 0 0 0 1 1 1 1 1 0 0 0 0 0 0 0 0 0 0 0 0 0 0 0 0 0 0 0 0 0 0 0 0 0 0 0 0 0 0 0 0 0 0 0 0 0 0 0 0 0 0 0 0 0 0 
0 0 0 0 0 0 0 0 0 0 0 0 0 0 0 0 0 0 0 0 0 0 0 0 0 0 0 0 0 0 0 0 0 0 0 0 0 0 0 0 0 0 0 0 0 0 0 0 0 0 1 1 1 1 1 0 0 0 0 0 0 0 0 0 0 0 0 0 0 0 0 0 0 0 0 0 0 0 0 0 0 0 0 0 0 0 0 0 0 0 0 0 0 0 0 0 0 0 0 0 
0 0 0 0 0 0 0 0 0 0 0 0 0 0 0 0 0 0 0 0 0 0 0 0 0 0 0 0 0 0 0 0 0 0 0 0 0 0 0 0 0 0 0 0 0 0 0 0 0 0 0 1 1 1 1 1 0 0 0 0 0 0 0 0 0 0 0 0 0 0 0 0 0 0 0 0 0 0 0 0 0 0 0 0 0 0 0 0 0 0 0 0 0 0 0 0 0 0 0 0 
0 0 0 0 0 0 0 0 0 0 0 0 0 0 0 0 0 0 0 0 0 0 0 0 0 0 0 0 0 0 0 0 0 0 0 0 0 0 0 0 0 0 0 0 0 0 0 0 0 0 0 0 1 1 1 1 1 0 0 0 0 0 0 0 0 0 0 0 0 0 0 0 0 0 0 0 0 0 0 0 0 0 0 0 0 0 0 0 0 0 0 0 0 0 0 0 0 0 0 0 
0 0 0 0 0 0 0 0 0 0 0 0 0 0 0 0 0 0 0 0 0 0 0 0 0 0 0 0 0 0 0 0 0 0 0 0 0 0 0 0 0 0 0 0 0 0 0 0 0 0 0 0 0 1 1 1 1 1 0 0 0 0 0 0 0 0 0 0 0 0 0 0 0 0 0 0 0 0 0 0 0 0 0 0 0 0 0 0 0 0 0 0 0 0 0 0 0 0 0 0 
0 0 0 0 0 0 0 0 0 0 0 0 0 0 0 0 0 0 0 0 0 0 0 0 0 0 0 0 0 0 0 0 0 0 0 0 0 0 0 0 0 0 0 0 0 0 0 0 0 0 0 0 0 0 1 1 1 1 1 0 0 0 0 0 0 0 0 0 0 0 0 0 0 0 0 0 0 0 0 0 0 0 0 0 0 0 0 0 0 0 0 0 0 0 0 0 0 0 0 0 
0 0 0 0 0 0 0 0 0 0 0 0 0 0 0 0 0 0 0 0 0 0 0 0 0 0 0 0 0 0 0 0 0 0 0 0 0 0 0 0 0 0 0 0 0 0 0 0 0 0 0 0 0 0 0 1 1 1 1 1 0 0 0 0 0 0 0 0 0 0 0 0 0 0 0 0 0 0 0 0 0 0 0 0 0 0 0 0 0 0 0 0 0 0 0 0 0 0 0 0 
0 0 0 0 0 0 0 0 0 0 0 0 0 0 0 0 0 0 0 0 0 0 0 0 0 0 0 0 0 0 0 0 0 0 0 0 0 0 0 0 0 0 0 0 0 0 0 0 0 0 0 0 0 0 0 0 1 1 1 1 1 0 0 0 0 0 0 0 0 0 0 0 0 0 0 0 0 0 0 0 0 0 0 0 0 0 0 0 0 0 0 0 0 0 0 0 0 0 0 0 
0 0 0 0 0 0 0 0 0 0 0 0 0 0 0 0 0 0 0 0 0 0 0 0 0 0 0 0 0 0 0 0 0 0 0 0 0 0 0 0 0 0 0 0 0 0 0 0 0 0 0 0 0 0 0 0 0 1 1 1 1 1 0 0 0 0 0 0 0 0 0 0 0 0 0 0 0 0 0 0 0 0 0 0 0 0 0 0 0 0 0 0 0 0 0 0 0 0 0 0 
0 0 0 0 0 0 0 0 0 0 0 0 0 0 0 0 0 0 0 0 0 0 0 0 0 0 0 0 0 0 0 0 0 0 0 0 0 0 0 0 0 0 0 0 0 0 0 0 0 0 0 0 0 0 0 0 0 0 1 1 1 1 1 0 0 0 0 0 0 0 0 0 0 0 0 0 0 0 0 0 0 0 0 0 0 0 0 0 0 0 0 0 0 0 0 0 0 0 0 0 
0 0 0 0 0 0 0 0 0 0 0 0 0 0 0 0 0 0 0 0 0 0 0 0 0 0 0 0 0 0 0 0 0 0 0 0 0 0 0 0 0 0 0 0 0 0 0 0 0 0 0 0 0 0 0 0 0 0 0 1 1 1 1 1 0 0 0 0 0 0 0 0 0 0 0 0 0 0 0 0 0 0 0 0 0 0 0 0 0 0 0 0 0 0 0 0 0 0 0 0 
0 0 0 0 0 0 0 0 0 0 0 0 0 0 0 0 0 0 0 0 0 0 0 0 0 0 0 0 0 0 0 0 0 0 0 0 0 0 0 0 0 0 0 0 0 0 0 0 0 0 0 0 0 0 0 0 0 0 0 0 1 1 1 1 1 0 0 0 0 0 0 0 0 0 0 0 0 0 0 0 0 0 0 0 0 0 0 0 0 0 0 0 0 0 0 0 0 0 0 0 
0 0 0 0 0 0 0 0 0 0 0 0 0 0 0 0 0 0 0 0 0 0 0 0 0 0 0 0 0 0 0 0 0 0 0 0 0 0 0 0 0 0 0 0 0 0 0 0 0 0 0 0 0 0 0 0 0 0 0 0 0 1 1 1 1 1 0 0 0 0 0 0 0 0 0 0 0 0 0 0 0 0 0 0 0 0 0 0 0 0 0 0 0 0 0 0 0 0 0 0 
0 0 0 0 0 0 0 0 0 0 0 0 0 0 0 0 0 0 0 0 0 0 0 0 0 0 0 0 0 0 0 0 0 0 0 0 0 0 0 0 0 0 0 0 0 0 0 0 0 0 0 0 0 0 0 0 0 0 0 0 0 0 1 1 1 1 1 0 0 0 0 0 0 0 0 0 0 0 0 0 0 0 0 0 0 0 0 0 0 0 0 0 0 0 0 0 0 0 0 0 
0 0 0 0 0 0 0 0 0 0 0 0 0 0 0 0 0 0 0 0 0 0 0 0 0 0 0 0 0 0 0 0 0 0 0 0 0 0 0 0 0 0 0 0 0 0 0 0 0 0 0 0 0 0 0 0 0 0 0 0 0 0 0 1 1 1 1 1 0 0 0 0 0 0 0 0 0 0 0 0 0 0 0 0 0 0 0 0 0 0 0 0 0 0 0 0 0 0 0 0 
0 0 0 0 0 0 0 0 0 0 0 0 0 0 0 0 0 0 0 0 0 0 0 0 0 0 0 0 0 0 0 0 0 0 0 0 0 0 0 0 0 0 0 0 0 0 0 0 0 0 0 0 0 0 0 0 0 0 0 0 0 0 0 0 1 1 1 1 1 0 0 0 0 0 0 0 0 0 0 0 0 0 0 0 0 0 0 0 0 0 0 0 0 0 0 0 0 0 0 0 
0 0 0 0 0 0 0 0 0 0 0 0 0 0 0 0 0 0 0 0 0 0 0 0 0 0 0 0 0 0 0 0 0 0 0 0 0 0 0 0 0 0 0 0 0 0 0 0 0 0 0 0 0 0 0 0 0 0 0 0 0 0 0 0 0 1 1 1 1 1 0 0 0 0 0 0 0 0 0 0 0 0 0 0 0 0 0 0 0 0 0 0 0 0 0 0 0 0 0 0 
0 0 0 0 0 0 0 0 0 0 0 0 0 0 0 0 0 0 0 0 0 0 0 0 0 0 0 0 0 0 0 0 0 0 0 0 0 0 0 0 0 0 0 0 0 0 0 0 0 0 0 0 0 0 0 0 0 0 0 0 0 0 0 0 0 0 1 1 1 1 1 0 0 0 0 0 0 0 0 0 0 0 0 0 0 0 0 0 0 0 0 0 0 0 0 0 0 0 0 0 
0 0 0 0 0 0 0 0 0 0 0 0 0 0 0 0 0 0 0 0 0 0 0 0 0 0 0 0 0 0 0 0 0 0 0 0 0 0 0 0 0 0 0 0 0 0 0 0 0 0 0 0 0 0 0 0 0 0 0 0 0 0 0 0 0 0 0 1 1 1 1 1 0 0 0 0 0 0 0 0 0 0 0 0 0 0 0 0 0 0 0 0 0 0 0 0 0 0 0 0 
0 0 0 0 0 0 0 0 0 0 0 0 0 0 0 0 0 0 0 0 0 0 0 0 0 0 0 0 0 0 0 0 0 0 0 0 0 0 0 0 0 0 0 0 0 0 0 0 0 0 0 0 0 0 0 0 0 0 0 0 0 0 0 0 0 0 0 0 1 1 1 1 1 0 0 0 0 0 0 0 0 0 0 0 0 0 0 0 0 0 0 0 0 0 0 0 0 0 0 0 
0 0 0 0 0 0 0 0 0 0 0 0 0 0 0 0 0 0 0 0 0 0 0 0 0 0 0 0 0 0 0 0 0 0 0 0 0 0 0 0 0 0 0 0 0 0 0 0 0 0 0 0 0 0 0 0 0 0 0 0 0 0 0 0 0 0 0 0 0 1 1 1 1 1 0 0 0 0 0 0 0 0 0 0 0 0 0 0 0 0 0 0 0 0 0 0 0 0 0 0 
0 0 0 0 0 0 0 0 0 0 0 0 0 0 0 0 0 0 0 0 0 0 0 0 0 0 0 0 0 0 0 0 0 0 0 0 0 0 0 0 0 0 0 0 0 0 0 0 0 0 0 0 0 0 0 0 0 0 0 0 0 0 0 0 0 0 0 0 0 0 1 1 1 1 1 0 0 0 0 0 0 0 0 0 0 0 0 0 0 0 0 0 0 0 0 0 0 0 0 0 
0 0 0 0 0 0 0 0 0 0 0 0 0 0 0 0 0 0 0 0 0 0 0 0 0 0 0 0 0 0 0 0 0 0 0 0 0 0 0 0 0 0 0 0 0 0 0 0 0 0 0 0 0 0 0 0 0 0 0 0 0 0 0 0 0 0 0 0 0 0 0 1 1 1 1 1 0 0 0 0 0 0 0 0 0 0 0 0 0 0 0 0 0 0 0 0 0 0 0 0 
0 0 0 0 0 0 0 0 0 0 0 0 0 0 0 0 0 0 0 0 0 0 0 0 0 0 0 0 0 0 0 0 0 0 0 0 0 0 0 0 0 0 0 0 0 0 0 0 0 0 0 0 0 0 0 0 0 0 0 0 0 0 0 0 0 0 0 0 0 0 0 0 1 1 1 1 1 0 0 0 0 0 0 0 0 0 0 0 0 0 0 0 0 0 0 0 0 0 0 0 
0 0 0 0 0 0 0 0 0 0 0 0 0 0 0 0 0 0 0 0 0 0 0 0 0 0 0 0 0 0 0 0 0 0 0 0 0 0 0 0 0 0 0 0 0 0 0 0 0 0 0 0 0 0 0 0 0 0 0 0 0 0 0 0 0 0 0 0 0 0 0 0 0 1 1 1 1 1 0 0 0 0 0 0 0 0 0 0 0 0 0 0 0 0 0 0 0 0 0 0 
0 0 0 0 0 0 0 0 0 0 0 0 0 0 0 0 0 0 0 0 0 0 0 0 0 0 0 0 0 0 0 0 0 0 0 0 0 0 0 0 0 0 0 0 0 0 0 0 0 0 0 0 0 0 0 0 0 0 0 0 0 0 0 0 0 0 0 0 0 0 0 0 0 0 1 1 1 1 1 0 0 0 0 0 0 0 0 0 0 0 0 0 0 0 0 0 0 0 0 0 
0 0 0 0 0 0 0 0 0 0 0 0 0 0 0 0 0 0 0 0 0 0 0 0 0 0 0 0 0 0 0 0 0 0 0 0 0 0 0 0 0 0 0 0 0 0 0 0 0 0 0 0 0 0 0 0 0 0 0 0 0 0 0 0 0 0 0 0 0 0 0 0 0 0 0 1 1 1 1 1 0 0 0 0 0 0 0 0 0 0 0 0 0 0 0 0 0 0 0 0 
0 0 0 0 0 0 0 0 0 0 0 0 0 0 0 0 0 0 0 0 0 0 0 0 0 0 0 0 0 0 0 0 0 0 0 0 0 0 0 0 0 0 0 0 0 0 0 0 0 0 0 0 0 0 0 0 0 0 0 0 0 0 0 0 0 0 0 0 0 0 0 0 0 0 0 0 1 1 1 1 1 0 0 0 0 0 0 0 0 0 0 0 0 0 0 0 0 0 0 0 
0 0 0 0 0 0 0 0 0 0 0 0 0 0 0 0 0 0 0 0 0 0 0 0 0 0 0 0 0 0 0 0 0 0 0 0 0 0 0 0 0 0 0 0 0 0 0 0 0 0 0 0 0 0 0 0 0 0 0 0 0 0 0 0 0 0 0 0 0 0 0 0 0 0 0 0 0 1 1 1 1 1 0 0 0 0 0 0 0 0 0 0 0 0 0 0 0 0 0 0 
0 0 0 0 0 0 0 0 0 0 0 0 0 0 0 0 0 0 0 0 0 0 0 0 0 0 0 0 0 0 0 0 0 0 0 0 0 0 0 0 0 0 0 0 0 0 0 0 0 0 0 0 0 0 0 0 0 0 0 0 0 0 0 0 0 0 0 0 0 0 0 0 0 0 0 0 0 0 1 1 1 1 1 0 0 0 0 0 0 0 0 0 0 0 0 0 0 0 0 0 
0 0 0 0 0 0 0 0 0 0 0 0 0 0 0 0 0 0 0 0 0 0 0 0 0 0 0 0 0 0 0 0 0 0 0 0 0 0 0 0 0 0 0 0 0 0 0 0 0 0 0 0 0 0 0 0 0 0 0 0 0 0 0 0 0 0 0 0 0 0 0 0 0 0 0 0 0 0 0 1 1 1 1 1 0 0 0 0 0 0 0 0 0 0 0 0 0 0 0 0 
0 0 0 0 0 0 0 0 0 0 0 0 0 0 0 0 0 0 0 0 0 0 0 0 0 0 0 0 0 0 0 0 0 0 0 0 0 0 0 0 0 0 0 0 0 0 0 0 0 0 0 0 0 0 0 0 0 0 0 0 0 0 0 0 0 0 0 0 0 0 0 0 0 0 0 0 0 0 0 0 1 1 1 1 1 0 0 0 0 0 0 0 0 0 0 0 0 0 0 0 
0 0 0 0 0 0 0 0 0 0 0 0 0 0 0 0 0 0 0 0 0 0 0 0 0 0 0 0 0 0 0 0 0 0 0 0 0 0 0 0 0 0 0 0 0 0 0 0 0 0 0 0 0 0 0 0 0 0 0 0 0 0 0 0 0 0 0 0 0 0 0 0 0 0 0 0 0 0 0 0 0 1 1 1 1 1 0 0 0 0 0 0 0 0 0 0 0 0 0 0 
0 0 0 0 0 0 0 0 0 0 0 0 0 0 0 0 0 0 0 0 0 0 0 0 0 0 0 0 0 0 0 0 0 0 0 0 0 0 0 0 0 0 0 0 0 0 0 0 0 0 0 0 0 0 0 0 0 0 0 0 0 0 0 0 0 0 0 0 0 0 0 0 0 0 0 0 0 0 0 0 0 0 1 1 1 1 1 0 0 0 0 0 0 0 0 0 0 0 0 0 
0 0 0 0 0 0 0 0 0 0 0 0 0 0 0 0 0 0 0 0 0 0 0 0 0 0 0 0 0 0 0 0 0 0 0 0 0 0 0 0 0 0 0 0 0 0 0 0 0 0 0 0 0 0 0 0 0 0 0 0 0 0 0 0 0 0 0 0 0 0 0 0 0 0 0 0 0 0 0 0 0 0 0 1 1 1 1 1 0 0 0 0 0 0 0 0 0 0 0 0 
0 0 0 0 0 0 0 0 0 0 0 0 0 0 0 0 0 0 0 0 0 0 0 0 0 0 0 0 0 0 0 0 0 0 0 0 0 0 0 0 0 0 0 0 0 0 0 0 0 0 0 0 0 0 0 0 0 0 0 0 0 0 0 0 0 0 0 0 0 0 0 0 0 0 0 0 0 0 0 0 0 0 0 0 1 1 1 1 1 0 0 0 0 0 0 0 0 0 0 0 
0 0 0 0 0 0 0 0 0 0 0 0 0 0 0 0 0 0 0 0 0 0 0 0 0 0 0 0 0 0 0 0 0 0 0 0 0 0 0 0 0 0 0 0 0 0 0 0 0 0 0 0 0 0 0 0 0 0 0 0 0 0 0 0 0 0 0 0 0 0 0 0 0 0 0 0 0 0 0 0 0 0 0 0 0 1 1 1 1 1 0 0 0 0 0 0 0 0 0 0 
0 0 0 0 0 0 0 0 0 0 0 0 0 0 0 0 0 0 0 0 0 0 0 0 0 0 0 0 0 0 0 0 0 0 0 0 0 0 0 0 0 0 0 0 0 0 0 0 0 0 0 0 0 0 0 0 0 0 0 0 0 0 0 0 0 0 0 0 0 0 0 0 0 0 0 0 0 0 0 0 0 0 0 0 0 0 1 1 1 1 1 0 0 0 0 0 0 0 0 0 
0 0 0 0 0 0 0 0 0 0 0 0 0 0 0 0 0 0 0 0 0 0 0 0 0 0 0 0 0 0 0 0 0 0 0 0 0 0 0 0 0 0 0 0 0 0 0 0 0 0 0 0 0 0 0 0 0 0 0 0 0 0 0 0 0 0 0 0 0 0 0 0 0 0 0 0 0 0 0 0 0 0 0 0 0 0 0 1 1 1 1 1 0 0 0 0 0 0 0 0 
0 0 0 0 0 0 0 0 0 0 0 0 0 0 0 0 0 0 0 0 0 0 0 0 0 0 0 0 0 0 0 0 0 0 0 0 0 0 0 0 0 0 0 0 0 0 0 0 0 0 0 0 0 0 0 0 0 0 0 0 0 0 0 0 0 0 0 0 0 0 0 0 0 0 0 0 0 0 0 0 0 0 0 0 0 0 0 0 1 1 1 1 1 0 0 0 0 0 0 0 
0 0 0 0 0 0 0 0 0 0 0 0 0 0 0 0 0 0 0 0 0 0 0 0 0 0 0 0 0 0 0 0 0 0 0 0 0 0 0 0 0 0 0 0 0 0 0 0 0 0 0 0 0 0 0 0 0 0 0 0 0 0 0 0 0 0 0 0 0 0 0 0 0 0 0 0 0 0 0 0 0 0 0 0 0 0 0 0 0 1 1 1 1 1 0 0 0 0 0 0 
0 0 0 0 0 0 0 0 0 0 0 0 0 0 0 0 0 0 0 0 0 0 0 0 0 0 0 0 0 0 0 0 0 0 0 0 0 0 0 0 0 0 0 0 0 0 0 0 0 0 0 0 0 0 0 0 0 0 0 0 0 0 0 0 0 0 0 0 0 0 0 0 0 0 0 0 0 0 0 0 0 0 0 0 0 0 0 0 0 0 1 1 1 1 1 0 0 0 0 0 
0 0 0 0 0 0 0 0 0 0 0 0 0 0 0 0 0 0 0 0 0 0 0 0 0 0 0 0 0 0 0 0 0 0 0 0 0 0 0 0 0 0 0 0 0 0 0 0 0 0 0 0 0 0 0 0 0 0 0 0 0 0 0 0 0 0 0 0 0 0 0 0 0 0 0 0 0 0 0 0 0 0 0 0 0 0 0 0 0 0 0 1 1 1 1 1 0 0 0 0 
0 0 0 0 0 0 0 0 0 0 0 0 0 0 0 0 0 0 0 0 0 0 0 0 0 0 0 0 0 0 0 0 0 0 0 0 0 0 0 0 0 0 0 0 0 0 0 0 0 0 0 0 0 0 0 0 0 0 0 0 0 0 0 0 0 0 0 0 0 0 0 0 0 0 0 0 0 0 0 0 0 0 0 0 0 0 0 0 0 0 0 0 1 1 1 1 1 0 0 0 
0 0 0 0 0 0 0 0 0 0 0 0 0 0 0 0 0 0 0 0 0 0 0 0 0 0 0 0 0 0 0 0 0 0 0 0 0 0 0 0 0 0 0 0 0 0 0 0 0 0 0 0 0 0 0 0 0 0 0 0 0 0 0 0 0 0 0 0 0 0 0 0 0 0 0 0 0 0 0 0 0 0 0 0 0 0 0 0 0 0 0 0 0 1 1 1 1 1 0 0 
0 0 0 0 0 0 0 0 0 0 0 0 0 0 0 0 0 0 0 0 0 0 0 0 0 0 0 0 0 0 0 0 0 0 0 0 0 0 0 0 0 0 0 0 0 0 0 0 0 0 0 0 0 0 0 0 0 0 0 0 0 0 0 0 0 0 0 0 0 0 0 0 0 0 0 0 0 0 0 0 0 0 0 0 0 0 0 0 0 0 0 0 0 0 1 1 1 1 1 0 
0 0 0 0 0 0 0 0 0 0 0 0 0 0 0 0 0 0 0 0 0 0 0 0 0 0 0 0 0 0 0 0 0 0 0 0 0 0 0 0 0 0 0 0 0 0 0 0 0 0 0 0 0 0 0 0 0 0 0 0 0 0 0 0 0 0 0 0 0 0 0 0 0 0 0 0 0 0 0 0 0 0 0 0 0 0 0 0 0 0 0 0 0 0 0 1 1 1 1 1 
1 0 0 0 0 0 0 0 0 0 0 0 0 0 0 0 0 0 0 0 0 0 0 0 0 0 0 0 0 0 0 0 0 0 0 0 0 0 0 0 0 0 0 0 0 0 0 0 0 0 0 0 0 0 0 0 0 0 0 0 0 0 0 0 0 0 0 0 0 0 0 0 0 0 0 0 0 0 0 0 0 0 0 0 0 0 0 0 0 0 0 0 0 0 0 0 1 1 1 1 
1 1 0 0 0 0 0 0 0 0 0 0 0 0 0 0 0 0 0 0 0 0 0 0 0 0 0 0 0 0 0 0 0 0 0 0 0 0 0 0 0 0 0 0 0 0 0 0 0 0 0 0 0 0 0 0 0 0 0 0 0 0 0 0 0 0 0 0 0 0 0 0 0 0 0 0 0 0 0 0 0 0 0 0 0 0 0 0 0 0 0 0 0 0 0 0 0 1 1 1 
1 1 1 0 0 0 0 0 0 0 0 0 0 0 0 0 0 0 0 0 0 0 0 0 0 0 0 0 0 0 0 0 0 0 0 0 0 0 0 0 0 0 0 0 0 0 0 0 0 0 0 0 0 0 0 0 0 0 0 0 0 0 0 0 0 0 0 0 0 0 0 0 0 0 0 0 0 0 0 0 0 0 0 0 0 0 0 0 0 0 0 0 0 0 0 0 0 0 1 1 
1 1 1 1 0 0 0 0 0 0 0 0 0 0 0 0 0 0 0 0 0 0 0 0 0 0 0 0 0 0 0 0 0 0 0 0 0 0 0 0 0 0 0 0 0 0 0 0 0 0 0 0 0 0 0 0 0 0 0 0 0 0 0 0 0 0 0 0 0 0 0 0 0 0 0 0 0 0 0 0 0 0 0 0 0 0 0 0 0 0 0 0 0 0 0 0 0 0 0 1 
