Parameters
100 4
F_el
0.00150000000000 0.00130000000000 0.00200000000000 0.00160000000000 0.00150000000000 0.00130000000000 0.00210000000000 0.00170000000000 0.00140000000000 0.00130000000000 0.00170000000000 0.00150000000000 0.00140000000000 0.00130000000000 0.00180000000000 0.00150000000000 0.00130000000000 0.00120000000000 0.00150000000000 0.00130000000000 0.00130000000000 0.00120000000000 0.00150000000000 0.00130000000000 0.00120000000000 0.00110000000000 0.00140000000000 0.00130000000000 0.00120000000000 0.00110000000000 0.00140000000000 0.00130000000000 
0.00170000000000 0.00250000000000 0.00140000000000 0.00170000000000 0.00200000000000 0.00760000000000 0.00150000000000 0.00190000000000 0.00140000000000 0.00180000000000 0.00130000000000 0.00140000000000 0.00160000000000 0.00210000000000 0.00130000000000 0.00160000000000 0.10730655074248 0.01622940592933 0.01645582772145 0.00690000000000 0.00590000000000 0.00180000000000 0.00870000000000 0.00220000000000 0.01786964314175 0.00860000000000 0.00210000000000 0.00490000000000 0.02374272591594 0.00680000000000 0.00260000000000 0.00690000000000 
0.01487910077150 0.01401527370593 0.01610924294443 0.00890000000000 0.01437229112005 0.00230000000000 0.01569355307553 0.00880000000000 0.00200000000000 0.00180000000000 0.00820000000000 0.00210000000000 0.00190000000000 0.00180000000000 0.00240000000000 0.00200000000000 0.00900000000000 0.00920000000000 0.00920000000000 0.00940000000000 0.00900000000000 0.00920000000000 0.00920000000000 0.00940000000000 0.00900000000000 0.00160000000000 0.00930000000000 0.00950000000000 0.00900000000000 0.00150000000000 0.00930000000000 0.00170000000000 
0.01847275538152 0.01881051202937 0.01763594571185 0.01800601337750 0.02776732634875 0.03369881150483 0.02785563973089 0.03305863369645 0.10581267280528 0.12484709312753 0.05574202650083 0.10441283264831 0.03568584764148 0.03951941740068 0.02734581251757 0.02707393552115 0.00180000000000 0.00210000000000 0.00600000000000 0.00580000000000 0.00710000000000 0.00730000000000 0.00720000000000 0.00750000000000 0.01672462427195 0.01679052467367 0.01601624390487 0.01610910436381 0.02140856907015 0.02208385611319 0.02012393387718 0.02047669656200 
0.00760000000000 0.00150000000000 0.01793589725018 0.00190000000000 0.01708892213195 0.00170000000000 0.02348275108516 0.00520000000000 0.01634970361151 0.00170000000000 0.02225462296508 0.00240000000000 0.02051469164004 0.00200000000000 0.03790808870618 0.00530000000000 0.02840735587788 0.01852845268661 0.11589220303654 0.04798109227972 0.11359229434616 0.03552798249730 0.03347631877146 0.10425847670362 0.11870232021416 0.02853703726734 0.02462727314906 0.10293111040176 0.10500534335069 0.05697818816872 0.02309318043166 0.10420067006911 
0.01503856923104 0.01761334147835 0.00130000000000 0.00140000000000 0.00150000000000 0.00180000000000 0.00120000000000 0.00120000000000 0.00130000000000 0.00130000000000 0.00110000000000 0.00110000000000 0.00110000000000 0.00120000000000 0.00100000000000 0.00100000000000 0.00130000000000 0.00140000000000 0.00110000000000 0.00110000000000 0.00110000000000 0.00120000000000 0.00100000000000 0.00100000000000 0.00110000000000 0.00110000000000 0.00100000000000 0.00100000000000 0.00100000000000 0.00100000000000 0.00100000000000 0.00100000000000 
0.00210000000000 0.08092370553994 0.02006878759101 0.02904693884087 0.00120000000000 0.00180000000000 0.00140000000000 0.02272279140691 0.10610676111563 0.02397485272895 0.01443097731410 0.00970000000000 0.00170000000000 0.07650804381645 0.00270000000000 0.02788523220991 0.12618731737249 0.05596018426393 0.10557715080582 0.02191029877363 0.00170000000000 0.10673023584306 0.02025306937391 0.10382847635038 0.00220000000000 0.01899450306660 0.00140000000000 0.00130000000000 0.10895914623864 0.10248398553159 0.02083471797987 0.02060141758461 
0.00170000000000 0.01536581183241 0.00190000000000 0.01916688471067 0.00700000000000 0.06570767830362 0.01598835414774 0.02698604908979 0.01512362870329 0.03330187363930 0.01670485435633 0.13777713215563 0.02505716750885 0.02215443908135 0.10362069842506 0.01843707386428 0.00120000000000 0.00140000000000 0.00130000000000 0.00150000000000 0.00140000000000 0.00190000000000 0.00150000000000 0.00220000000000 0.00130000000000 0.00170000000000 0.00140000000000 0.00190000000000 0.00170000000000 0.00620000000000 0.00190000000000 0.00670000000000 
0.00720000000000 0.01833379503265 0.00150000000000 0.00200000000000 0.00180000000000 0.01514582285134 0.00140000000000 0.00160000000000 0.00140000000000 0.00180000000000 0.00120000000000 0.00140000000000 0.00130000000000 0.00160000000000 0.00120000000000 0.00130000000000 0.00200000000000 0.01631541877958 0.00140000000000 0.00170000000000 0.00170000000000 0.00680000000000 0.00130000000000 0.00150000000000 0.00140000000000 0.00160000000000 0.00120000000000 0.00130000000000 0.00130000000000 0.00150000000000 0.00120000000000 0.00120000000000 
0.01616584478638 0.01573642397738 0.00220000000000 0.00200000000000 0.02369074985405 0.02234058200078 0.01789579000180 0.01734859343231 0.01709562685003 0.01751616798068 0.02908030794038 0.03243682622945 0.00190000000000 0.00190000000000 0.01912979297227 0.01954490089701 0.03408437930076 0.04203733734087 0.10311649381178 0.10265062235616 0.00660000000000 0.00670000000000 0.02362582677019 0.02435859724852 0.00140000000000 0.00150000000000 0.00170000000000 0.00170000000000 0.00130000000000 0.00130000000000 0.00140000000000 0.00140000000000 
0.00160000000000 0.00210000000000 0.00160000000000 0.00220000000000 0.00120000000000 0.00120000000000 0.00120000000000 0.00120000000000 0.00160000000000 0.00700000000000 0.00160000000000 0.00710000000000 0.00120000000000 0.00120000000000 0.00120000000000 0.00130000000000 0.00150000000000 0.00200000000000 0.00150000000000 0.00200000000000 0.00110000000000 0.00120000000000 0.00110000000000 0.00120000000000 0.00160000000000 0.00650000000000 0.00160000000000 0.00660000000000 0.00110000000000 0.00120000000000 0.00120000000000 0.00120000000000 
0.00170000000000 0.00720000000000 0.00170000000000 0.00750000000000 0.00120000000000 0.00140000000000 0.00120000000000 0.00140000000000 0.00150000000000 0.00560000000000 0.00150000000000 0.00560000000000 0.00120000000000 0.00130000000000 0.00120000000000 0.00130000000000 0.00160000000000 0.00650000000000 0.00160000000000 0.00670000000000 0.00120000000000 0.00130000000000 0.00120000000000 0.00140000000000 0.00140000000000 0.00550000000000 0.00150000000000 0.00550000000000 0.00110000000000 0.00120000000000 0.00110000000000 0.00130000000000 
0.00160000000000 0.00120000000000 0.00150000000000 0.00120000000000 0.00160000000000 0.00120000000000 0.00150000000000 0.00120000000000 0.00150000000000 0.00120000000000 0.00140000000000 0.00110000000000 0.00150000000000 0.00120000000000 0.00140000000000 0.00110000000000 0.00190000000000 0.00130000000000 0.00170000000000 0.00120000000000 0.00180000000000 0.00120000000000 0.00170000000000 0.00120000000000 0.00170000000000 0.00120000000000 0.00160000000000 0.00120000000000 0.00170000000000 0.00120000000000 0.00150000000000 0.00120000000000 
0.02039311988127 0.01617935160210 0.01640649750711 0.00190000000000 0.01986185469586 0.01629228706246 0.01650580355361 0.00180000000000 0.02540288261817 0.02100113138548 0.01957232605536 0.01573326237154 0.03724412610515 0.02021211170655 0.01901394016062 0.01585670348111 0.01573744812658 0.00220000000000 0.00190000000000 0.00160000000000 0.01586406918979 0.00200000000000 0.00180000000000 0.00150000000000 0.02137172455985 0.01603442861903 0.01521880853243 0.00700000000000 0.02028678612606 0.01604897524575 0.01544877473659 0.00710000000000 
0.00190000000000 0.01533773818313 0.00170000000000 0.01574880877499 0.00150000000000 0.00190000000000 0.00140000000000 0.00170000000000 0.00120000000000 0.00120000000000 0.00110000000000 0.00120000000000 0.00110000000000 0.00120000000000 0.00110000000000 0.00110000000000 0.10342516152277 0.02187100125347 0.02826576256999 0.05685094154275 0.10211057448512 0.11338270423729 0.02200969298452 0.03786332014293 0.00160000000000 0.00200000000000 0.00150000000000 0.00180000000000 0.00130000000000 0.00150000000000 0.00130000000000 0.00140000000000 
0.00160000000000 0.00190000000000 0.00160000000000 0.00190000000000 0.00170000000000 0.00240000000000 0.00170000000000 0.01468555400009 0.00120000000000 0.00120000000000 0.00120000000000 0.00120000000000 0.00120000000000 0.00130000000000 0.00120000000000 0.00130000000000 0.00140000000000 0.00160000000000 0.00140000000000 0.00170000000000 0.00150000000000 0.00190000000000 0.00150000000000 0.00190000000000 0.00110000000000 0.00120000000000 0.00110000000000 0.00120000000000 0.00120000000000 0.00120000000000 0.00120000000000 0.00120000000000 
0.00180000000000 0.00220000000000 0.00230000000000 0.01678438491204 0.01642347940604 0.02323021881147 0.02080696787917 0.10707512086558 0.00200000000000 0.00640000000000 0.00270000000000 0.01751811794779 0.01628815490037 0.03598787440930 0.02656041911178 0.05829871856034 0.00140000000000 0.00150000000000 0.00160000000000 0.00180000000000 0.00180000000000 0.00220000000000 0.00230000000000 0.01644699293174 0.00150000000000 0.00160000000000 0.00170000000000 0.00190000000000 0.00190000000000 0.00270000000000 0.00270000000000 0.01686889088945 
0.00740000000000 0.00140000000000 0.00130000000000 0.00110000000000 0.01360437349630 0.00140000000000 0.00130000000000 0.00110000000000 0.01877325454434 0.00180000000000 0.00140000000000 0.00120000000000 0.01838081524209 0.00170000000000 0.00140000000000 0.00110000000000 0.00140000000000 0.00120000000000 0.00110000000000 0.00100000000000 0.00140000000000 0.00120000000000 0.00110000000000 0.00100000000000 0.00170000000000 0.00130000000000 0.00120000000000 0.00110000000000 0.00170000000000 0.00120000000000 0.00120000000000 0.00110000000000 
0.01929612242736 0.00160000000000 0.01909410356888 0.00160000000000 0.03162433949898 0.01687088343637 0.03815017309217 0.01687236685394 0.03890608781062 0.00230000000000 0.03348122295339 0.00220000000000 0.01821531428510 0.02377089112765 0.01946386887127 0.02285518923947 0.01950086527998 0.00170000000000 0.01929550861979 0.00160000000000 0.03051718141680 0.01698318210398 0.03634737450611 0.01698303760695 0.04181084062174 0.00230000000000 0.03521130885246 0.00220000000000 0.01800610347629 0.02428155447052 0.01924979896449 0.02326337822620 
0.01707343812695 0.01707266449414 0.00140000000000 0.00140000000000 0.01522657319894 0.01521829772018 0.00130000000000 0.00130000000000 0.01577734692763 0.01577113652727 0.00130000000000 0.00130000000000 0.00220000000000 0.00720000000000 0.00120000000000 0.00120000000000 0.02403891708343 0.02589819323635 0.01295776360528 0.01534135138281 0.01980741260805 0.01996997797500 0.00150000000000 0.00150000000000 0.02042392302947 0.02315943209779 0.00170000000000 0.00170000000000 0.01918286913761 0.01924348208394 0.00140000000000 0.00140000000000 
0.02920855855154 0.01585187421902 0.01840294786060 0.03315937868885 0.00240000000000 0.00150000000000 0.03167245378679 0.02204046263861 0.03300150778056 0.01958208898552 0.02334280270661 0.04054446688224 0.01829469748068 0.00170000000000 0.06787196377666 0.02748010475619 0.01759537498142 0.00190000000000 0.01825928151934 0.05396434471073 0.00170000000000 0.00140000000000 0.03465489097455 0.01585727192605 0.02234157581310 0.01372879402832 0.02596712049791 0.04123795308673 0.00220000000000 0.00140000000000 0.03670456797779 0.01998562638740 
0.00140000000000 0.00130000000000 0.00130000000000 0.00130000000000 0.00130000000000 0.00130000000000 0.00130000000000 0.00120000000000 0.00170000000000 0.00150000000000 0.00160000000000 0.00140000000000 0.00160000000000 0.00150000000000 0.00150000000000 0.00140000000000 0.00630000000000 0.00200000000000 0.00220000000000 0.00180000000000 0.00210000000000 0.00180000000000 0.00180000000000 0.00160000000000 0.02541891397445 0.00380000000000 0.00450000000000 0.00260000000000 0.00570000000000 0.00280000000000 0.00300000000000 0.00220000000000 
0.00150000000000 0.00130000000000 0.00920000000000 0.00170000000000 0.00120000000000 0.00120000000000 0.00130000000000 0.00120000000000 0.00110000000000 0.00110000000000 0.00120000000000 0.00110000000000 0.00100000000000 0.00100000000000 0.00110000000000 0.00100000000000 0.00140000000000 0.00130000000000 0.00560000000000 0.00150000000000 0.00120000000000 0.00110000000000 0.00130000000000 0.00120000000000 0.00110000000000 0.00110000000000 0.00120000000000 0.00110000000000 0.00100000000000 0.00100000000000 0.00110000000000 0.00100000000000 
0.02011569664120 0.03303311822691 0.04222171711084 0.02428246497812 0.01572929656750 0.02005342641395 0.11481145634822 0.05629045417321 0.00190000000000 0.00490000000000 0.00150000000000 0.01000000000000 0.01932565453558 0.02485298621214 0.02620293678702 0.02739669714252 0.02011794331301 0.03293605456883 0.04219884413239 0.02071498998899 0.01573370140778 0.01996006702312 0.11405386175709 0.05533216912021 0.00190000000000 0.00490000000000 0.00150000000000 0.01000000000000 0.01937444773852 0.02482926793416 0.02607339429596 0.02732744623977 
0.02596060687597 0.03567712491772 0.00210000000000 0.00160000000000 0.02676227670725 0.02909459184571 0.00200000000000 0.00160000000000 0.02712457384866 0.02686152380354 0.00210000000000 0.00160000000000 0.02861572315274 0.02420162665053 0.00200000000000 0.00150000000000 0.01878544632157 0.02093853728418 0.00730000000000 0.00180000000000 0.01868578033131 0.02175712120843 0.00700000000000 0.00170000000000 0.01933588037370 0.02387774646735 0.00660000000000 0.00180000000000 0.01946636488439 0.02645524905525 0.00640000000000 0.00170000000000 
0.01862926790038 0.06470530276910 0.02594975257007 0.04112422441696 0.01825896769037 0.03153776585016 0.02268695945760 0.04566677387660 0.01729616821262 0.02492661324053 0.02144792297405 0.03716017566490 0.01389953031123 0.02246597209476 0.01533618393845 0.02819770648810 0.02111793999212 0.03478079518649 0.03207424303184 0.02956636936040 0.01990029617314 0.05065415689314 0.02532089148703 0.02992038313221 0.01845751648540 0.02901402019767 0.02368271494886 0.05725821333588 0.01820251417296 0.02480288180788 0.02205193260701 0.03257874430596 
0.00180000000000 0.00160000000000 0.00230000000000 0.00180000000000 0.00130000000000 0.00130000000000 0.00140000000000 0.00130000000000 0.00120000000000 0.00120000000000 0.00120000000000 0.00120000000000 0.00110000000000 0.00110000000000 0.00110000000000 0.00110000000000 0.02010413032557 0.01966140512281 0.02209460653612 0.01917185413506 0.00190000000000 0.00160000000000 0.00620000000000 0.00180000000000 0.00150000000000 0.00140000000000 0.00160000000000 0.00140000000000 0.00120000000000 0.00120000000000 0.00130000000000 0.00120000000000 
0.01746946222839 0.01659181726302 0.01667109668982 0.01343279693505 0.03071521941544 0.02361462422058 0.02184195982380 0.02040405456240 0.00170000000000 0.00170000000000 0.00140000000000 0.00140000000000 0.01419771519065 0.01310746623080 0.00190000000000 0.00190000000000 0.00230000000000 0.00650000000000 0.00170000000000 0.00170000000000 0.02069953260215 0.01876247504269 0.01887684735593 0.01806627855816 0.00150000000000 0.00140000000000 0.00130000000000 0.00130000000000 0.00190000000000 0.00190000000000 0.00160000000000 0.00150000000000 
0.01740324640074 0.02101031802945 0.01483969550643 0.01677762924945 0.03233892370630 0.04230895480837 0.02082914366887 0.02678719340007 0.01507640584465 0.01847992058991 0.00220000000000 0.00720000000000 0.03923582486045 0.10347406321777 0.01908462687615 0.02681985089583 0.01657569591931 0.02007361134968 0.00190000000000 0.00220000000000 0.03123061108428 0.05883358463183 0.01944623579831 0.02515296056731 0.00240000000000 0.01704140757961 0.00190000000000 0.00210000000000 0.03958457710754 0.04989596591544 0.01782146385970 0.02441402344313 
0.01649590713554 0.07579087730439 0.11172908557982 0.01592048677414 0.02018349871416 0.03981752832336 0.11373833721672 0.01817776822686 0.01772410036374 0.05982516823188 0.11490944411885 0.01728929396783 0.02106378329121 0.04139958783863 0.04176590252901 0.01924546387942 0.02910886674181 0.02038604306053 0.02258313904836 0.00160000000000 0.03496933913667 0.02112929885984 0.02143957358109 0.00170000000000 0.02771400033428 0.02074945032690 0.02024967364741 0.00200000000000 0.03361429975485 0.02204937306037 0.02198111585546 0.01547829332490 
0.01525077783599 0.04822902608794 0.01818243618720 0.03374182455278 0.01491358121840 0.05177313686028 0.01854050027196 0.03336593169698 0.00140000000000 0.00980000000000 0.00150000000000 0.01986675736790 0.00140000000000 0.00220000000000 0.00150000000000 0.01652832338882 0.00590000000000 0.02067242322062 0.01492683319876 0.02393052380476 0.00200000000000 0.02004524966312 0.01515653238055 0.02362502420913 0.00130000000000 0.00200000000000 0.00140000000000 0.01535943456265 0.00130000000000 0.00180000000000 0.00140000000000 0.01559927802682 
0.00160000000000 0.01481018242263 0.00150000000000 0.00160000000000 0.02635446185410 0.02348214930881 0.02353754232730 0.02498006654797 0.00190000000000 0.01576025263188 0.00160000000000 0.01343131901002 0.08234935403996 0.03557656043762 0.07458028507715 0.03688157133711 0.00170000000000 0.01285561791813 0.00160000000000 0.00170000000000 0.05587487878141 0.02731632721183 0.03840585756362 0.02655738833695 0.00220000000000 0.01649120905909 0.00180000000000 0.01397866572970 0.04396002300859 0.03482303545870 0.02119720107553 0.03620962026827 
0.00170000000000 0.00180000000000 0.00150000000000 0.00160000000000 0.00170000000000 0.00170000000000 0.00150000000000 0.00150000000000 0.00150000000000 0.00150000000000 0.00130000000000 0.00140000000000 0.00140000000000 0.00150000000000 0.00130000000000 0.00140000000000 0.00150000000000 0.00160000000000 0.00140000000000 0.00140000000000 0.00150000000000 0.00160000000000 0.00140000000000 0.00140000000000 0.00140000000000 0.00140000000000 0.00130000000000 0.00130000000000 0.00140000000000 0.00140000000000 0.00130000000000 0.00130000000000 
0.01424284718248 0.01402474701610 0.00660000000000 0.00640000000000 0.01658205487005 0.01605936256860 0.01573542240065 0.01434808324169 0.00240000000000 0.00220000000000 0.00680000000000 0.00650000000000 0.01641896909865 0.01587849391172 0.03500368124401 0.01531780414487 0.01552005707769 0.01518698127745 0.01399791242552 0.01309732302598 0.01891600164768 0.01817124113142 0.03001947255420 0.04746431650843 0.01513133467347 0.01471139653264 0.01590165156705 0.01363085467657 0.01995605573528 0.01871073377502 0.01997207122039 0.02189447623207 
0.00150000000000 0.00140000000000 0.00130000000000 0.00130000000000 0.00120000000000 0.00120000000000 0.00120000000000 0.00110000000000 0.00110000000000 0.00110000000000 0.00110000000000 0.00110000000000 0.00110000000000 0.00100000000000 0.00100000000000 0.00100000000000 0.00150000000000 0.00150000000000 0.00140000000000 0.00130000000000 0.00130000000000 0.00120000000000 0.00120000000000 0.00120000000000 0.00110000000000 0.00110000000000 0.00110000000000 0.00110000000000 0.00110000000000 0.00110000000000 0.00100000000000 0.00100000000000 
0.01768492900897 0.03285192381083 0.01777503386120 0.10930661370049 0.01380036323889 0.01800851380212 0.00230000000000 0.01819128472725 0.00170000000000 0.01749716200063 0.00170000000000 0.01765685612834 0.00140000000000 0.00170000000000 0.00140000000000 0.00170000000000 0.02089089536098 0.11198942719296 0.02200398808920 0.12617914100787 0.01446721511528 0.02099423171785 0.01415103479308 0.02200002410327 0.00190000000000 0.01917868311073 0.00190000000000 0.01973338684671 0.00150000000000 0.00190000000000 0.00150000000000 0.00190000000000 
0.00150000000000 0.00150000000000 0.00170000000000 0.00180000000000 0.00130000000000 0.00140000000000 0.00150000000000 0.00160000000000 0.00250000000000 0.00280000000000 0.01456485812622 0.01539773857676 0.00190000000000 0.00200000000000 0.00270000000000 0.00290000000000 0.00170000000000 0.00170000000000 0.00590000000000 0.00240000000000 0.00150000000000 0.00150000000000 0.00180000000000 0.00170000000000 0.01595618027664 0.01497734822797 0.03097760731866 0.01915877212326 0.00650000000000 0.00270000000000 0.01773806549447 0.01870084636353 
0.01567828525030 0.00140000000000 0.01998397182901 0.00160000000000 0.07934750776341 0.01636785017053 0.02966866315953 0.02191966046684 0.01531729060092 0.00140000000000 0.01977779222888 0.00150000000000 0.05733405461165 0.00210000000000 0.02817961851161 0.02250203374223 0.04179720621065 0.00190000000000 0.03076860830838 0.00230000000000 0.01844619296300 0.10719640455142 0.01719686958990 0.10883921938073 0.03894965719276 0.00180000000000 0.04803511690834 0.00210000000000 0.01772927856678 0.06822228217781 0.00880000000000 0.05014501403067 
0.06277415347558 0.02737987141485 0.01687027463853 0.00790000000000 0.10375736527044 0.02804009422424 0.01683530958014 0.00720000000000 0.01479008522798 0.01569183496886 0.01994792444549 0.03603485635707 0.00270000000000 0.01513630654241 0.01789668437966 0.03266247232698 0.00180000000000 0.00200000000000 0.00260000000000 0.00780000000000 0.00170000000000 0.00190000000000 0.00240000000000 0.00700000000000 0.00130000000000 0.00130000000000 0.00140000000000 0.00150000000000 0.00130000000000 0.00130000000000 0.00140000000000 0.00150000000000 
0.00140000000000 0.00120000000000 0.00150000000000 0.00130000000000 0.01498807534024 0.00160000000000 0.01653416753437 0.00560000000000 0.00120000000000 0.00110000000000 0.00120000000000 0.00110000000000 0.00130000000000 0.00120000000000 0.00140000000000 0.00120000000000 0.00160000000000 0.00130000000000 0.00170000000000 0.00130000000000 0.01650906751936 0.00180000000000 0.01824323536071 0.00930000000000 0.00120000000000 0.00110000000000 0.00120000000000 0.00110000000000 0.00140000000000 0.00120000000000 0.00150000000000 0.00130000000000 
0.01403741582543 0.00240000000000 0.00150000000000 0.00150000000000 0.01810742300216 0.01800231618214 0.00190000000000 0.00190000000000 0.01843911877477 0.01833388004243 0.00210000000000 0.00210000000000 0.03287365445921 0.03276403149267 0.01675584320619 0.01665281913819 0.00180000000000 0.00180000000000 0.00140000000000 0.00140000000000 0.01574313257679 0.01563914884653 0.00170000000000 0.00170000000000 0.01600818410903 0.01590421140068 0.00180000000000 0.00180000000000 0.02274629974818 0.02263695925950 0.01491736951488 0.01481678409206 
0.01466620741715 0.10716582683597 0.01403939736996 0.05124924263936 0.02070579344286 0.02348791544140 0.01915980603015 0.02441677541034 0.00140000000000 0.01498780229725 0.00130000000000 0.01435953546594 0.00170000000000 0.02110616587045 0.00160000000000 0.01948495375716 0.01443612070160 0.11526332462960 0.00230000000000 0.11311110833544 0.02171183621105 0.02210966299556 0.01965883523799 0.02275683376573 0.00140000000000 0.01476503924798 0.00130000000000 0.01413052579886 0.00170000000000 0.02203630030959 0.00160000000000 0.02007149518736 
0.01621226945967 0.00140000000000 0.02082308795906 0.00150000000000 0.01681657437624 0.01976852858801 0.01400168296419 0.05131999365918 0.00170000000000 0.00120000000000 0.00220000000000 0.00130000000000 0.01614343290655 0.00210000000000 0.00220000000000 0.00630000000000 0.02256927383976 0.00160000000000 0.10714043134873 0.01581861330930 0.00210000000000 0.08053686388502 0.00160000000000 0.10610217821594 0.00240000000000 0.00130000000000 0.00690000000000 0.00150000000000 0.00200000000000 0.00640000000000 0.00160000000000 0.01648267870138 
0.01715032482408 0.01895917769719 0.00150000000000 0.00160000000000 0.01609436416319 0.01804237960497 0.00150000000000 0.00160000000000 0.01830165229778 0.01757248355817 0.03771005164516 0.10237963719134 0.00160000000000 0.00150000000000 0.00820000000000 0.00680000000000 0.00220000000000 0.01469302982957 0.00130000000000 0.00140000000000 0.00210000000000 0.00240000000000 0.00130000000000 0.00140000000000 0.02007927014915 0.01536966033332 0.01945718017444 0.02213319210224 0.00180000000000 0.00170000000000 0.01591906843771 0.02138371798728 
0.00170000000000 0.00110000000000 0.00170000000000 0.00110000000000 0.00120000000000 0.00100000000000 0.00120000000000 0.00100000000000 0.02705698251066 0.00140000000000 0.02592567322861 0.00140000000000 0.00180000000000 0.00110000000000 0.00180000000000 0.00110000000000 0.00140000000000 0.00110000000000 0.00140000000000 0.00110000000000 0.00110000000000 0.00100000000000 0.00110000000000 0.00100000000000 0.01632248951676 0.00130000000000 0.01634190407529 0.00130000000000 0.00140000000000 0.00110000000000 0.00140000000000 0.00110000000000 
0.02880567490876 0.01622729395318 0.01811414291496 0.00160000000000 0.02174895029872 0.00610000000000 0.00980000000000 0.00130000000000 0.01797379817304 0.01494692698247 0.01762873694357 0.00170000000000 0.02024013621946 0.00620000000000 0.01249017851976 0.00140000000000 0.00140000000000 0.00140000000000 0.01637826828163 0.00330000000000 0.01423749593942 0.00220000000000 0.11047199188259 0.01915525666856 0.00130000000000 0.00130000000000 0.00200000000000 0.00200000000000 0.00170000000000 0.00170000000000 0.04265726685036 0.01655958328040 
0.00210000000000 0.00120000000000 0.04716954492378 0.00190000000000 0.00160000000000 0.00110000000000 0.04680120018886 0.00150000000000 0.02655963626657 0.00150000000000 0.01861774349534 0.02235196757718 0.01769601307099 0.00140000000000 0.01857194433636 0.01593601670103 0.00140000000000 0.00110000000000 0.01463668409429 0.00140000000000 0.00130000000000 0.00110000000000 0.00230000000000 0.00130000000000 0.00220000000000 0.00120000000000 0.00860000000000 0.00200000000000 0.00180000000000 0.00120000000000 0.00780000000000 0.00170000000000 
0.00160000000000 0.00160000000000 0.02056862754163 0.01955108268400 0.00140000000000 0.00130000000000 0.01665938610959 0.01601928172883 0.00170000000000 0.00160000000000 0.02168691888428 0.02067463713243 0.00140000000000 0.00140000000000 0.01762123581304 0.01689225973029 0.00120000000000 0.00110000000000 0.00150000000000 0.00140000000000 0.00110000000000 0.00110000000000 0.00130000000000 0.00130000000000 0.00120000000000 0.00120000000000 0.00160000000000 0.00150000000000 0.00110000000000 0.00110000000000 0.00130000000000 0.00130000000000 
0.00140000000000 0.00160000000000 0.00120000000000 0.00130000000000 0.00150000000000 0.00170000000000 0.00120000000000 0.00140000000000 0.00110000000000 0.00110000000000 0.00100000000000 0.00110000000000 0.00110000000000 0.00120000000000 0.00110000000000 0.00110000000000 0.00120000000000 0.00130000000000 0.00110000000000 0.00120000000000 0.00130000000000 0.00140000000000 0.00110000000000 0.00120000000000 0.00100000000000 0.00110000000000 0.00100000000000 0.00100000000000 0.00110000000000 0.00110000000000 0.00100000000000 0.00100000000000 
0.02746098815701 0.00180000000000 0.02875233767406 0.01759008441245 0.01506982476512 0.00120000000000 0.02040457739951 0.00130000000000 0.00190000000000 0.01945328499296 0.01547407665853 0.03768998824699 0.03608072512771 0.00150000000000 0.08097102998205 0.00200000000000 0.02032700847448 0.01477348470567 0.02309522999914 0.02100434988372 0.01779259277103 0.00130000000000 0.02519405617980 0.00150000000000 0.00170000000000 0.06011133430590 0.00170000000000 0.04659089561500 0.03304212982053 0.00170000000000 0.03175424371097 0.01620352471051 
0.00210000000000 0.00210000000000 0.00160000000000 0.00160000000000 0.00120000000000 0.00130000000000 0.00120000000000 0.00120000000000 0.02071338608049 0.01408861142021 0.00720000000000 0.01941010446684 0.00180000000000 0.00190000000000 0.00150000000000 0.00160000000000 0.00190000000000 0.00190000000000 0.00150000000000 0.00150000000000 0.00120000000000 0.00120000000000 0.00110000000000 0.00110000000000 0.14128608669077 0.01923021841863 0.00610000000000 0.00410000000000 0.00170000000000 0.00170000000000 0.00140000000000 0.00150000000000 
0.00150000000000 0.00120000000000 0.00120000000000 0.00110000000000 0.02039723690036 0.00180000000000 0.00650000000000 0.00130000000000 0.00120000000000 0.00110000000000 0.00110000000000 0.00100000000000 0.00190000000000 0.00130000000000 0.00140000000000 0.00120000000000 0.02526098508372 0.00200000000000 0.01336082350784 0.00140000000000 0.02498510319968 0.04937451654023 0.06369551286610 0.01965443929261 0.00220000000000 0.00140000000000 0.00140000000000 0.00120000000000 0.10261915756616 0.01878910566732 0.02216429019334 0.00170000000000 
0.00150000000000 0.00110000000000 0.00160000000000 0.00120000000000 0.00180000000000 0.00120000000000 0.00200000000000 0.00130000000000 0.00180000000000 0.00120000000000 0.00210000000000 0.00130000000000 0.00260000000000 0.00140000000000 0.00330000000000 0.00140000000000 0.00110000000000 0.00100000000000 0.00120000000000 0.00100000000000 0.00120000000000 0.00110000000000 0.00130000000000 0.00110000000000 0.00120000000000 0.00110000000000 0.00130000000000 0.00110000000000 0.00140000000000 0.00110000000000 0.00150000000000 0.00110000000000 
0.00160000000000 0.00130000000000 0.00130000000000 0.00120000000000 0.01808460336566 0.00180000000000 0.00170000000000 0.00140000000000 0.00160000000000 0.00130000000000 0.00130000000000 0.00120000000000 0.01798610049807 0.00180000000000 0.00170000000000 0.00140000000000 0.00220000000000 0.00150000000000 0.00150000000000 0.00130000000000 0.04593758039425 0.01602170551571 0.00260000000000 0.00160000000000 0.00220000000000 0.00150000000000 0.00150000000000 0.00130000000000 0.04576255367924 0.01591859068457 0.00260000000000 0.00160000000000 
0.10011231474183 0.02257747664958 0.01632612603913 0.01626915560678 0.01769945434554 0.04526856951101 0.02147487353993 0.01797772600581 0.01831885850587 0.05225778610373 0.03563206970208 0.02085203298186 0.00580000000000 0.02098656762722 0.03009760517006 0.03012042471002 0.02122743764607 0.03970160511943 0.02309245258300 0.01969056017248 0.01349779287592 0.02411349050756 0.05110354597742 0.02402466321358 0.00920000000000 0.02152680804750 0.03659888641812 0.02641373281765 0.00170000000000 0.01509954617687 0.01914919393378 0.03950616482018 
0.00170000000000 0.00120000000000 0.02258451939812 0.00160000000000 0.00170000000000 0.00120000000000 0.02130509160278 0.00150000000000 0.02849639769105 0.00170000000000 0.01344176206180 0.02253388280748 0.02758669205091 0.00170000000000 0.01352537712403 0.02202212914133 0.00120000000000 0.00100000000000 0.00170000000000 0.00120000000000 0.00120000000000 0.00100000000000 0.00170000000000 0.00120000000000 0.00900000000000 0.00120000000000 0.02748027567594 0.00180000000000 0.00900000000000 0.00120000000000 0.02479618756687 0.00170000000000 
0.00210000000000 0.00130000000000 0.01759601514058 0.00160000000000 0.00120000000000 0.00110000000000 0.00140000000000 0.00110000000000 0.01557512037796 0.00180000000000 0.01976009216089 0.00730000000000 0.00160000000000 0.00120000000000 0.00230000000000 0.00140000000000 0.00190000000000 0.00130000000000 0.00680000000000 0.00150000000000 0.00120000000000 0.00110000000000 0.00140000000000 0.00110000000000 0.01534664119654 0.00170000000000 0.00670000000000 0.00310000000000 0.00160000000000 0.00120000000000 0.00230000000000 0.00140000000000 
0.00150000000000 0.00120000000000 0.00120000000000 0.00110000000000 0.00140000000000 0.00110000000000 0.00110000000000 0.00100000000000 0.00150000000000 0.00120000000000 0.00120000000000 0.00110000000000 0.00140000000000 0.00110000000000 0.00110000000000 0.00100000000000 0.00150000000000 0.00120000000000 0.00120000000000 0.00110000000000 0.00140000000000 0.00120000000000 0.00110000000000 0.00100000000000 0.00160000000000 0.00120000000000 0.00120000000000 0.00110000000000 0.00140000000000 0.00120000000000 0.00110000000000 0.00100000000000 
0.02133475589432 0.00580000000000 0.00190000000000 0.00130000000000 0.01421732629386 0.00150000000000 0.00150000000000 0.00120000000000 0.12491507822063 0.00960000000000 0.01439775524499 0.00160000000000 0.02030434099805 0.00590000000000 0.00190000000000 0.00130000000000 0.01466602207701 0.00150000000000 0.00150000000000 0.00120000000000 0.00180000000000 0.00130000000000 0.00130000000000 0.00110000000000 0.01973170492636 0.00550000000000 0.00180000000000 0.00130000000000 0.00690000000000 0.00150000000000 0.00150000000000 0.00120000000000 
0.00150000000000 0.01726404058895 0.00140000000000 0.00260000000000 0.00630000000000 0.07889140209170 0.00200000000000 0.10591428761503 0.00140000000000 0.01650426845987 0.00130000000000 0.00220000000000 0.00620000000000 0.07588026710213 0.00180000000000 0.11482653509800 0.00150000000000 0.01673777094841 0.00130000000000 0.00230000000000 0.00620000000000 0.07914206289594 0.00190000000000 0.06093470583146 0.00140000000000 0.01606943518072 0.00130000000000 0.00210000000000 0.00610000000000 0.08011084986584 0.00180000000000 0.03302418638159 
0.02806091070902 0.03101376531996 0.03628298166398 0.07982842510962 0.02379442417692 0.02306111283788 0.02781227436024 0.02983111730112 0.00160000000000 0.00160000000000 0.00170000000000 0.00170000000000 0.00160000000000 0.00150000000000 0.00160000000000 0.00160000000000 0.02060978896513 0.01916886488498 0.02275428671373 0.02188048334052 0.01910126494999 0.01773153584749 0.02069921896291 0.01953834059045 0.00150000000000 0.00150000000000 0.00150000000000 0.00150000000000 0.00140000000000 0.00140000000000 0.00150000000000 0.00140000000000 
0.02204208151824 0.01586131118989 0.02898162097076 0.01731364449940 0.00150000000000 0.00140000000000 0.00160000000000 0.00140000000000 0.11309811995135 0.02586195046301 0.08661210978522 0.10407179059334 0.00200000000000 0.00160000000000 0.00660000000000 0.00180000000000 0.01543043841644 0.00610000000000 0.01666955789044 0.00660000000000 0.00130000000000 0.00120000000000 0.00140000000000 0.00130000000000 0.02323410503348 0.01534232778650 0.10404239512450 0.01666341710778 0.00160000000000 0.00140000000000 0.00170000000000 0.00150000000000 
0.00150000000000 0.00160000000000 0.00110000000000 0.00110000000000 0.01715258014056 0.02033974164792 0.00130000000000 0.00140000000000 0.01392829875887 0.01716569305301 0.00130000000000 0.00130000000000 0.10310459664443 0.09684404250667 0.00190000000000 0.01350123823859 0.00120000000000 0.00120000000000 0.00100000000000 0.00100000000000 0.00160000000000 0.00980000000000 0.00110000000000 0.00120000000000 0.00140000000000 0.00160000000000 0.00110000000000 0.00110000000000 0.01705734786000 0.01923626149101 0.00130000000000 0.00140000000000 
0.02451169644619 0.09620035176120 0.01807999256328 0.01455800919615 0.01818161396808 0.02740186135631 0.06585667793341 0.01692262418236 0.03970486146164 0.02225628616788 0.01543029250286 0.00200000000000 0.03428919834369 0.04059107490012 0.01760907606705 0.01478837946983 0.02513378455437 0.06964212478277 0.01777984921312 0.01445328307272 0.01849192733136 0.02842934626940 0.06543542077946 0.01671289675570 0.03748246260456 0.02185995178305 0.01532629408242 0.00190000000000 0.03601213454100 0.03798630042352 0.01740379232777 0.01468683776659 
0.02337862803491 0.10322959217608 0.08446908409007 0.02029176412884 0.01878737130502 0.00960000000000 0.01598084077027 0.00560000000000 0.02021371833252 0.12991739950085 0.03266517700235 0.02327777668263 0.01988678303920 0.01574009410412 0.01639189670880 0.00950000000000 0.00900000000000 0.10262381178946 0.01952459445311 0.00880000000000 0.02189143121356 0.01428062335849 0.01525153626917 0.00170000000000 0.00540000000000 0.10320492774726 0.00880000000000 0.00940000000000 0.02303512633682 0.01477298949551 0.02025354500134 0.01389535240511 
0.02307920425315 0.10280234916600 0.02462396017621 0.10424527189431 0.01501868613545 0.00160000000000 0.01459229242854 0.00150000000000 0.02048004382686 0.01708421298282 0.02200014153152 0.01646569501610 0.00640000000000 0.00160000000000 0.00620000000000 0.00160000000000 0.01670287842496 0.10917472532573 0.01692934091839 0.11861230964044 0.02348119313220 0.00200000000000 0.02192263064337 0.00190000000000 0.01484613706211 0.07539984967748 0.01504552540301 0.04690841738019 0.01702810496824 0.00220000000000 0.01629950278921 0.00210000000000 
0.01564683830580 0.03230999265269 0.01491485363899 0.00150000000000 0.01438678286125 0.03343903932264 0.00630000000000 0.00160000000000 0.00140000000000 0.00170000000000 0.05924042305254 0.01669302591167 0.00140000000000 0.00170000000000 0.11700021235887 0.00730000000000 0.01504003958412 0.07560175879226 0.01522492090398 0.00170000000000 0.01386138395313 0.02085858736482 0.00690000000000 0.00170000000000 0.00140000000000 0.00160000000000 0.10758539779296 0.01696452829835 0.00140000000000 0.00170000000000 0.08078638016174 0.00920000000000 
0.00160000000000 0.02244728033302 0.00150000000000 0.03695748346052 0.04200429757957 0.00210000000000 0.00920000000000 0.00200000000000 0.00140000000000 0.01987284808107 0.00140000000000 0.00540000000000 0.01800967402966 0.00230000000000 0.00530000000000 0.00220000000000 0.00140000000000 0.01958457359011 0.00140000000000 0.00540000000000 0.05470922599432 0.00580000000000 0.00530000000000 0.00280000000000 0.00130000000000 0.00250000000000 0.00130000000000 0.00220000000000 0.00260000000000 0.00580000000000 0.00240000000000 0.00550000000000 
0.00160000000000 0.00170000000000 0.00130000000000 0.00140000000000 0.00190000000000 0.00530000000000 0.00140000000000 0.00150000000000 0.00130000000000 0.00140000000000 0.00120000000000 0.00120000000000 0.00150000000000 0.00150000000000 0.00130000000000 0.00130000000000 0.00140000000000 0.00140000000000 0.00120000000000 0.00120000000000 0.00150000000000 0.00160000000000 0.00130000000000 0.00130000000000 0.00120000000000 0.00120000000000 0.00110000000000 0.00110000000000 0.00130000000000 0.00130000000000 0.00120000000000 0.00120000000000 
0.01455296094021 0.04476252101597 0.00870000000000 0.02189812150887 0.00160000000000 0.01572027702389 0.00190000000000 0.01802687101958 0.00140000000000 0.01293205393087 0.00160000000000 0.01520133349422 0.00130000000000 0.00180000000000 0.00130000000000 0.00230000000000 0.00200000000000 0.02815227191744 0.00270000000000 0.03016435384546 0.00150000000000 0.00990000000000 0.00160000000000 0.01471795052687 0.00130000000000 0.00630000000000 0.00150000000000 0.00740000000000 0.00120000000000 0.00160000000000 0.00130000000000 0.00180000000000 
0.00150000000000 0.00170000000000 0.00140000000000 0.00150000000000 0.00150000000000 0.00160000000000 0.00140000000000 0.00150000000000 0.03448849976062 0.02164423529161 0.03862630059504 0.02842320863723 0.06786757447538 0.02299716931556 0.02741715587742 0.04846749031719 0.00130000000000 0.00140000000000 0.00130000000000 0.00130000000000 0.00130000000000 0.00140000000000 0.00120000000000 0.00130000000000 0.02286964999738 0.02657653271414 0.01729576143428 0.01941040106121 0.02001602009707 0.02260081088116 0.01592228141564 0.01645325078979 
0.00170000000000 0.00140000000000 0.00210000000000 0.00160000000000 0.05867243236834 0.10189228214228 0.02770169599778 0.10661021105435 0.00120000000000 0.00110000000000 0.00130000000000 0.00120000000000 0.00200000000000 0.00150000000000 0.01539712090010 0.00170000000000 0.01714501524072 0.00210000000000 0.02107293841079 0.01752368765149 0.02629908873905 0.09629267661127 0.01998655707755 0.06529912551929 0.00140000000000 0.00130000000000 0.00150000000000 0.00130000000000 0.04907971890551 0.01563735409933 0.08044082298053 0.01726677739790 
0.06723013069796 0.00200000000000 0.00170000000000 0.00120000000000 0.04116458030501 0.02580904343410 0.01827304085072 0.00140000000000 0.02267814258068 0.00140000000000 0.00130000000000 0.00110000000000 0.09880135734234 0.01505401622993 0.00190000000000 0.00120000000000 0.10955071835166 0.01747250246264 0.00200000000000 0.00120000000000 0.04698676227033 0.10855189699293 0.02847573752069 0.00150000000000 0.02271960334759 0.00160000000000 0.00140000000000 0.00110000000000 0.06809307446724 0.01581120948724 0.01612270047031 0.00120000000000 
0.00160000000000 0.00120000000000 0.00120000000000 0.00110000000000 0.00130000000000 0.00110000000000 0.00110000000000 0.00100000000000 0.00160000000000 0.00120000000000 0.00120000000000 0.00110000000000 0.00130000000000 0.00110000000000 0.00110000000000 0.00100000000000 0.00210000000000 0.00130000000000 0.00130000000000 0.00110000000000 0.00150000000000 0.00120000000000 0.00120000000000 0.00110000000000 0.00200000000000 0.00130000000000 0.00130000000000 0.00110000000000 0.00150000000000 0.00120000000000 0.00120000000000 0.00110000000000 
0.00180000000000 0.01849488695800 0.00950000000000 0.11741751847710 0.01709842830640 0.09224893226813 0.02082120442510 0.10608238533028 0.00150000000000 0.00230000000000 0.00200000000000 0.01621419346417 0.00170000000000 0.02017045171559 0.01479069297307 0.03885646273517 0.00120000000000 0.00130000000000 0.00130000000000 0.00160000000000 0.00120000000000 0.00140000000000 0.00140000000000 0.00180000000000 0.00110000000000 0.00120000000000 0.00120000000000 0.00140000000000 0.00110000000000 0.00130000000000 0.00130000000000 0.00150000000000 
0.01566787752115 0.02615815862810 0.02322700858502 0.04157792151149 0.01430566598005 0.02274040265473 0.02178471619030 0.03586989898201 0.00160000000000 0.01786767689932 0.00170000000000 0.02176595307824 0.00140000000000 0.01796296228441 0.00150000000000 0.01599507614000 0.00150000000000 0.01696764330730 0.00160000000000 0.01585812756308 0.00140000000000 0.00190000000000 0.00140000000000 0.01562206951191 0.00120000000000 0.00150000000000 0.00130000000000 0.00150000000000 0.00120000000000 0.00130000000000 0.00120000000000 0.00140000000000 
0.01632377734896 0.02505516232798 0.01664226709675 0.02310786607524 0.00190000000000 0.01978390608335 0.00160000000000 0.00170000000000 0.02061583938845 0.10619143043234 0.03489874650816 0.10977889270941 0.02214815112465 0.10704641405877 0.02006129268808 0.03245826877347 0.00660000000000 0.01879503671983 0.00190000000000 0.01656907192306 0.00160000000000 0.00170000000000 0.00140000000000 0.00150000000000 0.02146482380026 0.04585314739651 0.01906342467933 0.03202407874778 0.01540423928175 0.02241492607077 0.01572209002643 0.02148538387382 
0.00150000000000 0.00150000000000 0.01808685282989 0.01902976211696 0.00120000000000 0.00120000000000 0.00150000000000 0.00150000000000 0.00640000000000 0.00650000000000 0.04532447208737 0.06551219270921 0.00130000000000 0.00130000000000 0.00220000000000 0.00630000000000 0.00140000000000 0.00140000000000 0.01765584943078 0.01826978085839 0.00110000000000 0.00110000000000 0.00130000000000 0.00140000000000 0.00180000000000 0.00200000000000 0.02573846052227 0.02767575951454 0.00120000000000 0.00120000000000 0.00170000000000 0.00180000000000 
0.00210000000000 0.01745977660564 0.00140000000000 0.00160000000000 0.01684720362081 0.02868974616629 0.00170000000000 0.00670000000000 0.00180000000000 0.01734567472552 0.00130000000000 0.00150000000000 0.01658829726421 0.02288895280318 0.00150000000000 0.00200000000000 0.00150000000000 0.00200000000000 0.00120000000000 0.00140000000000 0.00220000000000 0.01620930627647 0.00140000000000 0.00160000000000 0.00140000000000 0.00170000000000 0.00120000000000 0.00130000000000 0.00180000000000 0.01615831360961 0.00130000000000 0.00150000000000 
0.01686045195294 0.01509342413792 0.00190000000000 0.00140000000000 0.00220000000000 0.00160000000000 0.00150000000000 0.00130000000000 0.01782683003898 0.01552064197421 0.00540000000000 0.00150000000000 0.00260000000000 0.00170000000000 0.00150000000000 0.00130000000000 0.00170000000000 0.00140000000000 0.00130000000000 0.00120000000000 0.00150000000000 0.00130000000000 0.00120000000000 0.00110000000000 0.00190000000000 0.00150000000000 0.00140000000000 0.00120000000000 0.00150000000000 0.00130000000000 0.00120000000000 0.00120000000000 
0.00180000000000 0.00140000000000 0.00180000000000 0.00140000000000 0.00110000000000 0.00110000000000 0.00110000000000 0.00110000000000 0.00160000000000 0.00130000000000 0.00160000000000 0.00130000000000 0.00110000000000 0.00110000000000 0.00110000000000 0.00110000000000 0.00150000000000 0.00130000000000 0.00150000000000 0.00130000000000 0.00110000000000 0.00100000000000 0.00110000000000 0.00100000000000 0.00140000000000 0.00120000000000 0.00140000000000 0.00120000000000 0.00110000000000 0.00100000000000 0.00110000000000 0.00100000000000 
0.00160000000000 0.00150000000000 0.01976540111177 0.01902051893350 0.00150000000000 0.00150000000000 0.01810377809061 0.01786872608548 0.00180000000000 0.00170000000000 0.02521598422893 0.02245285523724 0.00170000000000 0.00160000000000 0.02203753706534 0.02039793214739 0.00140000000000 0.00140000000000 0.02196353281054 0.02021549485664 0.00140000000000 0.00130000000000 0.01980929684285 0.00240000000000 0.00160000000000 0.00150000000000 0.10229740486114 0.02438889161957 0.00150000000000 0.00140000000000 0.02597830002027 0.02167700057685 
0.00230000000000 0.00160000000000 0.01707796200929 0.00650000000000 0.00130000000000 0.00120000000000 0.00180000000000 0.00140000000000 0.01522041843739 0.00160000000000 0.02168166691428 0.01518206892476 0.00130000000000 0.00120000000000 0.00200000000000 0.00140000000000 0.00240000000000 0.00160000000000 0.01705952010332 0.00650000000000 0.00130000000000 0.00120000000000 0.00180000000000 0.00140000000000 0.01512277339886 0.00160000000000 0.02155819562271 0.01508670598350 0.00140000000000 0.00120000000000 0.00540000000000 0.00150000000000 
0.00150000000000 0.01511744728941 0.01343233904818 0.07064504835894 0.00130000000000 0.00180000000000 0.01483308395171 0.07866368462164 0.00140000000000 0.00190000000000 0.00260000000000 0.02244432113679 0.00130000000000 0.00160000000000 0.00190000000000 0.01893003587184 0.00120000000000 0.00140000000000 0.00160000000000 0.00950000000000 0.00110000000000 0.00130000000000 0.00140000000000 0.00630000000000 0.00120000000000 0.00130000000000 0.00150000000000 0.00660000000000 0.00110000000000 0.00130000000000 0.00130000000000 0.00180000000000 
0.00220000000000 0.02327085492595 0.00690000000000 0.02820783027071 0.00190000000000 0.01867374581639 0.00220000000000 0.02064825022080 0.01765068384998 0.11710061594762 0.01743346838807 0.02861790668433 0.00270000000000 0.03029269235739 0.01568110839705 0.03414488403156 0.00150000000000 0.00650000000000 0.00160000000000 0.00660000000000 0.00140000000000 0.00220000000000 0.00150000000000 0.00670000000000 0.00170000000000 0.01658894706841 0.00190000000000 0.01733189324090 0.00160000000000 0.00810000000000 0.00170000000000 0.01417140497068 
0.00150000000000 0.00150000000000 0.00540000000000 0.00540000000000 0.00150000000000 0.00150000000000 0.00540000000000 0.00190000000000 0.00150000000000 0.00150000000000 0.00540000000000 0.00190000000000 0.00150000000000 0.00150000000000 0.00540000000000 0.00180000000000 0.00160000000000 0.00160000000000 0.00550000000000 0.00550000000000 0.00160000000000 0.00160000000000 0.00540000000000 0.00550000000000 0.00160000000000 0.00160000000000 0.00540000000000 0.00550000000000 0.00160000000000 0.00160000000000 0.00540000000000 0.00550000000000 
0.00210000000000 0.01402886628009 0.02374157530329 0.02882808964097 0.00130000000000 0.00130000000000 0.00160000000000 0.00160000000000 0.00130000000000 0.00130000000000 0.00150000000000 0.00160000000000 0.00110000000000 0.00110000000000 0.00120000000000 0.00120000000000 0.01455920566603 0.01508397351422 0.03031196942435 0.10297110267646 0.00130000000000 0.00140000000000 0.00170000000000 0.00170000000000 0.00130000000000 0.00130000000000 0.00160000000000 0.00170000000000 0.00110000000000 0.00110000000000 0.00120000000000 0.00120000000000 
0.01471048924251 0.00150000000000 0.00150000000000 0.00120000000000 0.02727409902790 0.00270000000000 0.01548859739215 0.00160000000000 0.01713758188271 0.00750000000000 0.01526614706442 0.00170000000000 0.00210000000000 0.02211017538913 0.03208278091189 0.01651115927384 0.00200000000000 0.00140000000000 0.00140000000000 0.00120000000000 0.08066644269953 0.00220000000000 0.01579500178737 0.00150000000000 0.00910000000000 0.00240000000000 0.00570000000000 0.00150000000000 0.00190000000000 0.00850000000000 0.08275038339749 0.01636006838399 
0.06418858211095 0.01584854324621 0.03984372626243 0.01435376188353 0.03258811697324 0.02223958922264 0.10867239595768 0.01820109990797 0.07141806827984 0.00790000000000 0.10263147840073 0.00240000000000 0.10383479378327 0.02011775064088 0.10180553750360 0.01486949208703 0.10591886013362 0.01619495077644 0.03564862269565 0.01468601688396 0.03798822210927 0.02234803740588 0.10813855419207 0.01862822009450 0.10452815394831 0.01379144760253 0.11862200916151 0.00240000000000 0.10461665034320 0.02219365316244 0.10307738068776 0.01549370248316 
0.02391425683181 0.02223188789193 0.10430789188424 0.02085093663275 0.04505119128618 0.01539221558054 0.02386734625231 0.00210000000000 0.01877942353555 0.00600000000000 0.00250000000000 0.00160000000000 0.00370000000000 0.00180000000000 0.00190000000000 0.00140000000000 0.00170000000000 0.00130000000000 0.00140000000000 0.00120000000000 0.00150000000000 0.00130000000000 0.00130000000000 0.00110000000000 0.00130000000000 0.00120000000000 0.00120000000000 0.00110000000000 0.00130000000000 0.00110000000000 0.00120000000000 0.00110000000000 
0.03630451400560 0.00510000000000 0.03522538085907 0.00220000000000 0.04850972127984 0.00520000000000 0.05292568798219 0.00510000000000 0.01862623409884 0.02545807918725 0.01816770739321 0.02386408371634 0.01895185187536 0.03568004364760 0.01860719271201 0.02667766607158 0.04232581177824 0.07397097209973 0.05909835975362 0.09021614008114 0.03887908116591 0.08939656179679 0.04742113625772 0.08729796088859 0.01987016440038 0.06378611243014 0.01975804782286 0.12208347139188 0.02007079682635 0.04984227539238 0.01995660497756 0.11114933254253 
0.00170000000000 0.00160000000000 0.00170000000000 0.00150000000000 0.00110000000000 0.00110000000000 0.00110000000000 0.00110000000000 0.00170000000000 0.00160000000000 0.00170000000000 0.00160000000000 0.00110000000000 0.00110000000000 0.00110000000000 0.00110000000000 0.00170000000000 0.00160000000000 0.00170000000000 0.00150000000000 0.00110000000000 0.00110000000000 0.00110000000000 0.00110000000000 0.00170000000000 0.00160000000000 0.00170000000000 0.00160000000000 0.00110000000000 0.00110000000000 0.00110000000000 0.00110000000000 
0.02432824771297 0.02400609048362 0.02133324981442 0.02195349383509 0.02422663403106 0.02391211601014 0.02133624097574 0.02195425723127 0.02708451904234 0.02555823658807 0.02298294126680 0.02310394648172 0.02679175950016 0.02545738232421 0.02297844140684 0.02309989020953 0.02301889562903 0.02328650060681 0.01988535915633 0.02117527221357 0.02301786847417 0.02328374255102 0.01998978405604 0.02117981384955 0.03054165676719 0.02568247543481 0.02233583687020 0.02265005496565 0.02881787203317 0.02548520380623 0.02233967641715 0.02265040543108 
0.00180000000000 0.04883208290906 0.00190000000000 0.03092741858451 0.00180000000000 0.10308159070699 0.00180000000000 0.03267879498221 0.00180000000000 0.04938858685285 0.00200000000000 0.03102434603517 0.00180000000000 0.06550837224218 0.00190000000000 0.03275209192218 0.04567475361345 0.00210000000000 0.03000165317466 0.01783066617930 0.05725685843705 0.00190000000000 0.03154381684547 0.01770210648955 0.04732435666316 0.00200000000000 0.03028203243925 0.01774206708425 0.05771615073392 0.00190000000000 0.03172231564019 0.01760889986868 
0.00170000000000 0.00170000000000 0.00160000000000 0.00170000000000 0.00160000000000 0.00160000000000 0.00160000000000 0.00160000000000 0.01532618340492 0.00290000000000 0.01634631432274 0.00280000000000 0.01468559843643 0.00260000000000 0.01573083371173 0.00250000000000 0.00140000000000 0.00150000000000 0.00140000000000 0.00150000000000 0.00140000000000 0.00140000000000 0.00140000000000 0.00140000000000 0.00190000000000 0.00200000000000 0.00190000000000 0.00200000000000 0.00180000000000 0.00190000000000 0.00180000000000 0.00190000000000 
0.02648506937001 0.02263651981394 0.04708047237413 0.01768187072862 0.00170000000000 0.00610000000000 0.00220000000000 0.00600000000000 0.10230647953665 0.02031051886658 0.01631870186566 0.01561422708025 0.00180000000000 0.00620000000000 0.00570000000000 0.00630000000000 0.00180000000000 0.00190000000000 0.00160000000000 0.00160000000000 0.00260000000000 0.01525115128561 0.00680000000000 0.01796267868976 0.00160000000000 0.00170000000000 0.00140000000000 0.00140000000000 0.00330000000000 0.01769544359200 0.01000000000000 0.02237454113836 
0.00150000000000 0.00120000000000 0.00160000000000 0.00130000000000 0.00730000000000 0.00150000000000 0.01412718890179 0.00160000000000 0.00140000000000 0.00120000000000 0.00140000000000 0.00120000000000 0.00180000000000 0.00140000000000 0.00200000000000 0.00140000000000 0.00140000000000 0.00120000000000 0.00150000000000 0.00120000000000 0.00180000000000 0.00140000000000 0.00200000000000 0.00140000000000 0.00130000000000 0.00110000000000 0.00130000000000 0.00120000000000 0.00150000000000 0.00130000000000 0.00170000000000 0.00130000000000 
0.02049807662533 0.11356236196731 0.03092425647838 0.07071151688408 0.01460560841801 0.00190000000000 0.00150000000000 0.00140000000000 0.01939517297880 0.12534553146512 0.10856241647048 0.01875800811399 0.01498797327568 0.00220000000000 0.00160000000000 0.00140000000000 0.00160000000000 0.00230000000000 0.00200000000000 0.01480636722849 0.03080117066219 0.00730000000000 0.00220000000000 0.00170000000000 0.00150000000000 0.00180000000000 0.00180000000000 0.00280000000000 0.10251696848411 0.02149620472604 0.00250000000000 0.00190000000000 
0.01487382677064 0.00150000000000 0.07501400771931 0.00280000000000 0.00220000000000 0.00150000000000 0.03052399475647 0.00240000000000 0.01514531686389 0.00160000000000 0.02278228559557 0.00320000000000 0.01393348856853 0.00150000000000 0.04811826985713 0.00260000000000 0.01414649308523 0.00150000000000 0.06297750013153 0.00250000000000 0.00200000000000 0.00140000000000 0.10331247848793 0.00220000000000 0.01448792816571 0.00150000000000 0.02630458607203 0.00270000000000 0.00210000000000 0.00150000000000 0.04420414150935 0.00230000000000 
0.01553242910803 0.01510888623388 0.01585337963034 0.01541693535335 0.00150000000000 0.00150000000000 0.00150000000000 0.00150000000000 0.00920000000000 0.00900000000000 0.00950000000000 0.00930000000000 0.00170000000000 0.00170000000000 0.00170000000000 0.00170000000000 0.06535803496486 0.06998605962119 0.05297090441476 0.05322598014364 0.01801765421103 0.01749838061082 0.01809029543878 0.01779553049985 0.02623942027777 0.02659947338358 0.02262580292977 0.02298669175002 0.01871247752783 0.01774913166836 0.02064831458863 0.01944145209202 
M_out
1 1 1 1 1 0 0 0 0 0 0 0 0 0 0 0 0 0 0 0 0 0 0 0 0 0 0 0 0 0 0 0 0 0 0 0 0 0 0 0 0 0 0 0 0 0 0 0 0 0 0 0 0 0 0 0 0 0 0 0 0 0 0 0 0 0 0 0 0 0 0 0 0 0 0 0 0 0 0 0 0 0 0 0 0 0 0 0 0 0 0 0 0 0 0 0 0 0 0 0 
0 1 1 1 1 1 0 0 0 0 0 0 0 0 0 0 0 0 0 0 0 0 0 0 0 0 0 0 0 0 0 0 0 0 0 0 0 0 0 0 0 0 0 0 0 0 0 0 0 0 0 0 0 0 0 0 0 0 0 0 0 0 0 0 0 0 0 0 0 0 0 0 0 0 0 0 0 0 0 0 0 0 0 0 0 0 0 0 0 0 0 0 0 0 0 0 0 0 0 0 
0 0 1 1 1 1 1 0 0 0 0 0 0 0 0 0 0 0 0 0 0 0 0 0 0 0 0 0 0 0 0 0 0 0 0 0 0 0 0 0 0 0 0 0 0 0 0 0 0 0 0 0 0 0 0 0 0 0 0 0 0 0 0 0 0 0 0 0 0 0 0 0 0 0 0 0 0 0 0 0 0 0 0 0 0 0 0 0 0 0 0 0 0 0 0 0 0 0 0 0 
0 0 0 1 1 1 1 1 0 0 0 0 0 0 0 0 0 0 0 0 0 0 0 0 0 0 0 0 0 0 0 0 0 0 0 0 0 0 0 0 0 0 0 0 0 0 0 0 0 0 0 0 0 0 0 0 0 0 0 0 0 0 0 0 0 0 0 0 0 0 0 0 0 0 0 0 0 0 0 0 0 0 0 0 0 0 0 0 0 0 0 0 0 0 0 0 0 0 0 0 
0 0 0 0 1 1 1 1 1 0 0 0 0 0 0 0 0 0 0 0 0 0 0 0 0 0 0 0 0 0 0 0 0 0 0 0 0 0 0 0 0 0 0 0 0 0 0 0 0 0 0 0 0 0 0 0 0 0 0 0 0 0 0 0 0 0 0 0 0 0 0 0 0 0 0 0 0 0 0 0 0 0 0 0 0 0 0 0 0 0 0 0 0 0 0 0 0 0 0 0 
0 0 0 0 0 1 1 1 1 1 0 0 0 0 0 0 0 0 0 0 0 0 0 0 0 0 0 0 0 0 0 0 0 0 0 0 0 0 0 0 0 0 0 0 0 0 0 0 0 0 0 0 0 0 0 0 0 0 0 0 0 0 0 0 0 0 0 0 0 0 0 0 0 0 0 0 0 0 0 0 0 0 0 0 0 0 0 0 0 0 0 0 0 0 0 0 0 0 0 0 
0 0 0 0 0 0 1 1 1 1 1 0 0 0 0 0 0 0 0 0 0 0 0 0 0 0 0 0 0 0 0 0 0 0 0 0 0 0 0 0 0 0 0 0 0 0 0 0 0 0 0 0 0 0 0 0 0 0 0 0 0 0 0 0 0 0 0 0 0 0 0 0 0 0 0 0 0 0 0 0 0 0 0 0 0 0 0 0 0 0 0 0 0 0 0 0 0 0 0 0 
0 0 0 0 0 0 0 1 1 1 1 1 0 0 0 0 0 0 0 0 0 0 0 0 0 0 0 0 0 0 0 0 0 0 0 0 0 0 0 0 0 0 0 0 0 0 0 0 0 0 0 0 0 0 0 0 0 0 0 0 0 0 0 0 0 0 0 0 0 0 0 0 0 0 0 0 0 0 0 0 0 0 0 0 0 0 0 0 0 0 0 0 0 0 0 0 0 0 0 0 
0 0 0 0 0 0 0 0 1 1 1 1 1 0 0 0 0 0 0 0 0 0 0 0 0 0 0 0 0 0 0 0 0 0 0 0 0 0 0 0 0 0 0 0 0 0 0 0 0 0 0 0 0 0 0 0 0 0 0 0 0 0 0 0 0 0 0 0 0 0 0 0 0 0 0 0 0 0 0 0 0 0 0 0 0 0 0 0 0 0 0 0 0 0 0 0 0 0 0 0 
0 0 0 0 0 0 0 0 0 1 1 1 1 1 0 0 0 0 0 0 0 0 0 0 0 0 0 0 0 0 0 0 0 0 0 0 0 0 0 0 0 0 0 0 0 0 0 0 0 0 0 0 0 0 0 0 0 0 0 0 0 0 0 0 0 0 0 0 0 0 0 0 0 0 0 0 0 0 0 0 0 0 0 0 0 0 0 0 0 0 0 0 0 0 0 0 0 0 0 0 
0 0 0 0 0 0 0 0 0 0 1 1 1 1 1 0 0 0 0 0 0 0 0 0 0 0 0 0 0 0 0 0 0 0 0 0 0 0 0 0 0 0 0 0 0 0 0 0 0 0 0 0 0 0 0 0 0 0 0 0 0 0 0 0 0 0 0 0 0 0 0 0 0 0 0 0 0 0 0 0 0 0 0 0 0 0 0 0 0 0 0 0 0 0 0 0 0 0 0 0 
0 0 0 0 0 0 0 0 0 0 0 1 1 1 1 1 0 0 0 0 0 0 0 0 0 0 0 0 0 0 0 0 0 0 0 0 0 0 0 0 0 0 0 0 0 0 0 0 0 0 0 0 0 0 0 0 0 0 0 0 0 0 0 0 0 0 0 0 0 0 0 0 0 0 0 0 0 0 0 0 0 0 0 0 0 0 0 0 0 0 0 0 0 0 0 0 0 0 0 0 
0 0 0 0 0 0 0 0 0 0 0 0 1 1 1 1 1 0 0 0 0 0 0 0 0 0 0 0 0 0 0 0 0 0 0 0 0 0 0 0 0 0 0 0 0 0 0 0 0 0 0 0 0 0 0 0 0 0 0 0 0 0 0 0 0 0 0 0 0 0 0 0 0 0 0 0 0 0 0 0 0 0 0 0 0 0 0 0 0 0 0 0 0 0 0 0 0 0 0 0 
0 0 0 0 0 0 0 0 0 0 0 0 0 1 1 1 1 1 0 0 0 0 0 0 0 0 0 0 0 0 0 0 0 0 0 0 0 0 0 0 0 0 0 0 0 0 0 0 0 0 0 0 0 0 0 0 0 0 0 0 0 0 0 0 0 0 0 0 0 0 0 0 0 0 0 0 0 0 0 0 0 0 0 0 0 0 0 0 0 0 0 0 0 0 0 0 0 0 0 0 
0 0 0 0 0 0 0 0 0 0 0 0 0 0 1 1 1 1 1 0 0 0 0 0 0 0 0 0 0 0 0 0 0 0 0 0 0 0 0 0 0 0 0 0 0 0 0 0 0 0 0 0 0 0 0 0 0 0 0 0 0 0 0 0 0 0 0 0 0 0 0 0 0 0 0 0 0 0 0 0 0 0 0 0 0 0 0 0 0 0 0 0 0 0 0 0 0 0 0 0 
0 0 0 0 0 0 0 0 0 0 0 0 0 0 0 1 1 1 1 1 0 0 0 0 0 0 0 0 0 0 0 0 0 0 0 0 0 0 0 0 0 0 0 0 0 0 0 0 0 0 0 0 0 0 0 0 0 0 0 0 0 0 0 0 0 0 0 0 0 0 0 0 0 0 0 0 0 0 0 0 0 0 0 0 0 0 0 0 0 0 0 0 0 0 0 0 0 0 0 0 
0 0 0 0 0 0 0 0 0 0 0 0 0 0 0 0 1 1 1 1 1 0 0 0 0 0 0 0 0 0 0 0 0 0 0 0 0 0 0 0 0 0 0 0 0 0 0 0 0 0 0 0 0 0 0 0 0 0 0 0 0 0 0 0 0 0 0 0 0 0 0 0 0 0 0 0 0 0 0 0 0 0 0 0 0 0 0 0 0 0 0 0 0 0 0 0 0 0 0 0 
0 0 0 0 0 0 0 0 0 0 0 0 0 0 0 0 0 1 1 1 1 1 0 0 0 0 0 0 0 0 0 0 0 0 0 0 0 0 0 0 0 0 0 0 0 0 0 0 0 0 0 0 0 0 0 0 0 0 0 0 0 0 0 0 0 0 0 0 0 0 0 0 0 0 0 0 0 0 0 0 0 0 0 0 0 0 0 0 0 0 0 0 0 0 0 0 0 0 0 0 
0 0 0 0 0 0 0 0 0 0 0 0 0 0 0 0 0 0 1 1 1 1 1 0 0 0 0 0 0 0 0 0 0 0 0 0 0 0 0 0 0 0 0 0 0 0 0 0 0 0 0 0 0 0 0 0 0 0 0 0 0 0 0 0 0 0 0 0 0 0 0 0 0 0 0 0 0 0 0 0 0 0 0 0 0 0 0 0 0 0 0 0 0 0 0 0 0 0 0 0 
0 0 0 0 0 0 0 0 0 0 0 0 0 0 0 0 0 0 0 1 1 1 1 1 0 0 0 0 0 0 0 0 0 0 0 0 0 0 0 0 0 0 0 0 0 0 0 0 0 0 0 0 0 0 0 0 0 0 0 0 0 0 0 0 0 0 0 0 0 0 0 0 0 0 0 0 0 0 0 0 0 0 0 0 0 0 0 0 0 0 0 0 0 0 0 0 0 0 0 0 
0 0 0 0 0 0 0 0 0 0 0 0 0 0 0 0 0 0 0 0 1 1 1 1 1 0 0 0 0 0 0 0 0 0 0 0 0 0 0 0 0 0 0 0 0 0 0 0 0 0 0 0 0 0 0 0 0 0 0 0 0 0 0 0 0 0 0 0 0 0 0 0 0 0 0 0 0 0 0 0 0 0 0 0 0 0 0 0 0 0 0 0 0 0 0 0 0 0 0 0 
0 0 0 0 0 0 0 0 0 0 0 0 0 0 0 0 0 0 0 0 0 1 1 1 1 1 0 0 0 0 0 0 0 0 0 0 0 0 0 0 0 0 0 0 0 0 0 0 0 0 0 0 0 0 0 0 0 0 0 0 0 0 0 0 0 0 0 0 0 0 0 0 0 0 0 0 0 0 0 0 0 0 0 0 0 0 0 0 0 0 0 0 0 0 0 0 0 0 0 0 
0 0 0 0 0 0 0 0 0 0 0 0 0 0 0 0 0 0 0 0 0 0 1 1 1 1 1 0 0 0 0 0 0 0 0 0 0 0 0 0 0 0 0 0 0 0 0 0 0 0 0 0 0 0 0 0 0 0 0 0 0 0 0 0 0 0 0 0 0 0 0 0 0 0 0 0 0 0 0 0 0 0 0 0 0 0 0 0 0 0 0 0 0 0 0 0 0 0 0 0 
0 0 0 0 0 0 0 0 0 0 0 0 0 0 0 0 0 0 0 0 0 0 0 1 1 1 1 1 0 0 0 0 0 0 0 0 0 0 0 0 0 0 0 0 0 0 0 0 0 0 0 0 0 0 0 0 0 0 0 0 0 0 0 0 0 0 0 0 0 0 0 0 0 0 0 0 0 0 0 0 0 0 0 0 0 0 0 0 0 0 0 0 0 0 0 0 0 0 0 0 
0 0 0 0 0 0 0 0 0 0 0 0 0 0 0 0 0 0 0 0 0 0 0 0 1 1 1 1 1 0 0 0 0 0 0 0 0 0 0 0 0 0 0 0 0 0 0 0 0 0 0 0 0 0 0 0 0 0 0 0 0 0 0 0 0 0 0 0 0 0 0 0 0 0 0 0 0 0 0 0 0 0 0 0 0 0 0 0 0 0 0 0 0 0 0 0 0 0 0 0 
0 0 0 0 0 0 0 0 0 0 0 0 0 0 0 0 0 0 0 0 0 0 0 0 0 1 1 1 1 1 0 0 0 0 0 0 0 0 0 0 0 0 0 0 0 0 0 0 0 0 0 0 0 0 0 0 0 0 0 0 0 0 0 0 0 0 0 0 0 0 0 0 0 0 0 0 0 0 0 0 0 0 0 0 0 0 0 0 0 0 0 0 0 0 0 0 0 0 0 0 
0 0 0 0 0 0 0 0 0 0 0 0 0 0 0 0 0 0 0 0 0 0 0 0 0 0 1 1 1 1 1 0 0 0 0 0 0 0 0 0 0 0 0 0 0 0 0 0 0 0 0 0 0 0 0 0 0 0 0 0 0 0 0 0 0 0 0 0 0 0 0 0 0 0 0 0 0 0 0 0 0 0 0 0 0 0 0 0 0 0 0 0 0 0 0 0 0 0 0 0 
0 0 0 0 0 0 0 0 0 0 0 0 0 0 0 0 0 0 0 0 0 0 0 0 0 0 0 1 1 1 1 1 0 0 0 0 0 0 0 0 0 0 0 0 0 0 0 0 0 0 0 0 0 0 0 0 0 0 0 0 0 0 0 0 0 0 0 0 0 0 0 0 0 0 0 0 0 0 0 0 0 0 0 0 0 0 0 0 0 0 0 0 0 0 0 0 0 0 0 0 
0 0 0 0 0 0 0 0 0 0 0 0 0 0 0 0 0 0 0 0 0 0 0 0 0 0 0 0 1 1 1 1 1 0 0 0 0 0 0 0 0 0 0 0 0 0 0 0 0 0 0 0 0 0 0 0 0 0 0 0 0 0 0 0 0 0 0 0 0 0 0 0 0 0 0 0 0 0 0 0 0 0 0 0 0 0 0 0 0 0 0 0 0 0 0 0 0 0 0 0 
0 0 0 0 0 0 0 0 0 0 0 0 0 0 0 0 0 0 0 0 0 0 0 0 0 0 0 0 0 1 1 1 1 1 0 0 0 0 0 0 0 0 0 0 0 0 0 0 0 0 0 0 0 0 0 0 0 0 0 0 0 0 0 0 0 0 0 0 0 0 0 0 0 0 0 0 0 0 0 0 0 0 0 0 0 0 0 0 0 0 0 0 0 0 0 0 0 0 0 0 
0 0 0 0 0 0 0 0 0 0 0 0 0 0 0 0 0 0 0 0 0 0 0 0 0 0 0 0 0 0 1 1 1 1 1 0 0 0 0 0 0 0 0 0 0 0 0 0 0 0 0 0 0 0 0 0 0 0 0 0 0 0 0 0 0 0 0 0 0 0 0 0 0 0 0 0 0 0 0 0 0 0 0 0 0 0 0 0 0 0 0 0 0 0 0 0 0 0 0 0 
0 0 0 0 0 0 0 0 0 0 0 0 0 0 0 0 0 0 0 0 0 0 0 0 0 0 0 0 0 0 0 1 1 1 1 1 0 0 0 0 0 0 0 0 0 0 0 0 0 0 0 0 0 0 0 0 0 0 0 0 0 0 0 0 0 0 0 0 0 0 0 0 0 0 0 0 0 0 0 0 0 0 0 0 0 0 0 0 0 0 0 0 0 0 0 0 0 0 0 0 
0 0 0 0 0 0 0 0 0 0 0 0 0 0 0 0 0 0 0 0 0 0 0 0 0 0 0 0 0 0 0 0 1 1 1 1 1 0 0 0 0 0 0 0 0 0 0 0 0 0 0 0 0 0 0 0 0 0 0 0 0 0 0 0 0 0 0 0 0 0 0 0 0 0 0 0 0 0 0 0 0 0 0 0 0 0 0 0 0 0 0 0 0 0 0 0 0 0 0 0 
0 0 0 0 0 0 0 0 0 0 0 0 0 0 0 0 0 0 0 0 0 0 0 0 0 0 0 0 0 0 0 0 0 1 1 1 1 1 0 0 0 0 0 0 0 0 0 0 0 0 0 0 0 0 0 0 0 0 0 0 0 0 0 0 0 0 0 0 0 0 0 0 0 0 0 0 0 0 0 0 0 0 0 0 0 0 0 0 0 0 0 0 0 0 0 0 0 0 0 0 
0 0 0 0 0 0 0 0 0 0 0 0 0 0 0 0 0 0 0 0 0 0 0 0 0 0 0 0 0 0 0 0 0 0 1 1 1 1 1 0 0 0 0 0 0 0 0 0 0 0 0 0 0 0 0 0 0 0 0 0 0 0 0 0 0 0 0 0 0 0 0 0 0 0 0 0 0 0 0 0 0 0 0 0 0 0 0 0 0 0 0 0 0 0 0 0 0 0 0 0 
0 0 0 0 0 0 0 0 0 0 0 0 0 0 0 0 0 0 0 0 0 0 0 0 0 0 0 0 0 0 0 0 0 0 0 1 1 1 1 1 0 0 0 0 0 0 0 0 0 0 0 0 0 0 0 0 0 0 0 0 0 0 0 0 0 0 0 0 0 0 0 0 0 0 0 0 0 0 0 0 0 0 0 0 0 0 0 0 0 0 0 0 0 0 0 0 0 0 0 0 
0 0 0 0 0 0 0 0 0 0 0 0 0 0 0 0 0 0 0 0 0 0 0 0 0 0 0 0 0 0 0 0 0 0 0 0 1 1 1 1 1 0 0 0 0 0 0 0 0 0 0 0 0 0 0 0 0 0 0 0 0 0 0 0 0 0 0 0 0 0 0 0 0 0 0 0 0 0 0 0 0 0 0 0 0 0 0 0 0 0 0 0 0 0 0 0 0 0 0 0 
0 0 0 0 0 0 0 0 0 0 0 0 0 0 0 0 0 0 0 0 0 0 0 0 0 0 0 0 0 0 0 0 0 0 0 0 0 1 1 1 1 1 0 0 0 0 0 0 0 0 0 0 0 0 0 0 0 0 0 0 0 0 0 0 0 0 0 0 0 0 0 0 0 0 0 0 0 0 0 0 0 0 0 0 0 0 0 0 0 0 0 0 0 0 0 0 0 0 0 0 
0 0 0 0 0 0 0 0 0 0 0 0 0 0 0 0 0 0 0 0 0 0 0 0 0 0 0 0 0 0 0 0 0 0 0 0 0 0 1 1 1 1 1 0 0 0 0 0 0 0 0 0 0 0 0 0 0 0 0 0 0 0 0 0 0 0 0 0 0 0 0 0 0 0 0 0 0 0 0 0 0 0 0 0 0 0 0 0 0 0 0 0 0 0 0 0 0 0 0 0 
0 0 0 0 0 0 0 0 0 0 0 0 0 0 0 0 0 0 0 0 0 0 0 0 0 0 0 0 0 0 0 0 0 0 0 0 0 0 0 1 1 1 1 1 0 0 0 0 0 0 0 0 0 0 0 0 0 0 0 0 0 0 0 0 0 0 0 0 0 0 0 0 0 0 0 0 0 0 0 0 0 0 0 0 0 0 0 0 0 0 0 0 0 0 0 0 0 0 0 0 
0 0 0 0 0 0 0 0 0 0 0 0 0 0 0 0 0 0 0 0 0 0 0 0 0 0 0 0 0 0 0 0 0 0 0 0 0 0 0 0 1 1 1 1 1 0 0 0 0 0 0 0 0 0 0 0 0 0 0 0 0 0 0 0 0 0 0 0 0 0 0 0 0 0 0 0 0 0 0 0 0 0 0 0 0 0 0 0 0 0 0 0 0 0 0 0 0 0 0 0 
0 0 0 0 0 0 0 0 0 0 0 0 0 0 0 0 0 0 0 0 0 0 0 0 0 0 0 0 0 0 0 0 0 0 0 0 0 0 0 0 0 1 1 1 1 1 0 0 0 0 0 0 0 0 0 0 0 0 0 0 0 0 0 0 0 0 0 0 0 0 0 0 0 0 0 0 0 0 0 0 0 0 0 0 0 0 0 0 0 0 0 0 0 0 0 0 0 0 0 0 
0 0 0 0 0 0 0 0 0 0 0 0 0 0 0 0 0 0 0 0 0 0 0 0 0 0 0 0 0 0 0 0 0 0 0 0 0 0 0 0 0 0 1 1 1 1 1 0 0 0 0 0 0 0 0 0 0 0 0 0 0 0 0 0 0 0 0 0 0 0 0 0 0 0 0 0 0 0 0 0 0 0 0 0 0 0 0 0 0 0 0 0 0 0 0 0 0 0 0 0 
0 0 0 0 0 0 0 0 0 0 0 0 0 0 0 0 0 0 0 0 0 0 0 0 0 0 0 0 0 0 0 0 0 0 0 0 0 0 0 0 0 0 0 1 1 1 1 1 0 0 0 0 0 0 0 0 0 0 0 0 0 0 0 0 0 0 0 0 0 0 0 0 0 0 0 0 0 0 0 0 0 0 0 0 0 0 0 0 0 0 0 0 0 0 0 0 0 0 0 0 
0 0 0 0 0 0 0 0 0 0 0 0 0 0 0 0 0 0 0 0 0 0 0 0 0 0 0 0 0 0 0 0 0 0 0 0 0 0 0 0 0 0 0 0 1 1 1 1 1 0 0 0 0 0 0 0 0 0 0 0 0 0 0 0 0 0 0 0 0 0 0 0 0 0 0 0 0 0 0 0 0 0 0 0 0 0 0 0 0 0 0 0 0 0 0 0 0 0 0 0 
0 0 0 0 0 0 0 0 0 0 0 0 0 0 0 0 0 0 0 0 0 0 0 0 0 0 0 0 0 0 0 0 0 0 0 0 0 0 0 0 0 0 0 0 0 1 1 1 1 1 0 0 0 0 0 0 0 0 0 0 0 0 0 0 0 0 0 0 0 0 0 0 0 0 0 0 0 0 0 0 0 0 0 0 0 0 0 0 0 0 0 0 0 0 0 0 0 0 0 0 
0 0 0 0 0 0 0 0 0 0 0 0 0 0 0 0 0 0 0 0 0 0 0 0 0 0 0 0 0 0 0 0 0 0 0 0 0 0 0 0 0 0 0 0 0 0 1 1 1 1 1 0 0 0 0 0 0 0 0 0 0 0 0 0 0 0 0 0 0 0 0 0 0 0 0 0 0 0 0 0 0 0 0 0 0 0 0 0 0 0 0 0 0 0 0 0 0 0 0 0 
0 0 0 0 0 0 0 0 0 0 0 0 0 0 0 0 0 0 0 0 0 0 0 0 0 0 0 0 0 0 0 0 0 0 0 0 0 0 0 0 0 0 0 0 0 0 0 1 1 1 1 1 0 0 0 0 0 0 0 0 0 0 0 0 0 0 0 0 0 0 0 0 0 0 0 0 0 0 0 0 0 0 0 0 0 0 0 0 0 0 0 0 0 0 0 0 0 0 0 0 
0 0 0 0 0 0 0 0 0 0 0 0 0 0 0 0 0 0 0 0 0 0 0 0 0 0 0 0 0 0 0 0 0 0 0 0 0 0 0 0 0 0 0 0 0 0 0 0 1 1 1 1 1 0 0 0 0 0 0 0 0 0 0 0 0 0 0 0 0 0 0 0 0 0 0 0 0 0 0 0 0 0 0 0 0 0 0 0 0 0 0 0 0 0 0 0 0 0 0 0 
0 0 0 0 0 0 0 0 0 0 0 0 0 0 0 0 0 0 0 0 0 0 0 0 0 0 0 0 0 0 0 0 0 0 0 0 0 0 0 0 0 0 0 0 0 0 0 0 0 1 1 1 1 1 0 0 0 0 0 0 0 0 0 0 0 0 0 0 0 0 0 0 0 0 0 0 0 0 0 0 0 0 0 0 0 0 0 0 0 0 0 0 0 0 0 0 0 0 0 0 
0 0 0 0 0 0 0 0 0 0 0 0 0 0 0 0 0 0 0 0 0 0 0 0 0 0 0 0 0 0 0 0 0 0 0 0 0 0 0 0 0 0 0 0 0 0 0 0 0 0 1 1 1 1 1 0 0 0 0 0 0 0 0 0 0 0 0 0 0 0 0 0 0 0 0 0 0 0 0 0 0 0 0 0 0 0 0 0 0 0 0 0 0 0 0 0 0 0 0 0 
0 0 0 0 0 0 0 0 0 0 0 0 0 0 0 0 0 0 0 0 0 0 0 0 0 0 0 0 0 0 0 0 0 0 0 0 0 0 0 0 0 0 0 0 0 0 0 0 0 0 0 1 1 1 1 1 0 0 0 0 0 0 0 0 0 0 0 0 0 0 0 0 0 0 0 0 0 0 0 0 0 0 0 0 0 0 0 0 0 0 0 0 0 0 0 0 0 0 0 0 
0 0 0 0 0 0 0 0 0 0 0 0 0 0 0 0 0 0 0 0 0 0 0 0 0 0 0 0 0 0 0 0 0 0 0 0 0 0 0 0 0 0 0 0 0 0 0 0 0 0 0 0 1 1 1 1 1 0 0 0 0 0 0 0 0 0 0 0 0 0 0 0 0 0 0 0 0 0 0 0 0 0 0 0 0 0 0 0 0 0 0 0 0 0 0 0 0 0 0 0 
0 0 0 0 0 0 0 0 0 0 0 0 0 0 0 0 0 0 0 0 0 0 0 0 0 0 0 0 0 0 0 0 0 0 0 0 0 0 0 0 0 0 0 0 0 0 0 0 0 0 0 0 0 1 1 1 1 1 0 0 0 0 0 0 0 0 0 0 0 0 0 0 0 0 0 0 0 0 0 0 0 0 0 0 0 0 0 0 0 0 0 0 0 0 0 0 0 0 0 0 
0 0 0 0 0 0 0 0 0 0 0 0 0 0 0 0 0 0 0 0 0 0 0 0 0 0 0 0 0 0 0 0 0 0 0 0 0 0 0 0 0 0 0 0 0 0 0 0 0 0 0 0 0 0 1 1 1 1 1 0 0 0 0 0 0 0 0 0 0 0 0 0 0 0 0 0 0 0 0 0 0 0 0 0 0 0 0 0 0 0 0 0 0 0 0 0 0 0 0 0 
0 0 0 0 0 0 0 0 0 0 0 0 0 0 0 0 0 0 0 0 0 0 0 0 0 0 0 0 0 0 0 0 0 0 0 0 0 0 0 0 0 0 0 0 0 0 0 0 0 0 0 0 0 0 0 1 1 1 1 1 0 0 0 0 0 0 0 0 0 0 0 0 0 0 0 0 0 0 0 0 0 0 0 0 0 0 0 0 0 0 0 0 0 0 0 0 0 0 0 0 
0 0 0 0 0 0 0 0 0 0 0 0 0 0 0 0 0 0 0 0 0 0 0 0 0 0 0 0 0 0 0 0 0 0 0 0 0 0 0 0 0 0 0 0 0 0 0 0 0 0 0 0 0 0 0 0 1 1 1 1 1 0 0 0 0 0 0 0 0 0 0 0 0 0 0 0 0 0 0 0 0 0 0 0 0 0 0 0 0 0 0 0 0 0 0 0 0 0 0 0 
0 0 0 0 0 0 0 0 0 0 0 0 0 0 0 0 0 0 0 0 0 0 0 0 0 0 0 0 0 0 0 0 0 0 0 0 0 0 0 0 0 0 0 0 0 0 0 0 0 0 0 0 0 0 0 0 0 1 1 1 1 1 0 0 0 0 0 0 0 0 0 0 0 0 0 0 0 0 0 0 0 0 0 0 0 0 0 0 0 0 0 0 0 0 0 0 0 0 0 0 
0 0 0 0 0 0 0 0 0 0 0 0 0 0 0 0 0 0 0 0 0 0 0 0 0 0 0 0 0 0 0 0 0 0 0 0 0 0 0 0 0 0 0 0 0 0 0 0 0 0 0 0 0 0 0 0 0 0 1 1 1 1 1 0 0 0 0 0 0 0 0 0 0 0 0 0 0 0 0 0 0 0 0 0 0 0 0 0 0 0 0 0 0 0 0 0 0 0 0 0 
0 0 0 0 0 0 0 0 0 0 0 0 0 0 0 0 0 0 0 0 0 0 0 0 0 0 0 0 0 0 0 0 0 0 0 0 0 0 0 0 0 0 0 0 0 0 0 0 0 0 0 0 0 0 0 0 0 0 0 1 1 1 1 1 0 0 0 0 0 0 0 0 0 0 0 0 0 0 0 0 0 0 0 0 0 0 0 0 0 0 0 0 0 0 0 0 0 0 0 0 
0 0 0 0 0 0 0 0 0 0 0 0 0 0 0 0 0 0 0 0 0 0 0 0 0 0 0 0 0 0 0 0 0 0 0 0 0 0 0 0 0 0 0 0 0 0 0 0 0 0 0 0 0 0 0 0 0 0 0 0 1 1 1 1 1 0 0 0 0 0 0 0 0 0 0 0 0 0 0 0 0 0 0 0 0 0 0 0 0 0 0 0 0 0 0 0 0 0 0 0 
0 0 0 0 0 0 0 0 0 0 0 0 0 0 0 0 0 0 0 0 0 0 0 0 0 0 0 0 0 0 0 0 0 0 0 0 0 0 0 0 0 0 0 0 0 0 0 0 0 0 0 0 0 0 0 0 0 0 0 0 0 1 1 1 1 1 0 0 0 0 0 0 0 0 0 0 0 0 0 0 0 0 0 0 0 0 0 0 0 0 0 0 0 0 0 0 0 0 0 0 
0 0 0 0 0 0 0 0 0 0 0 0 0 0 0 0 0 0 0 0 0 0 0 0 0 0 0 0 0 0 0 0 0 0 0 0 0 0 0 0 0 0 0 0 0 0 0 0 0 0 0 0 0 0 0 0 0 0 0 0 0 0 1 1 1 1 1 0 0 0 0 0 0 0 0 0 0 0 0 0 0 0 0 0 0 0 0 0 0 0 0 0 0 0 0 0 0 0 0 0 
0 0 0 0 0 0 0 0 0 0 0 0 0 0 0 0 0 0 0 0 0 0 0 0 0 0 0 0 0 0 0 0 0 0 0 0 0 0 0 0 0 0 0 0 0 0 0 0 0 0 0 0 0 0 0 0 0 0 0 0 0 0 0 1 1 1 1 1 0 0 0 0 0 0 0 0 0 0 0 0 0 0 0 0 0 0 0 0 0 0 0 0 0 0 0 0 0 0 0 0 
0 0 0 0 0 0 0 0 0 0 0 0 0 0 0 0 0 0 0 0 0 0 0 0 0 0 0 0 0 0 0 0 0 0 0 0 0 0 0 0 0 0 0 0 0 0 0 0 0 0 0 0 0 0 0 0 0 0 0 0 0 0 0 0 1 1 1 1 1 0 0 0 0 0 0 0 0 0 0 0 0 0 0 0 0 0 0 0 0 0 0 0 0 0 0 0 0 0 0 0 
0 0 0 0 0 0 0 0 0 0 0 0 0 0 0 0 0 0 0 0 0 0 0 0 0 0 0 0 0 0 0 0 0 0 0 0 0 0 0 0 0 0 0 0 0 0 0 0 0 0 0 0 0 0 0 0 0 0 0 0 0 0 0 0 0 1 1 1 1 1 0 0 0 0 0 0 0 0 0 0 0 0 0 0 0 0 0 0 0 0 0 0 0 0 0 0 0 0 0 0 
0 0 0 0 0 0 0 0 0 0 0 0 0 0 0 0 0 0 0 0 0 0 0 0 0 0 0 0 0 0 0 0 0 0 0 0 0 0 0 0 0 0 0 0 0 0 0 0 0 0 0 0 0 0 0 0 0 0 0 0 0 0 0 0 0 0 1 1 1 1 1 0 0 0 0 0 0 0 0 0 0 0 0 0 0 0 0 0 0 0 0 0 0 0 0 0 0 0 0 0 
0 0 0 0 0 0 0 0 0 0 0 0 0 0 0 0 0 0 0 0 0 0 0 0 0 0 0 0 0 0 0 0 0 0 0 0 0 0 0 0 0 0 0 0 0 0 0 0 0 0 0 0 0 0 0 0 0 0 0 0 0 0 0 0 0 0 0 1 1 1 1 1 0 0 0 0 0 0 0 0 0 0 0 0 0 0 0 0 0 0 0 0 0 0 0 0 0 0 0 0 
0 0 0 0 0 0 0 0 0 0 0 0 0 0 0 0 0 0 0 0 0 0 0 0 0 0 0 0 0 0 0 0 0 0 0 0 0 0 0 0 0 0 0 0 0 0 0 0 0 0 0 0 0 0 0 0 0 0 0 0 0 0 0 0 0 0 0 0 1 1 1 1 1 0 0 0 0 0 0 0 0 0 0 0 0 0 0 0 0 0 0 0 0 0 0 0 0 0 0 0 
0 0 0 0 0 0 0 0 0 0 0 0 0 0 0 0 0 0 0 0 0 0 0 0 0 0 0 0 0 0 0 0 0 0 0 0 0 0 0 0 0 0 0 0 0 0 0 0 0 0 0 0 0 0 0 0 0 0 0 0 0 0 0 0 0 0 0 0 0 1 1 1 1 1 0 0 0 0 0 0 0 0 0 0 0 0 0 0 0 0 0 0 0 0 0 0 0 0 0 0 
0 0 0 0 0 0 0 0 0 0 0 0 0 0 0 0 0 0 0 0 0 0 0 0 0 0 0 0 0 0 0 0 0 0 0 0 0 0 0 0 0 0 0 0 0 0 0 0 0 0 0 0 0 0 0 0 0 0 0 0 0 0 0 0 0 0 0 0 0 0 1 1 1 1 1 0 0 0 0 0 0 0 0 0 0 0 0 0 0 0 0 0 0 0 0 0 0 0 0 0 
0 0 0 0 0 0 0 0 0 0 0 0 0 0 0 0 0 0 0 0 0 0 0 0 0 0 0 0 0 0 0 0 0 0 0 0 0 0 0 0 0 0 0 0 0 0 0 0 0 0 0 0 0 0 0 0 0 0 0 0 0 0 0 0 0 0 0 0 0 0 0 1 1 1 1 1 0 0 0 0 0 0 0 0 0 0 0 0 0 0 0 0 0 0 0 0 0 0 0 0 
0 0 0 0 0 0 0 0 0 0 0 0 0 0 0 0 0 0 0 0 0 0 0 0 0 0 0 0 0 0 0 0 0 0 0 0 0 0 0 0 0 0 0 0 0 0 0 0 0 0 0 0 0 0 0 0 0 0 0 0 0 0 0 0 0 0 0 0 0 0 0 0 1 1 1 1 1 0 0 0 0 0 0 0 0 0 0 0 0 0 0 0 0 0 0 0 0 0 0 0 
0 0 0 0 0 0 0 0 0 0 0 0 0 0 0 0 0 0 0 0 0 0 0 0 0 0 0 0 0 0 0 0 0 0 0 0 0 0 0 0 0 0 0 0 0 0 0 0 0 0 0 0 0 0 0 0 0 0 0 0 0 0 0 0 0 0 0 0 0 0 0 0 0 1 1 1 1 1 0 0 0 0 0 0 0 0 0 0 0 0 0 0 0 0 0 0 0 0 0 0 
0 0 0 0 0 0 0 0 0 0 0 0 0 0 0 0 0 0 0 0 0 0 0 0 0 0 0 0 0 0 0 0 0 0 0 0 0 0 0 0 0 0 0 0 0 0 0 0 0 0 0 0 0 0 0 0 0 0 0 0 0 0 0 0 0 0 0 0 0 0 0 0 0 0 1 1 1 1 1 0 0 0 0 0 0 0 0 0 0 0 0 0 0 0 0 0 0 0 0 0 
0 0 0 0 0 0 0 0 0 0 0 0 0 0 0 0 0 0 0 0 0 0 0 0 0 0 0 0 0 0 0 0 0 0 0 0 0 0 0 0 0 0 0 0 0 0 0 0 0 0 0 0 0 0 0 0 0 0 0 0 0 0 0 0 0 0 0 0 0 0 0 0 0 0 0 1 1 1 1 1 0 0 0 0 0 0 0 0 0 0 0 0 0 0 0 0 0 0 0 0 
0 0 0 0 0 0 0 0 0 0 0 0 0 0 0 0 0 0 0 0 0 0 0 0 0 0 0 0 0 0 0 0 0 0 0 0 0 0 0 0 0 0 0 0 0 0 0 0 0 0 0 0 0 0 0 0 0 0 0 0 0 0 0 0 0 0 0 0 0 0 0 0 0 0 0 0 1 1 1 1 1 0 0 0 0 0 0 0 0 0 0 0 0 0 0 0 0 0 0 0 
0 0 0 0 0 0 0 0 0 0 0 0 0 0 0 0 0 0 0 0 0 0 0 0 0 0 0 0 0 0 0 0 0 0 0 0 0 0 0 0 0 0 0 0 0 0 0 0 0 0 0 0 0 0 0 0 0 0 0 0 0 0 0 0 0 0 0 0 0 0 0 0 0 0 0 0 0 1 1 1 1 1 0 0 0 0 0 0 0 0 0 0 0 0 0 0 0 0 0 0 
0 0 0 0 0 0 0 0 0 0 0 0 0 0 0 0 0 0 0 0 0 0 0 0 0 0 0 0 0 0 0 0 0 0 0 0 0 0 0 0 0 0 0 0 0 0 0 0 0 0 0 0 0 0 0 0 0 0 0 0 0 0 0 0 0 0 0 0 0 0 0 0 0 0 0 0 0 0 1 1 1 1 1 0 0 0 0 0 0 0 0 0 0 0 0 0 0 0 0 0 
0 0 0 0 0 0 0 0 0 0 0 0 0 0 0 0 0 0 0 0 0 0 0 0 0 0 0 0 0 0 0 0 0 0 0 0 0 0 0 0 0 0 0 0 0 0 0 0 0 0 0 0 0 0 0 0 0 0 0 0 0 0 0 0 0 0 0 0 0 0 0 0 0 0 0 0 0 0 0 1 1 1 1 1 0 0 0 0 0 0 0 0 0 0 0 0 0 0 0 0 
0 0 0 0 0 0 0 0 0 0 0 0 0 0 0 0 0 0 0 0 0 0 0 0 0 0 0 0 0 0 0 0 0 0 0 0 0 0 0 0 0 0 0 0 0 0 0 0 0 0 0 0 0 0 0 0 0 0 0 0 0 0 0 0 0 0 0 0 0 0 0 0 0 0 0 0 0 0 0 0 1 1 1 1 1 0 0 0 0 0 0 0 0 0 0 0 0 0 0 0 
0 0 0 0 0 0 0 0 0 0 0 0 0 0 0 0 0 0 0 0 0 0 0 0 0 0 0 0 0 0 0 0 0 0 0 0 0 0 0 0 0 0 0 0 0 0 0 0 0 0 0 0 0 0 0 0 0 0 0 0 0 0 0 0 0 0 0 0 0 0 0 0 0 0 0 0 0 0 0 0 0 1 1 1 1 1 0 0 0 0 0 0 0 0 0 0 0 0 0 0 
0 0 0 0 0 0 0 0 0 0 0 0 0 0 0 0 0 0 0 0 0 0 0 0 0 0 0 0 0 0 0 0 0 0 0 0 0 0 0 0 0 0 0 0 0 0 0 0 0 0 0 0 0 0 0 0 0 0 0 0 0 0 0 0 0 0 0 0 0 0 0 0 0 0 0 0 0 0 0 0 0 0 1 1 1 1 1 0 0 0 0 0 0 0 0 0 0 0 0 0 
0 0 0 0 0 0 0 0 0 0 0 0 0 0 0 0 0 0 0 0 0 0 0 0 0 0 0 0 0 0 0 0 0 0 0 0 0 0 0 0 0 0 0 0 0 0 0 0 0 0 0 0 0 0 0 0 0 0 0 0 0 0 0 0 0 0 0 0 0 0 0 0 0 0 0 0 0 0 0 0 0 0 0 1 1 1 1 1 0 0 0 0 0 0 0 0 0 0 0 0 
0 0 0 0 0 0 0 0 0 0 0 0 0 0 0 0 0 0 0 0 0 0 0 0 0 0 0 0 0 0 0 0 0 0 0 0 0 0 0 0 0 0 0 0 0 0 0 0 0 0 0 0 0 0 0 0 0 0 0 0 0 0 0 0 0 0 0 0 0 0 0 0 0 0 0 0 0 0 0 0 0 0 0 0 1 1 1 1 1 0 0 0 0 0 0 0 0 0 0 0 
0 0 0 0 0 0 0 0 0 0 0 0 0 0 0 0 0 0 0 0 0 0 0 0 0 0 0 0 0 0 0 0 0 0 0 0 0 0 0 0 0 0 0 0 0 0 0 0 0 0 0 0 0 0 0 0 0 0 0 0 0 0 0 0 0 0 0 0 0 0 0 0 0 0 0 0 0 0 0 0 0 0 0 0 0 1 1 1 1 1 0 0 0 0 0 0 0 0 0 0 
0 0 0 0 0 0 0 0 0 0 0 0 0 0 0 0 0 0 0 0 0 0 0 0 0 0 0 0 0 0 0 0 0 0 0 0 0 0 0 0 0 0 0 0 0 0 0 0 0 0 0 0 0 0 0 0 0 0 0 0 0 0 0 0 0 0 0 0 0 0 0 0 0 0 0 0 0 0 0 0 0 0 0 0 0 0 1 1 1 1 1 0 0 0 0 0 0 0 0 0 
0 0 0 0 0 0 0 0 0 0 0 0 0 0 0 0 0 0 0 0 0 0 0 0 0 0 0 0 0 0 0 0 0 0 0 0 0 0 0 0 0 0 0 0 0 0 0 0 0 0 0 0 0 0 0 0 0 0 0 0 0 0 0 0 0 0 0 0 0 0 0 0 0 0 0 0 0 0 0 0 0 0 0 0 0 0 0 1 1 1 1 1 0 0 0 0 0 0 0 0 
0 0 0 0 0 0 0 0 0 0 0 0 0 0 0 0 0 0 0 0 0 0 0 0 0 0 0 0 0 0 0 0 0 0 0 0 0 0 0 0 0 0 0 0 0 0 0 0 0 0 0 0 0 0 0 0 0 0 0 0 0 0 0 0 0 0 0 0 0 0 0 0 0 0 0 0 0 0 0 0 0 0 0 0 0 0 0 0 1 1 1 1 1 0 0 0 0 0 0 0 
0 0 0 0 0 0 0 0 0 0 0 0 0 0 0 0 0 0 0 0 0 0 0 0 0 0 0 0 0 0 0 0 0 0 0 0 0 0 0 0 0 0 0 0 0 0 0 0 0 0 0 0 0 0 0 0 0 0 0 0 0 0 0 0 0 0 0 0 0 0 0 0 0 0 0 0 0 0 0 0 0 0 0 0 0 0 0 0 0 1 1 1 1 1 0 0 0 0 0 0 
0 0 0 0 0 0 0 0 0 0 0 0 0 0 0 0 0 0 0 0 0 0 0 0 0 0 0 0 0 0 0 0 0 0 0 0 0 0 0 0 0 0 0 0 0 0 0 0 0 0 0 0 0 0 0 0 0 0 0 0 0 0 0 0 0 0 0 0 0 0 0 0 0 0 0 0 0 0 0 0 0 0 0 0 0 0 0 0 0 0 1 1 1 1 1 0 0 0 0 0 
0 0 0 0 0 0 0 0 0 0 0 0 0 0 0 0 0 0 0 0 0 0 0 0 0 0 0 0 0 0 0 0 0 0 0 0 0 0 0 0 0 0 0 0 0 0 0 0 0 0 0 0 0 0 0 0 0 0 0 0 0 0 0 0 0 0 0 0 0 0 0 0 0 0 0 0 0 0 0 0 0 0 0 0 0 0 0 0 0 0 0 1 1 1 1 1 0 0 0 0 
0 0 0 0 0 0 0 0 0 0 0 0 0 0 0 0 0 0 0 0 0 0 0 0 0 0 0 0 0 0 0 0 0 0 0 0 0 0 0 0 0 0 0 0 0 0 0 0 0 0 0 0 0 0 0 0 0 0 0 0 0 0 0 0 0 0 0 0 0 0 0 0 0 0 0 0 0 0 0 0 0 0 0 0 0 0 0 0 0 0 0 0 1 1 1 1 1 0 0 0 
0 0 0 0 0 0 0 0 0 0 0 0 0 0 0 0 0 0 0 0 0 0 0 0 0 0 0 0 0 0 0 0 0 0 0 0 0 0 0 0 0 0 0 0 0 0 0 0 0 0 0 0 0 0 0 0 0 0 0 0 0 0 0 0 0 0 0 0 0 0 0 0 0 0 0 0 0 0 0 0 0 0 0 0 0 0 0 0 0 0 0 0 0 1 1 1 1 1 0 0 
0 0 0 0 0 0 0 0 0 0 0 0 0 0 0 0 0 0 0 0 0 0 0 0 0 0 0 0 0 0 0 0 0 0 0 0 0 0 0 0 0 0 0 0 0 0 0 0 0 0 0 0 0 0 0 0 0 0 0 0 0 0 0 0 0 0 0 0 0 0 0 0 0 0 0 0 0 0 0 0 0 0 0 0 0 0 0 0 0 0 0 0 0 0 1 1 1 1 1 0 
0 0 0 0 0 0 0 0 0 0 0 0 0 0 0 0 0 0 0 0 0 0 0 0 0 0 0 0 0 0 0 0 0 0 0 0 0 0 0 0 0 0 0 0 0 0 0 0 0 0 0 0 0 0 0 0 0 0 0 0 0 0 0 0 0 0 0 0 0 0 0 0 0 0 0 0 0 0 0 0 0 0 0 0 0 0 0 0 0 0 0 0 0 0 0 1 1 1 1 1 
1 0 0 0 0 0 0 0 0 0 0 0 0 0 0 0 0 0 0 0 0 0 0 0 0 0 0 0 0 0 0 0 0 0 0 0 0 0 0 0 0 0 0 0 0 0 0 0 0 0 0 0 0 0 0 0 0 0 0 0 0 0 0 0 0 0 0 0 0 0 0 0 0 0 0 0 0 0 0 0 0 0 0 0 0 0 0 0 0 0 0 0 0 0 0 0 1 1 1 1 
1 1 0 0 0 0 0 0 0 0 0 0 0 0 0 0 0 0 0 0 0 0 0 0 0 0 0 0 0 0 0 0 0 0 0 0 0 0 0 0 0 0 0 0 0 0 0 0 0 0 0 0 0 0 0 0 0 0 0 0 0 0 0 0 0 0 0 0 0 0 0 0 0 0 0 0 0 0 0 0 0 0 0 0 0 0 0 0 0 0 0 0 0 0 0 0 0 1 1 1 
1 1 1 0 0 0 0 0 0 0 0 0 0 0 0 0 0 0 0 0 0 0 0 0 0 0 0 0 0 0 0 0 0 0 0 0 0 0 0 0 0 0 0 0 0 0 0 0 0 0 0 0 0 0 0 0 0 0 0 0 0 0 0 0 0 0 0 0 0 0 0 0 0 0 0 0 0 0 0 0 0 0 0 0 0 0 0 0 0 0 0 0 0 0 0 0 0 0 1 1 
1 1 1 1 0 0 0 0 0 0 0 0 0 0 0 0 0 0 0 0 0 0 0 0 0 0 0 0 0 0 0 0 0 0 0 0 0 0 0 0 0 0 0 0 0 0 0 0 0 0 0 0 0 0 0 0 0 0 0 0 0 0 0 0 0 0 0 0 0 0 0 0 0 0 0 0 0 0 0 0 0 0 0 0 0 0 0 0 0 0 0 0 0 0 0 0 0 0 0 1 
