Parameters
100 4
F_el
0.05002047194158 0.00150000000000 0.02535483359475 0.00140000000000 0.04109634351669 0.00160000000000 0.04222766308328 0.00150000000000 0.02495191777646 0.00140000000000 0.01936093745154 0.00130000000000 0.03790687750080 0.00150000000000 0.02540981683939 0.00140000000000 0.11082922320300 0.00150000000000 0.12436481836958 0.00140000000000 0.10274327310461 0.00170000000000 0.10424011174692 0.00160000000000 0.11243358194263 0.00140000000000 0.10316527386785 0.00130000000000 0.10712470138989 0.00150000000000 0.10632902571691 0.00140000000000 
0.08519509447907 0.02838935515170 0.02463149108290 0.05379745996767 0.02027096739143 0.01732887705668 0.02785808111658 0.02093120607203 0.10719054890626 0.10667638516484 0.04020667121554 0.10326595938930 0.03026808266733 0.01983509190418 0.10336304305338 0.02809426347295 0.10702447055926 0.03010415300260 0.02438117276749 0.04518246113715 0.02058385213530 0.01743217712184 0.02890147796172 0.02109147272011 0.10618228105211 0.10905077696572 0.03712208308350 0.10288141901657 0.08363818301022 0.02023151010307 0.09372021140311 0.02972833240058 
0.00180000000000 0.00160000000000 0.00130000000000 0.00120000000000 0.00190000000000 0.00170000000000 0.00130000000000 0.00130000000000 0.00210000000000 0.00180000000000 0.00140000000000 0.00130000000000 0.00230000000000 0.00190000000000 0.00140000000000 0.00140000000000 0.00170000000000 0.00150000000000 0.00130000000000 0.00120000000000 0.00180000000000 0.00160000000000 0.00130000000000 0.00120000000000 0.00190000000000 0.00170000000000 0.00140000000000 0.00130000000000 0.00210000000000 0.00180000000000 0.00140000000000 0.00130000000000 
0.01998030055590 0.00210000000000 0.01773672714202 0.00190000000000 0.02151792360075 0.00210000000000 0.01825094833626 0.00200000000000 0.01833847553349 0.00190000000000 0.01688924155480 0.00180000000000 0.01905119353145 0.00200000000000 0.01710882674285 0.00190000000000 0.02324272048551 0.00210000000000 0.01885098288880 0.00200000000000 0.02910550689093 0.00220000000000 0.01995605204061 0.00200000000000 0.01984426263965 0.00200000000000 0.01750959869041 0.00180000000000 0.02138090660258 0.00200000000000 0.01801325503412 0.00190000000000 
0.00170000000000 0.00160000000000 0.00170000000000 0.00170000000000 0.00170000000000 0.00170000000000 0.00180000000000 0.00180000000000 0.00160000000000 0.00160000000000 0.00160000000000 0.00160000000000 0.00170000000000 0.00160000000000 0.00170000000000 0.00170000000000 0.02243996975946 0.02048645158860 0.02655457805854 0.02273719443776 0.02801358217123 0.02366924457264 0.05433242317761 0.02968944704408 0.01895298683605 0.01813692258906 0.01977241338179 0.01872523556045 0.02039283970163 0.01925385208246 0.02211079255611 0.02035384312224 
0.00160000000000 0.01536263790773 0.00140000000000 0.00190000000000 0.00160000000000 0.01523372373733 0.00140000000000 0.00190000000000 0.01874205336182 0.02811814529905 0.00740000000000 0.10545209045266 0.01778109430063 0.03086576439669 0.00700000000000 0.10254871705944 0.00120000000000 0.00140000000000 0.00120000000000 0.00130000000000 0.00120000000000 0.00140000000000 0.00120000000000 0.00130000000000 0.00200000000000 0.00750000000000 0.00160000000000 0.00580000000000 0.00190000000000 0.00710000000000 0.00160000000000 0.00260000000000 
0.01747617694912 0.01767050004468 0.02023750409694 0.02064632993879 0.02761000325901 0.02729974164329 0.03186515167452 0.03216884501253 0.00560000000000 0.00560000000000 0.00610000000000 0.00610000000000 0.02326312696400 0.02357634256321 0.03263137820075 0.03446937917636 0.00720000000000 0.00720000000000 0.00670000000000 0.00680000000000 0.01715511901293 0.01695628058223 0.01614068829671 0.01612008395392 0.00160000000000 0.00160000000000 0.00170000000000 0.00170000000000 0.01746749198032 0.01764917956529 0.01951638860815 0.01983227149586 
0.02143739803486 0.02089291608081 0.01720614336101 0.01691023618955 0.01866870020431 0.01811710024717 0.01601637065723 0.00210000000000 0.00770000000000 0.00660000000000 0.00240000000000 0.00200000000000 0.00660000000000 0.00590000000000 0.00200000000000 0.00180000000000 0.00660000000000 0.00240000000000 0.00190000000000 0.00180000000000 0.00240000000000 0.00210000000000 0.00170000000000 0.00160000000000 0.00240000000000 0.00210000000000 0.00170000000000 0.00160000000000 0.00210000000000 0.00190000000000 0.00160000000000 0.00150000000000 
0.01702797209874 0.01831904361593 0.00140000000000 0.00150000000000 0.01841446600442 0.01995170977750 0.00150000000000 0.00480000000000 0.00250000000000 0.00280000000000 0.00130000000000 0.00130000000000 0.00260000000000 0.00290000000000 0.00130000000000 0.00140000000000 0.06043310507131 0.03811516098658 0.01466963042963 0.01662341098632 0.11848056280312 0.11295697946382 0.01693158406185 0.01734874156802 0.01633441899345 0.01570932063418 0.00550000000000 0.00570000000000 0.01856414836314 0.01768650451859 0.00570000000000 0.00960000000000 
0.00140000000000 0.01900081339549 0.00140000000000 0.00720000000000 0.00150000000000 0.02214140775577 0.00140000000000 0.01531589583598 0.00160000000000 0.02705942913794 0.00150000000000 0.01626558907495 0.00170000000000 0.03694959730553 0.00160000000000 0.01861395273104 0.00170000000000 0.03111652508210 0.00150000000000 0.01956808027577 0.00180000000000 0.03722016620592 0.00160000000000 0.02224400788305 0.00210000000000 0.03626129478286 0.00180000000000 0.04751085369666 0.01394495103642 0.03926510125790 0.00200000000000 0.03999792545468 
0.01546385745467 0.00630000000000 0.00180000000000 0.00170000000000 0.00140000000000 0.00130000000000 0.00120000000000 0.00120000000000 0.01960509079354 0.01632781261313 0.00210000000000 0.00200000000000 0.00150000000000 0.00140000000000 0.00130000000000 0.00130000000000 0.03334154902643 0.02914075595316 0.01856599211877 0.01598812535194 0.01350161791744 0.00670000000000 0.00170000000000 0.00160000000000 0.02372587805055 0.02141053990471 0.01568120802193 0.01461870852136 0.01763012774331 0.01386198949086 0.00190000000000 0.00180000000000 
0.02194820344897 0.00240000000000 0.01856442813422 0.00200000000000 0.05336382827581 0.01441681021716 0.03180919239865 0.01000000000000 0.02246791678988 0.01402745973657 0.03205959186479 0.01862030802560 0.01934904798926 0.00970000000000 0.02175558740618 0.01458798966411 0.11628387967166 0.00760000000000 0.10559897312946 0.00300000000000 0.02976410982252 0.00910000000000 0.10448539245697 0.01631780109480 0.01714436329255 0.00210000000000 0.09066723466109 0.00260000000000 0.01672940186641 0.00190000000000 0.01840368471096 0.00230000000000 
0.00150000000000 0.00120000000000 0.00130000000000 0.00110000000000 0.00180000000000 0.00130000000000 0.00150000000000 0.00120000000000 0.00140000000000 0.00110000000000 0.00130000000000 0.00110000000000 0.00160000000000 0.00120000000000 0.00140000000000 0.00120000000000 0.00200000000000 0.00130000000000 0.00170000000000 0.00120000000000 0.01621176782439 0.00150000000000 0.00230000000000 0.00140000000000 0.00180000000000 0.00130000000000 0.00150000000000 0.00120000000000 0.00720000000000 0.00140000000000 0.00190000000000 0.00130000000000 
0.04456474423769 0.04925335818034 0.01725482748442 0.01999312376898 0.12369244618465 0.03926259418651 0.01890085971202 0.02221387533633 0.01750094443033 0.01738145985779 0.10802306546881 0.03492425213313 0.01648476531285 0.01666989168005 0.11357192220010 0.10226329592215 0.01558960129007 0.01578786991072 0.10252148392784 0.02442145284714 0.01488655785477 0.01519105902491 0.10608613024209 0.02342848633397 0.00150000000000 0.00150000000000 0.00230000000000 0.00230000000000 0.00150000000000 0.00140000000000 0.00200000000000 0.00190000000000 
0.01724899744659 0.00180000000000 0.00170000000000 0.00130000000000 0.01531760128280 0.00160000000000 0.00150000000000 0.00130000000000 0.00140000000000 0.00120000000000 0.00120000000000 0.00110000000000 0.00140000000000 0.00120000000000 0.00120000000000 0.00110000000000 0.01649948005037 0.00200000000000 0.00180000000000 0.00140000000000 0.01437522720973 0.00180000000000 0.00160000000000 0.00130000000000 0.00150000000000 0.00130000000000 0.00120000000000 0.00110000000000 0.00140000000000 0.00120000000000 0.00120000000000 0.00110000000000 
0.01713683521058 0.01612347581036 0.02491466615305 0.02295818602588 0.02133770298895 0.01994397538323 0.05582061917506 0.04072242468591 0.01652098605934 0.01539303727811 0.02942340032069 0.02490813302994 0.02235222498523 0.01965433667971 0.03189117796162 0.06378738621368 0.02089131714146 0.01935504225252 0.06229689344529 0.05670284618009 0.03334986456504 0.03020373792934 0.03007566441453 0.10877483747113 0.02143560253899 0.01862717281879 0.03637888835876 0.12141303843367 0.11880311221768 0.05645059986733 0.02146506111872 0.02618464827713 
0.09690700182650 0.00170000000000 0.05304032128664 0.00170000000000 0.00600000000000 0.00240000000000 0.00590000000000 0.00260000000000 0.01520554973712 0.00130000000000 0.01542357059598 0.00130000000000 0.01000000000000 0.00140000000000 0.01330953049942 0.00140000000000 0.02145581863593 0.00150000000000 0.02237192389890 0.00150000000000 0.01642197709296 0.00170000000000 0.01599970541973 0.00180000000000 0.01413833536384 0.00120000000000 0.01425230866289 0.00120000000000 0.00550000000000 0.00130000000000 0.00560000000000 0.00130000000000 
0.00170000000000 0.11380542673849 0.00160000000000 0.10287193425787 0.00120000000000 0.00170000000000 0.00120000000000 0.00160000000000 0.00130000000000 0.00250000000000 0.00130000000000 0.00230000000000 0.00110000000000 0.00130000000000 0.00110000000000 0.00130000000000 0.00900000000000 0.01464120132921 0.00680000000000 0.01423567904444 0.00140000000000 0.00710000000000 0.00140000000000 0.00620000000000 0.00180000000000 0.05815716567697 0.00170000000000 0.02727562683197 0.00120000000000 0.00180000000000 0.00120000000000 0.00170000000000 
0.01853865435654 0.01929812753420 0.02172747882456 0.02093037476418 0.01686070261747 0.04369037682695 0.01483747182626 0.01506002485374 0.03572432127586 0.02524441869024 0.11250821618919 0.02942855678604 0.00200000000000 0.00580000000000 0.00180000000000 0.00550000000000 0.03557779352503 0.02492931896279 0.12450899729651 0.02940014362069 0.00230000000000 0.02072781661045 0.00190000000000 0.01394183398534 0.03432018512415 0.10631575907405 0.02674012843395 0.09906184009221 0.00160000000000 0.00560000000000 0.00150000000000 0.00200000000000 
0.00170000000000 0.01462758523333 0.02486192997407 0.03036954696192 0.00940000000000 0.02394486073305 0.01876641156081 0.01566089380029 0.01940299544475 0.05299934708380 0.01825421945107 0.01600349393380 0.01887416055498 0.01528881754207 0.00180000000000 0.00150000000000 0.01949776842837 0.03368716380659 0.02112301932863 0.01805274776889 0.02575878743588 0.01822809227294 0.00900000000000 0.00510000000000 0.02269056799479 0.01791681170500 0.00930000000000 0.00530000000000 0.00190000000000 0.00160000000000 0.00130000000000 0.00120000000000 
0.00190000000000 0.00230000000000 0.01683159141314 0.02044409329823 0.01892854396823 0.02740464760940 0.04865473950510 0.10403515122395 0.00130000000000 0.00140000000000 0.00150000000000 0.00160000000000 0.00160000000000 0.00190000000000 0.01635211843512 0.01795484977038 0.01946411329395 0.02708087972657 0.04341527377314 0.10347659791885 0.11223071655221 0.02806136636496 0.02296196904886 0.01974087662777 0.00170000000000 0.00190000000000 0.01669543398612 0.01829404863674 0.01776844288127 0.02048111130163 0.02525618066149 0.04445306250955 
0.00220000000000 0.01863052503394 0.02100536798404 0.10987541664270 0.00150000000000 0.01495818197913 0.01549201488503 0.02111061553670 0.00170000000000 0.01509576846190 0.01603367088795 0.02761248849619 0.00140000000000 0.00160000000000 0.00180000000000 0.01710362178697 0.02636837794513 0.03787065649411 0.02410029137609 0.01942783357205 0.01582608981846 0.02483941824565 0.03390986740581 0.04714567254448 0.01735288735493 0.04309751786671 0.11716013915519 0.02448739686413 0.00190000000000 0.01818056327597 0.02047218187898 0.10622755141013 
0.01873591153459 0.00210000000000 0.01486146598877 0.00150000000000 0.02624880183267 0.02622923699323 0.02707799501788 0.01725087086445 0.00670000000000 0.00150000000000 0.00150000000000 0.00130000000000 0.02440022798115 0.01620453618693 0.01715462110058 0.00180000000000 0.01324400142110 0.00150000000000 0.00150000000000 0.00130000000000 0.02147579437547 0.01676469114079 0.01794188409857 0.00970000000000 0.00150000000000 0.00130000000000 0.00130000000000 0.00110000000000 0.01732480155166 0.00970000000000 0.00920000000000 0.00140000000000 
0.02378512202308 0.03214462773673 0.01556776088116 0.02400179108829 0.00590000000000 0.00150000000000 0.01779484214151 0.01562023332361 0.02979418175869 0.01978861850285 0.02447857742161 0.03269610164519 0.00530000000000 0.00130000000000 0.01572053649713 0.00890000000000 0.01667018261310 0.00190000000000 0.02842963468449 0.01840369109342 0.00120000000000 0.00110000000000 0.00150000000000 0.00130000000000 0.01558389623471 0.00160000000000 0.01926838477624 0.01676204022212 0.00120000000000 0.00110000000000 0.00130000000000 0.00120000000000 
0.01642959255398 0.00220000000000 0.00160000000000 0.00140000000000 0.02031652818519 0.01614488489160 0.00200000000000 0.00160000000000 0.01804763150015 0.01471874266405 0.00180000000000 0.00150000000000 0.02346442604388 0.01744280157285 0.01430032159552 0.00170000000000 0.12489259034274 0.02748351009787 0.01957736886765 0.01576869053331 0.03943800385980 0.04697284615425 0.02521130708744 0.01857469477698 0.10927569946848 0.03701388131692 0.02223270918784 0.01695174218008 0.03186261282086 0.10680871847066 0.03121422008553 0.02030454152631 
0.02008320878176 0.03724102656963 0.02168620824440 0.01622987860207 0.10371759467170 0.02276834800154 0.01509309382229 0.00210000000000 0.02507240784189 0.03015934028271 0.01613749917035 0.00610000000000 0.02328494675603 0.01690179081286 0.00210000000000 0.00170000000000 0.01601177826135 0.00190000000000 0.00160000000000 0.00140000000000 0.00180000000000 0.00150000000000 0.00130000000000 0.00120000000000 0.00200000000000 0.00160000000000 0.00140000000000 0.00130000000000 0.00150000000000 0.00130000000000 0.00120000000000 0.00120000000000 
0.02799400308110 0.02225110786192 0.01713679201606 0.01651271205028 0.01677330905824 0.02022290983720 0.03991367327371 0.02160206092867 0.01589034085628 0.01360520686763 0.00180000000000 0.00170000000000 0.02182451675537 0.01482821539933 0.00270000000000 0.00230000000000 0.01995196631931 0.01862247171099 0.01612426827945 0.00210000000000 0.05878271718778 0.02675456520190 0.01316806423631 0.00320000000000 0.00210000000000 0.00190000000000 0.00150000000000 0.00140000000000 0.00320000000000 0.00260000000000 0.00190000000000 0.00170000000000 
0.00150000000000 0.00140000000000 0.02928331988677 0.02081283906112 0.00130000000000 0.00130000000000 0.02156012740402 0.01730979173135 0.00140000000000 0.00130000000000 0.02112526498140 0.01717526340193 0.00130000000000 0.00120000000000 0.01731217626396 0.01488425055265 0.00130000000000 0.00120000000000 0.01787140084811 0.01491646057734 0.00120000000000 0.00120000000000 0.01487230776428 0.00180000000000 0.00130000000000 0.00120000000000 0.01492235728938 0.00210000000000 0.00120000000000 0.00110000000000 0.00190000000000 0.00160000000000 
0.03057038889021 0.02279414789221 0.00170000000000 0.11706970201753 0.01473712454967 0.02886300132126 0.00140000000000 0.10194070068048 0.00190000000000 0.04074350967554 0.00130000000000 0.01574856902370 0.00150000000000 0.06509359490892 0.00110000000000 0.00170000000000 0.02865897441957 0.02084176380662 0.02273270659084 0.10324917313207 0.02461486305743 0.02302204711974 0.00170000000000 0.10779430469740 0.01766975362646 0.02917921898631 0.00150000000000 0.10420692021294 0.00200000000000 0.04874740663678 0.00130000000000 0.01642456045232 
0.01628742790494 0.04122798662793 0.01947785162723 0.10232566265048 0.01520820955178 0.01841739797818 0.01558215364982 0.02112805535348 0.01660398261843 0.10213859720133 0.03253911813017 0.01695173115104 0.01485106264284 0.02013190054339 0.01531915276485 0.03510339491297 0.02595392003730 0.00600000000000 0.02292888111062 0.00220000000000 0.01732545755045 0.02652851717230 0.01963143549770 0.03802153238611 0.00630000000000 0.00200000000000 0.00270000000000 0.00160000000000 0.01756548716631 0.02031126217884 0.02543169497410 0.02057295173587 
0.01471296315335 0.02336501304376 0.00190000000000 0.01812020316321 0.03664218835297 0.02583748327439 0.10471222848090 0.02920473528446 0.01561039070147 0.03072419048003 0.00670000000000 0.02039843170180 0.02874179633455 0.02347693639009 0.03636342500397 0.02542934314375 0.00150000000000 0.00190000000000 0.00130000000000 0.00160000000000 0.02368227190550 0.06083311371159 0.01990856954954 0.03505196811896 0.00170000000000 0.01643836110228 0.00150000000000 0.00200000000000 0.02785722617544 0.06247501300836 0.02216346051708 0.05479815166457 
0.00160000000000 0.01611992377969 0.00130000000000 0.00170000000000 0.00610000000000 0.02047730673207 0.00190000000000 0.01278088142608 0.02410939392570 0.02207396778688 0.00610000000000 0.05513225796698 0.01933252136310 0.01690752241151 0.03896314656183 0.01700404077407 0.00140000000000 0.00220000000000 0.00130000000000 0.00150000000000 0.00580000000000 0.01659945944127 0.00160000000000 0.00590000000000 0.00810000000000 0.02936278233210 0.00240000000000 0.01896162063586 0.02632387565297 0.01830052128453 0.01433319041745 0.01992133191253 
0.00150000000000 0.03315848031045 0.00610000000000 0.03426930750103 0.00120000000000 0.01548914130691 0.00140000000000 0.01921918735470 0.00140000000000 0.02267321771046 0.00580000000000 0.06841645946121 0.00110000000000 0.00170000000000 0.00130000000000 0.01461980093953 0.00170000000000 0.06828292439946 0.00640000000000 0.02759349749815 0.00120000000000 0.01669145304834 0.00140000000000 0.02066775277378 0.00150000000000 0.02813646979788 0.00600000000000 0.03485711699876 0.00110000000000 0.00190000000000 0.00130000000000 0.01723424445826 
0.00200000000000 0.00150000000000 0.01629632519950 0.00540000000000 0.00130000000000 0.00120000000000 0.00150000000000 0.00130000000000 0.01435448810205 0.00160000000000 0.01831781043793 0.00560000000000 0.00140000000000 0.00120000000000 0.00170000000000 0.00140000000000 0.00150000000000 0.00130000000000 0.00190000000000 0.00150000000000 0.00120000000000 0.00110000000000 0.00130000000000 0.00120000000000 0.00170000000000 0.00140000000000 0.01430177908747 0.00160000000000 0.00130000000000 0.00110000000000 0.00140000000000 0.00120000000000 
0.00210000000000 0.00140000000000 0.01610380724845 0.00160000000000 0.00150000000000 0.00130000000000 0.01560207886315 0.00140000000000 0.01587878374007 0.00170000000000 0.02293357244011 0.00210000000000 0.00190000000000 0.00140000000000 0.01752874485695 0.00150000000000 0.00170000000000 0.00130000000000 0.00210000000000 0.00150000000000 0.00140000000000 0.00120000000000 0.00150000000000 0.00130000000000 0.00210000000000 0.00150000000000 0.01556374942119 0.00170000000000 0.00160000000000 0.00130000000000 0.00190000000000 0.00140000000000 
0.00160000000000 0.00170000000000 0.00150000000000 0.00160000000000 0.00140000000000 0.00140000000000 0.00130000000000 0.00140000000000 0.00180000000000 0.00190000000000 0.00170000000000 0.00180000000000 0.00150000000000 0.00150000000000 0.00140000000000 0.00150000000000 0.00130000000000 0.00140000000000 0.00130000000000 0.00130000000000 0.00120000000000 0.00120000000000 0.00120000000000 0.00120000000000 0.00140000000000 0.00140000000000 0.00130000000000 0.00140000000000 0.00130000000000 0.00130000000000 0.00120000000000 0.00130000000000 
0.00150000000000 0.00200000000000 0.00130000000000 0.00150000000000 0.00150000000000 0.00190000000000 0.00130000000000 0.00150000000000 0.00160000000000 0.00210000000000 0.00140000000000 0.00160000000000 0.00150000000000 0.00220000000000 0.00130000000000 0.00160000000000 0.00130000000000 0.00150000000000 0.00120000000000 0.00130000000000 0.00130000000000 0.00150000000000 0.00120000000000 0.00130000000000 0.00130000000000 0.00160000000000 0.00120000000000 0.00140000000000 0.00130000000000 0.00150000000000 0.00120000000000 0.00130000000000 
0.00140000000000 0.00150000000000 0.00150000000000 0.00150000000000 0.00130000000000 0.00130000000000 0.00130000000000 0.00130000000000 0.00170000000000 0.00180000000000 0.00170000000000 0.00190000000000 0.00140000000000 0.00140000000000 0.00140000000000 0.00140000000000 0.00150000000000 0.00160000000000 0.00150000000000 0.00160000000000 0.00130000000000 0.00130000000000 0.00130000000000 0.00130000000000 0.00180000000000 0.00190000000000 0.00180000000000 0.00200000000000 0.00140000000000 0.00150000000000 0.00140000000000 0.00150000000000 
0.00180000000000 0.00170000000000 0.00190000000000 0.00180000000000 0.00170000000000 0.00170000000000 0.00180000000000 0.00180000000000 0.00190000000000 0.00190000000000 0.00210000000000 0.00200000000000 0.00190000000000 0.00180000000000 0.00200000000000 0.00190000000000 0.00120000000000 0.00120000000000 0.00120000000000 0.00120000000000 0.00120000000000 0.00120000000000 0.00120000000000 0.00120000000000 0.00120000000000 0.00120000000000 0.00120000000000 0.00120000000000 0.00120000000000 0.00120000000000 0.00120000000000 0.00120000000000 
0.00180000000000 0.00170000000000 0.00160000000000 0.00150000000000 0.00180000000000 0.00170000000000 0.00160000000000 0.00150000000000 0.00230000000000 0.00190000000000 0.00180000000000 0.00170000000000 0.00230000000000 0.00190000000000 0.00180000000000 0.00170000000000 0.00140000000000 0.00140000000000 0.00140000000000 0.00130000000000 0.00140000000000 0.00140000000000 0.00140000000000 0.00130000000000 0.00160000000000 0.00150000000000 0.00150000000000 0.00140000000000 0.00160000000000 0.00150000000000 0.00150000000000 0.00140000000000 
0.01455642111479 0.01498487010571 0.01383719808838 0.01415657996165 0.02111718638743 0.02287985255140 0.01902555608990 0.02028506910565 0.02089228543780 0.02244779248540 0.01904994491812 0.02018883749555 0.04806675141116 0.03617007068165 0.06087384178572 0.05457186074801 0.02692721305942 0.02963915944552 0.02407632662305 0.02602721928258 0.03202182420388 0.02866215144234 0.03842201104663 0.03251908673743 0.03335853496720 0.02986031326706 0.04037180658759 0.03389360261398 0.02041743436385 0.01697367667857 0.02154702583796 0.02054719245056 
0.03924875210696 0.02811404588288 0.02100941303136 0.01837945306361 0.01447120819445 0.01366579197837 0.00190000000000 0.00180000000000 0.02411875033562 0.02704968010254 0.04223552242313 0.05551785233318 0.02399647725624 0.02090184264886 0.01820479043605 0.01670563732730 0.00150000000000 0.00140000000000 0.00140000000000 0.00130000000000 0.00120000000000 0.00120000000000 0.00120000000000 0.00110000000000 0.01512797634421 0.01438204574196 0.00190000000000 0.00170000000000 0.00150000000000 0.00140000000000 0.00130000000000 0.00130000000000 
0.00220000000000 0.10257907638940 0.01482787798500 0.02881921755441 0.00210000000000 0.05103538008295 0.01463347712604 0.03455361353223 0.00170000000000 0.02594952490283 0.00220000000000 0.06857873221611 0.00170000000000 0.02349180690702 0.00210000000000 0.03873983622987 0.02284874471691 0.10378589889314 0.03058024160215 0.02922750659401 0.02171781039220 0.10529019473607 0.02716325544278 0.03211240713723 0.01854233588879 0.10648268816006 0.02139400505271 0.10340944080797 0.01803834786919 0.11006224642449 0.02039016035364 0.10430911339101 
0.01502436966174 0.01924901913172 0.00740000000000 0.01635212504585 0.00140000000000 0.00170000000000 0.00130000000000 0.00150000000000 0.03109880591680 0.12417019476898 0.02132429986446 0.03412511233738 0.00160000000000 0.01609436787650 0.00150000000000 0.01506133851968 0.00190000000000 0.00570000000000 0.00160000000000 0.00520000000000 0.00120000000000 0.00140000000000 0.00120000000000 0.00130000000000 0.01636997918487 0.02138262540909 0.00530000000000 0.01772666496809 0.00140000000000 0.00540000000000 0.00130000000000 0.00500000000000 
0.00160000000000 0.00120000000000 0.01478026359813 0.00140000000000 0.00160000000000 0.00120000000000 0.01659302324389 0.00140000000000 0.00150000000000 0.00120000000000 0.00220000000000 0.00140000000000 0.00150000000000 0.00120000000000 0.01574477705965 0.00130000000000 0.00120000000000 0.00110000000000 0.00140000000000 0.00120000000000 0.00120000000000 0.00110000000000 0.00140000000000 0.00110000000000 0.00120000000000 0.00110000000000 0.00130000000000 0.00110000000000 0.00120000000000 0.00110000000000 0.00130000000000 0.00110000000000 
0.00150000000000 0.00200000000000 0.00140000000000 0.00170000000000 0.00140000000000 0.00180000000000 0.00130000000000 0.00160000000000 0.00130000000000 0.00150000000000 0.00120000000000 0.00140000000000 0.00120000000000 0.00140000000000 0.00120000000000 0.00130000000000 0.01651823749482 0.02598014036277 0.00730000000000 0.01865643650938 0.00890000000000 0.01891904303641 0.00610000000000 0.01543902712854 0.01307284726977 0.02031107872587 0.00180000000000 0.01659173601193 0.00200000000000 0.01743213125391 0.00160000000000 0.01465214356524 
0.00230000000000 0.02409542115644 0.00160000000000 0.00570000000000 0.00140000000000 0.00180000000000 0.00130000000000 0.00150000000000 0.00130000000000 0.00150000000000 0.00120000000000 0.00130000000000 0.00110000000000 0.00120000000000 0.00110000000000 0.00110000000000 0.00590000000000 0.01517526371388 0.00160000000000 0.00500000000000 0.00140000000000 0.00190000000000 0.00130000000000 0.00150000000000 0.00130000000000 0.00150000000000 0.00120000000000 0.00130000000000 0.00110000000000 0.00120000000000 0.00110000000000 0.00110000000000 
0.00180000000000 0.00670000000000 0.01639658582187 0.02035059833646 0.00190000000000 0.00710000000000 0.01723213953619 0.02273160118829 0.00190000000000 0.00620000000000 0.01935630655096 0.02819597189925 0.00200000000000 0.00640000000000 0.02176459798725 0.02835821268352 0.01555016623087 0.01798689591409 0.02110659664322 0.02995909713387 0.01607614019360 0.01903591328691 0.02276350546233 0.03738936049995 0.01639040222752 0.02376976675841 0.04223443090040 0.03519500648579 0.01750553504858 0.02449906672924 0.04008844290682 0.03456664271535 
0.01627576944689 0.00150000000000 0.00160000000000 0.00120000000000 0.01610357347292 0.00150000000000 0.00160000000000 0.00120000000000 0.00170000000000 0.00130000000000 0.00130000000000 0.00110000000000 0.00170000000000 0.00130000000000 0.00130000000000 0.00110000000000 0.03129805470499 0.01534913720558 0.01578478400963 0.00180000000000 0.03184804051677 0.01526028137942 0.01573138882422 0.00170000000000 0.02044442552401 0.00180000000000 0.00550000000000 0.00130000000000 0.01914847523081 0.00180000000000 0.00550000000000 0.00130000000000 
0.03343368884642 0.01625206804731 0.02300656606857 0.01584224876191 0.04359420718042 0.02009342622550 0.04449298704099 0.01871507087512 0.01583641230996 0.03505592073752 0.00920000000000 0.03598190490433 0.00210000000000 0.02517274635950 0.00200000000000 0.02719169467534 0.00700000000000 0.03143209903004 0.01407067432877 0.03384204666368 0.01317286828694 0.02365924798791 0.01328802702708 0.02572365648282 0.00130000000000 0.00650000000000 0.00130000000000 0.01301696164435 0.00130000000000 0.00200000000000 0.00130000000000 0.00190000000000 
0.01663617097783 0.01791667811000 0.01711246016312 0.01440879094085 0.01715706667184 0.01617505538157 0.02439440292235 0.01937032743969 0.01557675293792 0.01536933660984 0.01635587544041 0.01404997542432 0.01821042665666 0.01661112630912 0.02711423407905 0.02025494805931 0.01591679876804 0.02006864787421 0.05552646333828 0.10847007433539 0.00130000000000 0.00130000000000 0.00150000000000 0.00150000000000 0.01856195074701 0.02078290159739 0.05983457759619 0.07224707863347 0.00140000000000 0.00130000000000 0.00150000000000 0.00150000000000 
0.01403135167221 0.00170000000000 0.05156586098988 0.02200051774865 0.05036634286455 0.01845463241741 0.01452885914922 0.00630000000000 0.00200000000000 0.00160000000000 0.03369006685299 0.01901744150445 0.03049917281372 0.01599777743587 0.01527318810277 0.00720000000000 0.01883658299411 0.01436734625583 0.02833304245614 0.04173809715720 0.02577589664882 0.03508836713299 0.00180000000000 0.00200000000000 0.01758642874281 0.00230000000000 0.03473867183618 0.05343916490245 0.03132692841242 0.05357634561773 0.00200000000000 0.01586683945468 
0.01489337216795 0.01810601706481 0.01876393916324 0.02875150654385 0.01610270520416 0.01997188604943 0.02130472964339 0.04865164977274 0.00140000000000 0.00160000000000 0.00160000000000 0.00200000000000 0.00150000000000 0.00170000000000 0.00180000000000 0.00230000000000 0.01498922031338 0.01832489971013 0.01916343595385 0.03104722636694 0.01621002455668 0.02038697540473 0.02200133710676 0.09446316472208 0.00140000000000 0.00160000000000 0.00160000000000 0.00200000000000 0.00150000000000 0.00170000000000 0.00180000000000 0.00240000000000 
0.01637993319859 0.01863568124294 0.00190000000000 0.01441598938980 0.00180000000000 0.00230000000000 0.00150000000000 0.00160000000000 0.00200000000000 0.00730000000000 0.00150000000000 0.00160000000000 0.00150000000000 0.00160000000000 0.00130000000000 0.00140000000000 0.01554393276733 0.01736220867867 0.00180000000000 0.00700000000000 0.00180000000000 0.00210000000000 0.00140000000000 0.00160000000000 0.00180000000000 0.00690000000000 0.00150000000000 0.00160000000000 0.00140000000000 0.00150000000000 0.00130000000000 0.00130000000000 
0.00160000000000 0.00150000000000 0.00190000000000 0.00170000000000 0.00150000000000 0.00140000000000 0.00160000000000 0.00150000000000 0.00150000000000 0.00140000000000 0.00160000000000 0.00150000000000 0.00130000000000 0.00130000000000 0.00140000000000 0.00130000000000 0.00160000000000 0.00140000000000 0.00170000000000 0.00160000000000 0.00140000000000 0.00130000000000 0.00150000000000 0.00140000000000 0.00140000000000 0.00130000000000 0.00150000000000 0.00140000000000 0.00130000000000 0.00120000000000 0.00140000000000 0.00130000000000 
0.00160000000000 0.00130000000000 0.00150000000000 0.00120000000000 0.00150000000000 0.00120000000000 0.00140000000000 0.00120000000000 0.00130000000000 0.00110000000000 0.00130000000000 0.00110000000000 0.00130000000000 0.00110000000000 0.00120000000000 0.00110000000000 0.00130000000000 0.00120000000000 0.00130000000000 0.00110000000000 0.00130000000000 0.00110000000000 0.00120000000000 0.00110000000000 0.00120000000000 0.00110000000000 0.00110000000000 0.00110000000000 0.00110000000000 0.00110000000000 0.00110000000000 0.00100000000000 
0.01728864835134 0.00660000000000 0.00170000000000 0.00160000000000 0.01719224813755 0.00660000000000 0.00170000000000 0.00160000000000 0.03077023166017 0.01748865943128 0.01929919237865 0.00230000000000 0.03117836778840 0.01740316817053 0.01929717369131 0.00240000000000 0.02472991093023 0.01650781583647 0.01786806014644 0.00190000000000 0.02483506935204 0.01650432101776 0.01786692695751 0.00190000000000 0.03511831633459 0.03330211434489 0.02715711112210 0.01795852574084 0.03380993447070 0.03371152959266 0.02726642100084 0.01785762158974 
0.00200000000000 0.00210000000000 0.02537733647701 0.02964082130514 0.00210000000000 0.00230000000000 0.02771679724296 0.03487365848664 0.00500000000000 0.00520000000000 0.00840000000000 0.00850000000000 0.00500000000000 0.00520000000000 0.00840000000000 0.00850000000000 0.02947081833502 0.10403401289518 0.02891647121034 0.02372487582634 0.04110909862960 0.10519931709190 0.02573475953389 0.02291730509455 0.00850000000000 0.00880000000000 0.01910782237980 0.02009739115978 0.00860000000000 0.01608328437344 0.01964659138619 0.02083540948622 
0.00140000000000 0.00150000000000 0.00140000000000 0.00140000000000 0.00180000000000 0.00190000000000 0.00170000000000 0.00180000000000 0.00170000000000 0.00180000000000 0.00170000000000 0.00170000000000 0.01571186302306 0.01561440209346 0.01370486010907 0.01495647712835 0.00140000000000 0.00150000000000 0.00140000000000 0.00140000000000 0.00180000000000 0.00190000000000 0.00170000000000 0.00170000000000 0.00170000000000 0.00180000000000 0.00160000000000 0.00170000000000 0.01560316596355 0.01550540503965 0.01368438868828 0.01485149042046 
0.00770000000000 0.00130000000000 0.00130000000000 0.00110000000000 0.00180000000000 0.00120000000000 0.00120000000000 0.00100000000000 0.00170000000000 0.00120000000000 0.00120000000000 0.00100000000000 0.00150000000000 0.00120000000000 0.00110000000000 0.00100000000000 0.10305434964476 0.00160000000000 0.00150000000000 0.00120000000000 0.02193879959922 0.00140000000000 0.00130000000000 0.00110000000000 0.01964553222556 0.00140000000000 0.00130000000000 0.00110000000000 0.00210000000000 0.00130000000000 0.00120000000000 0.00110000000000 
0.01470582224911 0.00740000000000 0.00140000000000 0.00140000000000 0.00120000000000 0.00120000000000 0.00110000000000 0.00110000000000 0.10567111826251 0.10388894138556 0.00190000000000 0.00180000000000 0.00150000000000 0.00140000000000 0.00120000000000 0.00120000000000 0.00120000000000 0.00120000000000 0.00110000000000 0.00110000000000 0.00100000000000 0.00100000000000 0.00100000000000 0.00100000000000 0.00140000000000 0.00140000000000 0.00120000000000 0.00120000000000 0.00110000000000 0.00110000000000 0.00100000000000 0.00100000000000 
0.02103204994040 0.02336203313202 0.03069748161448 0.01536315450288 0.01931398407013 0.02527021753407 0.03583897686971 0.01581440048187 0.00230000000000 0.02251634166409 0.02063052353118 0.02151202859777 0.00210000000000 0.02046922132732 0.01891842088156 0.02310065819675 0.02554355062137 0.02052868286559 0.02463202408441 0.01469377360016 0.02205402879223 0.02165290916826 0.02675910309377 0.01503618717991 0.01464857951450 0.03024536259608 0.02513626142870 0.01907544308572 0.00750000000000 0.02490359249420 0.02176200127891 0.02011388155729 
0.00160000000000 0.00160000000000 0.00220000000000 0.00220000000000 0.03089216406718 0.03232629475983 0.07833106957059 0.07796456844281 0.00120000000000 0.00120000000000 0.00130000000000 0.00130000000000 0.00180000000000 0.00180000000000 0.00280000000000 0.00290000000000 0.00720000000000 0.00750000000000 0.02754735401839 0.02915741706721 0.03138082241451 0.03026333399317 0.02632994168255 0.02110997783270 0.00130000000000 0.00130000000000 0.00160000000000 0.00160000000000 0.00550000000000 0.00550000000000 0.00920000000000 0.00910000000000 
0.00140000000000 0.00230000000000 0.01545000474013 0.08900417030221 0.00140000000000 0.00240000000000 0.01555961652951 0.06939852024914 0.00180000000000 0.07899878615487 0.02388497018204 0.01739141986212 0.00190000000000 0.07761029400941 0.02461764700322 0.01713287811856 0.00140000000000 0.00230000000000 0.01545323362338 0.08942271730609 0.00140000000000 0.00240000000000 0.01556276568368 0.06951000940374 0.00180000000000 0.07853866239725 0.02389461475110 0.01740201365119 0.00190000000000 0.07473371212658 0.02471727703899 0.01714478312500 
0.00150000000000 0.01875509138694 0.00160000000000 0.02262357006997 0.02436165431430 0.00190000000000 0.02358231864770 0.00160000000000 0.00150000000000 0.01835012964306 0.00160000000000 0.02169896517561 0.02331257734748 0.00190000000000 0.02031886693052 0.00160000000000 0.00130000000000 0.01491729480924 0.00130000000000 0.01740690750299 0.01645300969644 0.02475513145449 0.01662071664975 0.02066073677636 0.00130000000000 0.01471986221464 0.00130000000000 0.01700185417974 0.01605182922161 0.02332980467502 0.01655498849986 0.02025589429993 
0.00170000000000 0.00210000000000 0.00170000000000 0.00200000000000 0.00170000000000 0.00200000000000 0.00160000000000 0.00190000000000 0.00230000000000 0.00330000000000 0.00210000000000 0.00290000000000 0.00210000000000 0.00280000000000 0.00200000000000 0.00260000000000 0.00180000000000 0.00230000000000 0.00170000000000 0.00210000000000 0.00170000000000 0.00210000000000 0.00170000000000 0.00200000000000 0.00240000000000 0.00370000000000 0.00220000000000 0.00330000000000 0.00220000000000 0.00320000000000 0.00210000000000 0.00290000000000 
0.01607198517620 0.03056731441354 0.01587262311843 0.03025987446088 0.01571254259238 0.05690524173969 0.01551534258284 0.05165384355449 0.01673825324671 0.03500969035078 0.01654385285563 0.03330058326508 0.01650318045989 0.03217371853994 0.01630784666304 0.03074561129721 0.11134282758823 0.01981887222479 0.10322147829791 0.01971521196104 0.10522284522393 0.02156230846069 0.10762713595192 0.02136206698945 0.02919638227598 0.02676510262622 0.02837495730950 0.02656047636192 0.02871658510857 0.03125881453418 0.02779796265707 0.03094623020666 
0.00220000000000 0.00200000000000 0.01441957436871 0.00880000000000 0.01335964363512 0.00200000000000 0.01390899543712 0.01408942981037 0.00130000000000 0.00130000000000 0.00140000000000 0.00140000000000 0.00130000000000 0.00130000000000 0.00140000000000 0.00140000000000 0.01567018508002 0.01384231648488 0.01446749679139 0.01444696409345 0.01333682550741 0.01335225979740 0.01400604557802 0.01391536111597 0.00130000000000 0.00130000000000 0.00140000000000 0.00140000000000 0.00130000000000 0.00130000000000 0.00140000000000 0.00140000000000 
0.01481165752860 0.00160000000000 0.02102597594646 0.01339666491539 0.01470660791064 0.00150000000000 0.02041638890549 0.00210000000000 0.00230000000000 0.00150000000000 0.01828427754316 0.00200000000000 0.00210000000000 0.00150000000000 0.01795391310212 0.00190000000000 0.01729088131693 0.00190000000000 0.02771641278410 0.01435148332717 0.01707196591721 0.00180000000000 0.02602997348261 0.01403556339734 0.01480680282008 0.00180000000000 0.02357841610945 0.01408895254977 0.00800000000000 0.00170000000000 0.02244847206846 0.01388792410277 
0.00150000000000 0.00160000000000 0.01563484011114 0.01440143428947 0.00150000000000 0.00160000000000 0.01672869953193 0.01600786993211 0.00140000000000 0.00150000000000 0.01436031180576 0.00230000000000 0.00140000000000 0.00150000000000 0.01533356565471 0.01431797212413 0.00130000000000 0.00130000000000 0.00160000000000 0.00170000000000 0.00130000000000 0.00140000000000 0.00170000000000 0.00180000000000 0.00120000000000 0.00130000000000 0.00150000000000 0.00160000000000 0.00130000000000 0.00130000000000 0.00150000000000 0.00160000000000 
0.01945787809266 0.11388185298549 0.02019190361747 0.11141612339262 0.01455899987261 0.02389994195246 0.01511476464867 0.02440234566895 0.02207531155978 0.01860264681510 0.02393375333942 0.01956534653200 0.02474167992483 0.02882395716391 0.02532600297918 0.03085518908366 0.01597244926342 0.04127417381897 0.01673431555906 0.03849682513017 0.00190000000000 0.01905015828624 0.00200000000000 0.01966710212639 0.04029680440787 0.02201100177819 0.04020795656250 0.02346404697495 0.01840480620551 0.06498216691800 0.01911455809679 0.05617983095008 
0.03604791043208 0.03365284271754 0.06795772442585 0.06633802606404 0.01739084199007 0.02168412327242 0.01583936324524 0.01931126834027 0.01407146696782 0.01692577127030 0.01606531976679 0.01744360737009 0.02352777821921 0.02082528603315 0.03159485191663 0.02671323708474 0.04587663508421 0.04539579634799 0.02408725354009 0.03456435116221 0.00950000000000 0.01837319999480 0.00590000000000 0.01581837038165 0.01484677187089 0.01459082508711 0.01577412975454 0.01555918473029 0.02703677614532 0.02536447877115 0.02657332155817 0.03225632536584 
0.01642455451075 0.00150000000000 0.00510000000000 0.00140000000000 0.01895742136141 0.02586865914973 0.02373808485915 0.00550000000000 0.01790690831250 0.00150000000000 0.00510000000000 0.00140000000000 0.01882784184810 0.03048549729022 0.02779856805412 0.00930000000000 0.01747270357312 0.00150000000000 0.00510000000000 0.00140000000000 0.01511263645388 0.02354310850636 0.02387849743910 0.00540000000000 0.02003925079277 0.00160000000000 0.00510000000000 0.00150000000000 0.01611308015520 0.03174036173077 0.02446425331687 0.00910000000000 
0.01553993744659 0.00160000000000 0.04922004206043 0.00710000000000 0.01564358823888 0.00170000000000 0.06157071663955 0.00690000000000 0.01533578323099 0.00170000000000 0.04450069823236 0.00720000000000 0.01535339001473 0.00170000000000 0.06242176776661 0.00710000000000 0.02321106945616 0.00260000000000 0.02169752531959 0.00950000000000 0.02370537753972 0.00270000000000 0.02014618837977 0.00600000000000 0.02297040428379 0.00280000000000 0.02061161600720 0.00600000000000 0.02355692971123 0.00280000000000 0.00960000000000 0.00590000000000 
0.01402667438087 0.00150000000000 0.01402896696931 0.00150000000000 0.01350918615806 0.00150000000000 0.01350732155820 0.00150000000000 0.00150000000000 0.00130000000000 0.00150000000000 0.00130000000000 0.00160000000000 0.00130000000000 0.00160000000000 0.00130000000000 0.01500169374203 0.00170000000000 0.01508035934541 0.00170000000000 0.01553537425177 0.00180000000000 0.01561485443772 0.00180000000000 0.00190000000000 0.00130000000000 0.00190000000000 0.00130000000000 0.00590000000000 0.00140000000000 0.00600000000000 0.00140000000000 
0.00200000000000 0.00200000000000 0.00220000000000 0.00220000000000 0.01410805519010 0.01402647530260 0.01416012139901 0.01415967159240 0.01276194797193 0.01276320450161 0.01420801950783 0.01420816976501 0.01569820749308 0.01561661220570 0.01532457190154 0.01532091709648 0.00130000000000 0.00130000000000 0.00130000000000 0.00130000000000 0.00130000000000 0.00130000000000 0.00130000000000 0.00130000000000 0.00130000000000 0.00130000000000 0.00130000000000 0.00130000000000 0.00130000000000 0.00130000000000 0.00140000000000 0.00140000000000 
0.01412737566766 0.01373789452545 0.00150000000000 0.00160000000000 0.00210000000000 0.00220000000000 0.00150000000000 0.00150000000000 0.00150000000000 0.00160000000000 0.00130000000000 0.00130000000000 0.00150000000000 0.00150000000000 0.00130000000000 0.00130000000000 0.00290000000000 0.00320000000000 0.00170000000000 0.00180000000000 0.00270000000000 0.00300000000000 0.00170000000000 0.00180000000000 0.00170000000000 0.00180000000000 0.00140000000000 0.00140000000000 0.00170000000000 0.00180000000000 0.00140000000000 0.00140000000000 
0.01777823835443 0.01572877461356 0.00260000000000 0.00220000000000 0.06160809301614 0.03001730674326 0.00730000000000 0.00940000000000 0.01873022819971 0.01720483112741 0.00230000000000 0.00200000000000 0.02956563125695 0.02484364269096 0.00790000000000 0.02951217037784 0.02307900852737 0.01907161876688 0.00880000000000 0.00300000000000 0.02147065277043 0.02688865349752 0.00250000000000 0.00610000000000 0.02268522672870 0.02033048051159 0.00710000000000 0.00270000000000 0.05017917499890 0.06830806819780 0.00730000000000 0.00880000000000 
0.02204187074045 0.02404836774438 0.02225258749563 0.02446740908089 0.02284936686373 0.02646149794127 0.02343162419600 0.02884925029516 0.03545271855351 0.10271220081493 0.03374205723954 0.10271734121752 0.01840156729519 0.01608589786950 0.01818901435466 0.01588617472067 0.00630000000000 0.00270000000000 0.00630000000000 0.00260000000000 0.00640000000000 0.00200000000000 0.00640000000000 0.00190000000000 0.00200000000000 0.00170000000000 0.00190000000000 0.00170000000000 0.00170000000000 0.00150000000000 0.00170000000000 0.00150000000000 
0.05271453201762 0.02886884033093 0.00600000000000 0.00210000000000 0.00720000000000 0.00600000000000 0.00150000000000 0.00140000000000 0.02739654836976 0.01959000559685 0.00180000000000 0.00160000000000 0.00200000000000 0.00170000000000 0.00130000000000 0.00130000000000 0.00640000000000 0.00200000000000 0.00150000000000 0.00140000000000 0.00150000000000 0.00140000000000 0.00120000000000 0.00120000000000 0.00170000000000 0.00150000000000 0.00130000000000 0.00120000000000 0.00130000000000 0.00120000000000 0.00110000000000 0.00110000000000 
0.00210000000000 0.00220000000000 0.00200000000000 0.00200000000000 0.00670000000000 0.00670000000000 0.00670000000000 0.00670000000000 0.01781359894458 0.01727628634814 0.01727947276011 0.01664353920877 0.00240000000000 0.00210000000000 0.00590000000000 0.00220000000000 0.10391160583427 0.03447938803106 0.10438975859577 0.04413289308857 0.00160000000000 0.00150000000000 0.00170000000000 0.00160000000000 0.01600119598078 0.00660000000000 0.01676777485399 0.01522532608992 0.00130000000000 0.00130000000000 0.00130000000000 0.00130000000000 
0.00140000000000 0.00130000000000 0.00170000000000 0.00160000000000 0.00120000000000 0.00110000000000 0.00130000000000 0.00120000000000 0.00110000000000 0.00110000000000 0.00110000000000 0.00110000000000 0.00100000000000 0.00100000000000 0.00100000000000 0.00100000000000 0.00150000000000 0.00140000000000 0.00200000000000 0.00170000000000 0.00120000000000 0.00120000000000 0.00130000000000 0.00130000000000 0.00110000000000 0.00110000000000 0.00110000000000 0.00110000000000 0.00100000000000 0.00100000000000 0.00110000000000 0.00100000000000 
0.00140000000000 0.00180000000000 0.00130000000000 0.00150000000000 0.02380858433219 0.00700000000000 0.01742554738009 0.03565523100109 0.00140000000000 0.00180000000000 0.00130000000000 0.00150000000000 0.03248071525448 0.00730000000000 0.01783869318408 0.02855235822256 0.00120000000000 0.00130000000000 0.00110000000000 0.00120000000000 0.00210000000000 0.00360000000000 0.00160000000000 0.00220000000000 0.00120000000000 0.00130000000000 0.00110000000000 0.00120000000000 0.00210000000000 0.00370000000000 0.00160000000000 0.00220000000000 
0.01530821924213 0.00150000000000 0.05243549016128 0.01623764565629 0.01472226480811 0.00150000000000 0.02104780420148 0.01611146344003 0.01580281459700 0.00160000000000 0.03499443538384 0.01683856067454 0.01554438412833 0.00160000000000 0.01883975119674 0.01744366642585 0.00250000000000 0.00150000000000 0.00700000000000 0.00260000000000 0.00270000000000 0.00150000000000 0.00340000000000 0.00270000000000 0.01301537534060 0.00160000000000 0.00670000000000 0.01944824344466 0.00390000000000 0.00160000000000 0.00260000000000 0.01500477063400 
0.00150000000000 0.02978634104261 0.00160000000000 0.04187349170795 0.00130000000000 0.00840000000000 0.00130000000000 0.01581893333823 0.00600000000000 0.04815675093888 0.00990000000000 0.03019784991746 0.00150000000000 0.01685592597972 0.00160000000000 0.01809254622039 0.00160000000000 0.10401496472460 0.00170000000000 0.09881233560694 0.00130000000000 0.01543754768953 0.00130000000000 0.01654448317925 0.00960000000000 0.08241982691996 0.01481528332004 0.03194288218005 0.00160000000000 0.01801486206515 0.00510000000000 0.01980149557810 
0.00160000000000 0.00170000000000 0.00190000000000 0.01383563402170 0.00160000000000 0.00180000000000 0.00200000000000 0.01378130437828 0.00150000000000 0.00170000000000 0.00180000000000 0.00210000000000 0.00160000000000 0.00170000000000 0.00190000000000 0.01368872047042 0.00150000000000 0.00160000000000 0.00170000000000 0.00200000000000 0.00150000000000 0.00160000000000 0.00180000000000 0.00210000000000 0.00150000000000 0.00160000000000 0.00170000000000 0.00190000000000 0.00150000000000 0.00160000000000 0.00170000000000 0.00200000000000 
0.01660937702606 0.01629348798226 0.01899757951284 0.00240000000000 0.01754355768185 0.01708490095148 0.08622554165780 0.00250000000000 0.01715591091673 0.01682350801106 0.01950024057258 0.00250000000000 0.01856514966805 0.01810138158023 0.10203905408829 0.00270000000000 0.02806136312530 0.10809808422215 0.09786901699903 0.10309975364387 0.06832507949160 0.07444454571123 0.05343827789712 0.07935405945504 0.02565299898231 0.08862066097106 0.02872995329229 0.04651084567714 0.06238359736475 0.09963048879885 0.05402035133847 0.07316073747608 
0.01457318816770 0.01457126791091 0.01418335651327 0.01409804393063 0.00140000000000 0.00140000000000 0.00140000000000 0.00140000000000 0.00180000000000 0.00180000000000 0.00180000000000 0.00180000000000 0.00130000000000 0.00130000000000 0.00130000000000 0.00130000000000 0.02442072724171 0.02400724496490 0.02128763079224 0.02108820453393 0.00550000000000 0.00550000000000 0.00570000000000 0.00560000000000 0.01837158623890 0.01825970356409 0.01728787303721 0.01719097010213 0.00180000000000 0.00530000000000 0.00170000000000 0.00170000000000 
0.00150000000000 0.00150000000000 0.00130000000000 0.00130000000000 0.01593351336926 0.01612304937769 0.00640000000000 0.00630000000000 0.00140000000000 0.00140000000000 0.00130000000000 0.00130000000000 0.01319251223338 0.01320901026143 0.00180000000000 0.00190000000000 0.00130000000000 0.00130000000000 0.00120000000000 0.00120000000000 0.00180000000000 0.00180000000000 0.00150000000000 0.00150000000000 0.00120000000000 0.00120000000000 0.00120000000000 0.00120000000000 0.00160000000000 0.00160000000000 0.00140000000000 0.00140000000000 
0.01557481913147 0.00190000000000 0.02344233836803 0.01776294108485 0.01906047471089 0.02724648773237 0.01441616436408 0.01650017628337 0.02413107955952 0.01753343805562 0.06036718321217 0.10274939645279 0.00200000000000 0.01436559917303 0.00150000000000 0.00170000000000 0.01609499144937 0.00200000000000 0.02447703716866 0.01829632097829 0.01979171017875 0.02888424676224 0.01475206001800 0.01714517488038 0.02547599765828 0.01803207889158 0.06205263429605 0.10408965203018 0.00220000000000 0.01490218435701 0.00150000000000 0.00170000000000 
0.00190000000000 0.10237420925262 0.00130000000000 0.00210000000000 0.01818424424590 0.01361279041417 0.00190000000000 0.04534605830032 0.00180000000000 0.04273709618150 0.00130000000000 0.00190000000000 0.01659900081711 0.00270000000000 0.00180000000000 0.01885562666909 0.00120000000000 0.00160000000000 0.00110000000000 0.00130000000000 0.00150000000000 0.00290000000000 0.00120000000000 0.00160000000000 0.00120000000000 0.00150000000000 0.00110000000000 0.00120000000000 0.00140000000000 0.00240000000000 0.00120000000000 0.00150000000000 
0.02543520219814 0.00150000000000 0.02451986197123 0.00150000000000 0.02698393851581 0.00150000000000 0.02605807789116 0.00150000000000 0.01847295656950 0.01977662560816 0.01869466513497 0.01938571551259 0.01929087988227 0.02080201448335 0.01951170117644 0.02040260013597 0.00170000000000 0.00120000000000 0.00170000000000 0.00120000000000 0.00180000000000 0.00120000000000 0.00170000000000 0.00120000000000 0.01529559375411 0.00150000000000 0.01570499129072 0.00150000000000 0.01542031804093 0.00160000000000 0.01582204299728 0.00160000000000 
0.01414854720961 0.00130000000000 0.01444972790646 0.00130000000000 0.01954655332720 0.00160000000000 0.02018394189669 0.00160000000000 0.01471331151941 0.00130000000000 0.01470941874173 0.00130000000000 0.02230561610860 0.00160000000000 0.02261287818950 0.00170000000000 0.01638919992411 0.00140000000000 0.01660614468506 0.00140000000000 0.02250985683276 0.00160000000000 0.02303213054967 0.00170000000000 0.01928972913650 0.00130000000000 0.01959967210448 0.00130000000000 0.02448131308766 0.00170000000000 0.02468416194916 0.00170000000000 
0.00150000000000 0.00180000000000 0.00140000000000 0.00160000000000 0.00150000000000 0.00170000000000 0.00140000000000 0.00160000000000 0.00150000000000 0.00180000000000 0.00140000000000 0.00170000000000 0.00150000000000 0.00170000000000 0.00150000000000 0.00160000000000 0.00120000000000 0.00120000000000 0.00110000000000 0.00120000000000 0.00120000000000 0.00120000000000 0.00120000000000 0.00120000000000 0.00120000000000 0.00120000000000 0.00110000000000 0.00120000000000 0.00120000000000 0.00120000000000 0.00120000000000 0.00120000000000 
0.00150000000000 0.00160000000000 0.00190000000000 0.00690000000000 0.00150000000000 0.00160000000000 0.00190000000000 0.00630000000000 0.00170000000000 0.00190000000000 0.00670000000000 0.01565459507162 0.00170000000000 0.00200000000000 0.00620000000000 0.00660000000000 0.00150000000000 0.00170000000000 0.00210000000000 0.01470518404032 0.00160000000000 0.00170000000000 0.00600000000000 0.00660000000000 0.00180000000000 0.00220000000000 0.01482477606373 0.01638640547611 0.00190000000000 0.00580000000000 0.00630000000000 0.00880000000000 
0.01502560011962 0.01577034281494 0.01481848840176 0.01810480640749 0.01480957796654 0.01545821194262 0.01475410162434 0.01769814617602 0.01589303429268 0.01684424094092 0.01851159815848 0.01952483430189 0.01566569061164 0.01642933811016 0.01810193558730 0.01901070057999 0.00200000000000 0.00230000000000 0.00200000000000 0.00210000000000 0.00200000000000 0.00210000000000 0.00190000000000 0.00200000000000 0.00650000000000 0.00740000000000 0.00230000000000 0.01515355820784 0.00230000000000 0.00690000000000 0.00210000000000 0.01491837137437 
0.02215377618856 0.01000000000000 0.01739370435285 0.00570000000000 0.00180000000000 0.00130000000000 0.00190000000000 0.00130000000000 0.02554150715027 0.01000000000000 0.01906859672066 0.00970000000000 0.00210000000000 0.00130000000000 0.00230000000000 0.00140000000000 0.00250000000000 0.00140000000000 0.00580000000000 0.00140000000000 0.00140000000000 0.00120000000000 0.00150000000000 0.00120000000000 0.00690000000000 0.00150000000000 0.00620000000000 0.00150000000000 0.00150000000000 0.00120000000000 0.00150000000000 0.00120000000000 
0.00170000000000 0.00120000000000 0.02628407656817 0.00170000000000 0.00150000000000 0.00120000000000 0.02183056193585 0.00160000000000 0.01412420977620 0.00140000000000 0.03020804918278 0.01539669456694 0.00220000000000 0.00130000000000 0.05296678717636 0.00750000000000 0.00190000000000 0.00130000000000 0.03790673532310 0.00200000000000 0.00170000000000 0.00130000000000 0.02506479609532 0.00180000000000 0.01545505096841 0.00150000000000 0.00600000000000 0.01706344560278 0.00890000000000 0.00140000000000 0.00670000000000 0.00950000000000 
0.02940364390185 0.01651728666519 0.02053596782636 0.00140000000000 0.00550000000000 0.00150000000000 0.00150000000000 0.00120000000000 0.01753654640450 0.02461631047066 0.10259474910272 0.01279688666004 0.01545155630269 0.02231819142435 0.00200000000000 0.00130000000000 0.01990580685871 0.00170000000000 0.00170000000000 0.00120000000000 0.00180000000000 0.00130000000000 0.00130000000000 0.00110000000000 0.01941605635010 0.01724073216388 0.01681725010951 0.00140000000000 0.00590000000000 0.00140000000000 0.00150000000000 0.00120000000000 
0.00150000000000 0.00260000000000 0.00160000000000 0.00590000000000 0.00200000000000 0.00720000000000 0.00610000000000 0.00930000000000 0.00120000000000 0.00150000000000 0.00130000000000 0.00160000000000 0.00130000000000 0.00180000000000 0.00140000000000 0.00200000000000 0.00140000000000 0.00180000000000 0.00140000000000 0.00200000000000 0.00160000000000 0.00270000000000 0.00170000000000 0.00570000000000 0.00120000000000 0.00130000000000 0.00120000000000 0.00140000000000 0.00120000000000 0.00150000000000 0.00130000000000 0.00160000000000 
M_out
1 1 1 1 1 0 0 0 0 0 0 0 0 0 0 0 0 0 0 0 0 0 0 0 0 0 0 0 0 0 0 0 0 0 0 0 0 0 0 0 0 0 0 0 0 0 0 0 0 0 0 0 0 0 0 0 0 0 0 0 0 0 0 0 0 0 0 0 0 0 0 0 0 0 0 0 0 0 0 0 0 0 0 0 0 0 0 0 0 0 0 0 0 0 0 0 0 0 0 0 
0 1 1 1 1 1 0 0 0 0 0 0 0 0 0 0 0 0 0 0 0 0 0 0 0 0 0 0 0 0 0 0 0 0 0 0 0 0 0 0 0 0 0 0 0 0 0 0 0 0 0 0 0 0 0 0 0 0 0 0 0 0 0 0 0 0 0 0 0 0 0 0 0 0 0 0 0 0 0 0 0 0 0 0 0 0 0 0 0 0 0 0 0 0 0 0 0 0 0 0 
0 0 1 1 1 1 1 0 0 0 0 0 0 0 0 0 0 0 0 0 0 0 0 0 0 0 0 0 0 0 0 0 0 0 0 0 0 0 0 0 0 0 0 0 0 0 0 0 0 0 0 0 0 0 0 0 0 0 0 0 0 0 0 0 0 0 0 0 0 0 0 0 0 0 0 0 0 0 0 0 0 0 0 0 0 0 0 0 0 0 0 0 0 0 0 0 0 0 0 0 
0 0 0 1 1 1 1 1 0 0 0 0 0 0 0 0 0 0 0 0 0 0 0 0 0 0 0 0 0 0 0 0 0 0 0 0 0 0 0 0 0 0 0 0 0 0 0 0 0 0 0 0 0 0 0 0 0 0 0 0 0 0 0 0 0 0 0 0 0 0 0 0 0 0 0 0 0 0 0 0 0 0 0 0 0 0 0 0 0 0 0 0 0 0 0 0 0 0 0 0 
0 0 0 0 1 1 1 1 1 0 0 0 0 0 0 0 0 0 0 0 0 0 0 0 0 0 0 0 0 0 0 0 0 0 0 0 0 0 0 0 0 0 0 0 0 0 0 0 0 0 0 0 0 0 0 0 0 0 0 0 0 0 0 0 0 0 0 0 0 0 0 0 0 0 0 0 0 0 0 0 0 0 0 0 0 0 0 0 0 0 0 0 0 0 0 0 0 0 0 0 
0 0 0 0 0 1 1 1 1 1 0 0 0 0 0 0 0 0 0 0 0 0 0 0 0 0 0 0 0 0 0 0 0 0 0 0 0 0 0 0 0 0 0 0 0 0 0 0 0 0 0 0 0 0 0 0 0 0 0 0 0 0 0 0 0 0 0 0 0 0 0 0 0 0 0 0 0 0 0 0 0 0 0 0 0 0 0 0 0 0 0 0 0 0 0 0 0 0 0 0 
0 0 0 0 0 0 1 1 1 1 1 0 0 0 0 0 0 0 0 0 0 0 0 0 0 0 0 0 0 0 0 0 0 0 0 0 0 0 0 0 0 0 0 0 0 0 0 0 0 0 0 0 0 0 0 0 0 0 0 0 0 0 0 0 0 0 0 0 0 0 0 0 0 0 0 0 0 0 0 0 0 0 0 0 0 0 0 0 0 0 0 0 0 0 0 0 0 0 0 0 
0 0 0 0 0 0 0 1 1 1 1 1 0 0 0 0 0 0 0 0 0 0 0 0 0 0 0 0 0 0 0 0 0 0 0 0 0 0 0 0 0 0 0 0 0 0 0 0 0 0 0 0 0 0 0 0 0 0 0 0 0 0 0 0 0 0 0 0 0 0 0 0 0 0 0 0 0 0 0 0 0 0 0 0 0 0 0 0 0 0 0 0 0 0 0 0 0 0 0 0 
0 0 0 0 0 0 0 0 1 1 1 1 1 0 0 0 0 0 0 0 0 0 0 0 0 0 0 0 0 0 0 0 0 0 0 0 0 0 0 0 0 0 0 0 0 0 0 0 0 0 0 0 0 0 0 0 0 0 0 0 0 0 0 0 0 0 0 0 0 0 0 0 0 0 0 0 0 0 0 0 0 0 0 0 0 0 0 0 0 0 0 0 0 0 0 0 0 0 0 0 
0 0 0 0 0 0 0 0 0 1 1 1 1 1 0 0 0 0 0 0 0 0 0 0 0 0 0 0 0 0 0 0 0 0 0 0 0 0 0 0 0 0 0 0 0 0 0 0 0 0 0 0 0 0 0 0 0 0 0 0 0 0 0 0 0 0 0 0 0 0 0 0 0 0 0 0 0 0 0 0 0 0 0 0 0 0 0 0 0 0 0 0 0 0 0 0 0 0 0 0 
0 0 0 0 0 0 0 0 0 0 1 1 1 1 1 0 0 0 0 0 0 0 0 0 0 0 0 0 0 0 0 0 0 0 0 0 0 0 0 0 0 0 0 0 0 0 0 0 0 0 0 0 0 0 0 0 0 0 0 0 0 0 0 0 0 0 0 0 0 0 0 0 0 0 0 0 0 0 0 0 0 0 0 0 0 0 0 0 0 0 0 0 0 0 0 0 0 0 0 0 
0 0 0 0 0 0 0 0 0 0 0 1 1 1 1 1 0 0 0 0 0 0 0 0 0 0 0 0 0 0 0 0 0 0 0 0 0 0 0 0 0 0 0 0 0 0 0 0 0 0 0 0 0 0 0 0 0 0 0 0 0 0 0 0 0 0 0 0 0 0 0 0 0 0 0 0 0 0 0 0 0 0 0 0 0 0 0 0 0 0 0 0 0 0 0 0 0 0 0 0 
0 0 0 0 0 0 0 0 0 0 0 0 1 1 1 1 1 0 0 0 0 0 0 0 0 0 0 0 0 0 0 0 0 0 0 0 0 0 0 0 0 0 0 0 0 0 0 0 0 0 0 0 0 0 0 0 0 0 0 0 0 0 0 0 0 0 0 0 0 0 0 0 0 0 0 0 0 0 0 0 0 0 0 0 0 0 0 0 0 0 0 0 0 0 0 0 0 0 0 0 
0 0 0 0 0 0 0 0 0 0 0 0 0 1 1 1 1 1 0 0 0 0 0 0 0 0 0 0 0 0 0 0 0 0 0 0 0 0 0 0 0 0 0 0 0 0 0 0 0 0 0 0 0 0 0 0 0 0 0 0 0 0 0 0 0 0 0 0 0 0 0 0 0 0 0 0 0 0 0 0 0 0 0 0 0 0 0 0 0 0 0 0 0 0 0 0 0 0 0 0 
0 0 0 0 0 0 0 0 0 0 0 0 0 0 1 1 1 1 1 0 0 0 0 0 0 0 0 0 0 0 0 0 0 0 0 0 0 0 0 0 0 0 0 0 0 0 0 0 0 0 0 0 0 0 0 0 0 0 0 0 0 0 0 0 0 0 0 0 0 0 0 0 0 0 0 0 0 0 0 0 0 0 0 0 0 0 0 0 0 0 0 0 0 0 0 0 0 0 0 0 
0 0 0 0 0 0 0 0 0 0 0 0 0 0 0 1 1 1 1 1 0 0 0 0 0 0 0 0 0 0 0 0 0 0 0 0 0 0 0 0 0 0 0 0 0 0 0 0 0 0 0 0 0 0 0 0 0 0 0 0 0 0 0 0 0 0 0 0 0 0 0 0 0 0 0 0 0 0 0 0 0 0 0 0 0 0 0 0 0 0 0 0 0 0 0 0 0 0 0 0 
0 0 0 0 0 0 0 0 0 0 0 0 0 0 0 0 1 1 1 1 1 0 0 0 0 0 0 0 0 0 0 0 0 0 0 0 0 0 0 0 0 0 0 0 0 0 0 0 0 0 0 0 0 0 0 0 0 0 0 0 0 0 0 0 0 0 0 0 0 0 0 0 0 0 0 0 0 0 0 0 0 0 0 0 0 0 0 0 0 0 0 0 0 0 0 0 0 0 0 0 
0 0 0 0 0 0 0 0 0 0 0 0 0 0 0 0 0 1 1 1 1 1 0 0 0 0 0 0 0 0 0 0 0 0 0 0 0 0 0 0 0 0 0 0 0 0 0 0 0 0 0 0 0 0 0 0 0 0 0 0 0 0 0 0 0 0 0 0 0 0 0 0 0 0 0 0 0 0 0 0 0 0 0 0 0 0 0 0 0 0 0 0 0 0 0 0 0 0 0 0 
0 0 0 0 0 0 0 0 0 0 0 0 0 0 0 0 0 0 1 1 1 1 1 0 0 0 0 0 0 0 0 0 0 0 0 0 0 0 0 0 0 0 0 0 0 0 0 0 0 0 0 0 0 0 0 0 0 0 0 0 0 0 0 0 0 0 0 0 0 0 0 0 0 0 0 0 0 0 0 0 0 0 0 0 0 0 0 0 0 0 0 0 0 0 0 0 0 0 0 0 
0 0 0 0 0 0 0 0 0 0 0 0 0 0 0 0 0 0 0 1 1 1 1 1 0 0 0 0 0 0 0 0 0 0 0 0 0 0 0 0 0 0 0 0 0 0 0 0 0 0 0 0 0 0 0 0 0 0 0 0 0 0 0 0 0 0 0 0 0 0 0 0 0 0 0 0 0 0 0 0 0 0 0 0 0 0 0 0 0 0 0 0 0 0 0 0 0 0 0 0 
0 0 0 0 0 0 0 0 0 0 0 0 0 0 0 0 0 0 0 0 1 1 1 1 1 0 0 0 0 0 0 0 0 0 0 0 0 0 0 0 0 0 0 0 0 0 0 0 0 0 0 0 0 0 0 0 0 0 0 0 0 0 0 0 0 0 0 0 0 0 0 0 0 0 0 0 0 0 0 0 0 0 0 0 0 0 0 0 0 0 0 0 0 0 0 0 0 0 0 0 
0 0 0 0 0 0 0 0 0 0 0 0 0 0 0 0 0 0 0 0 0 1 1 1 1 1 0 0 0 0 0 0 0 0 0 0 0 0 0 0 0 0 0 0 0 0 0 0 0 0 0 0 0 0 0 0 0 0 0 0 0 0 0 0 0 0 0 0 0 0 0 0 0 0 0 0 0 0 0 0 0 0 0 0 0 0 0 0 0 0 0 0 0 0 0 0 0 0 0 0 
0 0 0 0 0 0 0 0 0 0 0 0 0 0 0 0 0 0 0 0 0 0 1 1 1 1 1 0 0 0 0 0 0 0 0 0 0 0 0 0 0 0 0 0 0 0 0 0 0 0 0 0 0 0 0 0 0 0 0 0 0 0 0 0 0 0 0 0 0 0 0 0 0 0 0 0 0 0 0 0 0 0 0 0 0 0 0 0 0 0 0 0 0 0 0 0 0 0 0 0 
0 0 0 0 0 0 0 0 0 0 0 0 0 0 0 0 0 0 0 0 0 0 0 1 1 1 1 1 0 0 0 0 0 0 0 0 0 0 0 0 0 0 0 0 0 0 0 0 0 0 0 0 0 0 0 0 0 0 0 0 0 0 0 0 0 0 0 0 0 0 0 0 0 0 0 0 0 0 0 0 0 0 0 0 0 0 0 0 0 0 0 0 0 0 0 0 0 0 0 0 
0 0 0 0 0 0 0 0 0 0 0 0 0 0 0 0 0 0 0 0 0 0 0 0 1 1 1 1 1 0 0 0 0 0 0 0 0 0 0 0 0 0 0 0 0 0 0 0 0 0 0 0 0 0 0 0 0 0 0 0 0 0 0 0 0 0 0 0 0 0 0 0 0 0 0 0 0 0 0 0 0 0 0 0 0 0 0 0 0 0 0 0 0 0 0 0 0 0 0 0 
0 0 0 0 0 0 0 0 0 0 0 0 0 0 0 0 0 0 0 0 0 0 0 0 0 1 1 1 1 1 0 0 0 0 0 0 0 0 0 0 0 0 0 0 0 0 0 0 0 0 0 0 0 0 0 0 0 0 0 0 0 0 0 0 0 0 0 0 0 0 0 0 0 0 0 0 0 0 0 0 0 0 0 0 0 0 0 0 0 0 0 0 0 0 0 0 0 0 0 0 
0 0 0 0 0 0 0 0 0 0 0 0 0 0 0 0 0 0 0 0 0 0 0 0 0 0 1 1 1 1 1 0 0 0 0 0 0 0 0 0 0 0 0 0 0 0 0 0 0 0 0 0 0 0 0 0 0 0 0 0 0 0 0 0 0 0 0 0 0 0 0 0 0 0 0 0 0 0 0 0 0 0 0 0 0 0 0 0 0 0 0 0 0 0 0 0 0 0 0 0 
0 0 0 0 0 0 0 0 0 0 0 0 0 0 0 0 0 0 0 0 0 0 0 0 0 0 0 1 1 1 1 1 0 0 0 0 0 0 0 0 0 0 0 0 0 0 0 0 0 0 0 0 0 0 0 0 0 0 0 0 0 0 0 0 0 0 0 0 0 0 0 0 0 0 0 0 0 0 0 0 0 0 0 0 0 0 0 0 0 0 0 0 0 0 0 0 0 0 0 0 
0 0 0 0 0 0 0 0 0 0 0 0 0 0 0 0 0 0 0 0 0 0 0 0 0 0 0 0 1 1 1 1 1 0 0 0 0 0 0 0 0 0 0 0 0 0 0 0 0 0 0 0 0 0 0 0 0 0 0 0 0 0 0 0 0 0 0 0 0 0 0 0 0 0 0 0 0 0 0 0 0 0 0 0 0 0 0 0 0 0 0 0 0 0 0 0 0 0 0 0 
0 0 0 0 0 0 0 0 0 0 0 0 0 0 0 0 0 0 0 0 0 0 0 0 0 0 0 0 0 1 1 1 1 1 0 0 0 0 0 0 0 0 0 0 0 0 0 0 0 0 0 0 0 0 0 0 0 0 0 0 0 0 0 0 0 0 0 0 0 0 0 0 0 0 0 0 0 0 0 0 0 0 0 0 0 0 0 0 0 0 0 0 0 0 0 0 0 0 0 0 
0 0 0 0 0 0 0 0 0 0 0 0 0 0 0 0 0 0 0 0 0 0 0 0 0 0 0 0 0 0 1 1 1 1 1 0 0 0 0 0 0 0 0 0 0 0 0 0 0 0 0 0 0 0 0 0 0 0 0 0 0 0 0 0 0 0 0 0 0 0 0 0 0 0 0 0 0 0 0 0 0 0 0 0 0 0 0 0 0 0 0 0 0 0 0 0 0 0 0 0 
0 0 0 0 0 0 0 0 0 0 0 0 0 0 0 0 0 0 0 0 0 0 0 0 0 0 0 0 0 0 0 1 1 1 1 1 0 0 0 0 0 0 0 0 0 0 0 0 0 0 0 0 0 0 0 0 0 0 0 0 0 0 0 0 0 0 0 0 0 0 0 0 0 0 0 0 0 0 0 0 0 0 0 0 0 0 0 0 0 0 0 0 0 0 0 0 0 0 0 0 
0 0 0 0 0 0 0 0 0 0 0 0 0 0 0 0 0 0 0 0 0 0 0 0 0 0 0 0 0 0 0 0 1 1 1 1 1 0 0 0 0 0 0 0 0 0 0 0 0 0 0 0 0 0 0 0 0 0 0 0 0 0 0 0 0 0 0 0 0 0 0 0 0 0 0 0 0 0 0 0 0 0 0 0 0 0 0 0 0 0 0 0 0 0 0 0 0 0 0 0 
0 0 0 0 0 0 0 0 0 0 0 0 0 0 0 0 0 0 0 0 0 0 0 0 0 0 0 0 0 0 0 0 0 1 1 1 1 1 0 0 0 0 0 0 0 0 0 0 0 0 0 0 0 0 0 0 0 0 0 0 0 0 0 0 0 0 0 0 0 0 0 0 0 0 0 0 0 0 0 0 0 0 0 0 0 0 0 0 0 0 0 0 0 0 0 0 0 0 0 0 
0 0 0 0 0 0 0 0 0 0 0 0 0 0 0 0 0 0 0 0 0 0 0 0 0 0 0 0 0 0 0 0 0 0 1 1 1 1 1 0 0 0 0 0 0 0 0 0 0 0 0 0 0 0 0 0 0 0 0 0 0 0 0 0 0 0 0 0 0 0 0 0 0 0 0 0 0 0 0 0 0 0 0 0 0 0 0 0 0 0 0 0 0 0 0 0 0 0 0 0 
0 0 0 0 0 0 0 0 0 0 0 0 0 0 0 0 0 0 0 0 0 0 0 0 0 0 0 0 0 0 0 0 0 0 0 1 1 1 1 1 0 0 0 0 0 0 0 0 0 0 0 0 0 0 0 0 0 0 0 0 0 0 0 0 0 0 0 0 0 0 0 0 0 0 0 0 0 0 0 0 0 0 0 0 0 0 0 0 0 0 0 0 0 0 0 0 0 0 0 0 
0 0 0 0 0 0 0 0 0 0 0 0 0 0 0 0 0 0 0 0 0 0 0 0 0 0 0 0 0 0 0 0 0 0 0 0 1 1 1 1 1 0 0 0 0 0 0 0 0 0 0 0 0 0 0 0 0 0 0 0 0 0 0 0 0 0 0 0 0 0 0 0 0 0 0 0 0 0 0 0 0 0 0 0 0 0 0 0 0 0 0 0 0 0 0 0 0 0 0 0 
0 0 0 0 0 0 0 0 0 0 0 0 0 0 0 0 0 0 0 0 0 0 0 0 0 0 0 0 0 0 0 0 0 0 0 0 0 1 1 1 1 1 0 0 0 0 0 0 0 0 0 0 0 0 0 0 0 0 0 0 0 0 0 0 0 0 0 0 0 0 0 0 0 0 0 0 0 0 0 0 0 0 0 0 0 0 0 0 0 0 0 0 0 0 0 0 0 0 0 0 
0 0 0 0 0 0 0 0 0 0 0 0 0 0 0 0 0 0 0 0 0 0 0 0 0 0 0 0 0 0 0 0 0 0 0 0 0 0 1 1 1 1 1 0 0 0 0 0 0 0 0 0 0 0 0 0 0 0 0 0 0 0 0 0 0 0 0 0 0 0 0 0 0 0 0 0 0 0 0 0 0 0 0 0 0 0 0 0 0 0 0 0 0 0 0 0 0 0 0 0 
0 0 0 0 0 0 0 0 0 0 0 0 0 0 0 0 0 0 0 0 0 0 0 0 0 0 0 0 0 0 0 0 0 0 0 0 0 0 0 1 1 1 1 1 0 0 0 0 0 0 0 0 0 0 0 0 0 0 0 0 0 0 0 0 0 0 0 0 0 0 0 0 0 0 0 0 0 0 0 0 0 0 0 0 0 0 0 0 0 0 0 0 0 0 0 0 0 0 0 0 
0 0 0 0 0 0 0 0 0 0 0 0 0 0 0 0 0 0 0 0 0 0 0 0 0 0 0 0 0 0 0 0 0 0 0 0 0 0 0 0 1 1 1 1 1 0 0 0 0 0 0 0 0 0 0 0 0 0 0 0 0 0 0 0 0 0 0 0 0 0 0 0 0 0 0 0 0 0 0 0 0 0 0 0 0 0 0 0 0 0 0 0 0 0 0 0 0 0 0 0 
0 0 0 0 0 0 0 0 0 0 0 0 0 0 0 0 0 0 0 0 0 0 0 0 0 0 0 0 0 0 0 0 0 0 0 0 0 0 0 0 0 1 1 1 1 1 0 0 0 0 0 0 0 0 0 0 0 0 0 0 0 0 0 0 0 0 0 0 0 0 0 0 0 0 0 0 0 0 0 0 0 0 0 0 0 0 0 0 0 0 0 0 0 0 0 0 0 0 0 0 
0 0 0 0 0 0 0 0 0 0 0 0 0 0 0 0 0 0 0 0 0 0 0 0 0 0 0 0 0 0 0 0 0 0 0 0 0 0 0 0 0 0 1 1 1 1 1 0 0 0 0 0 0 0 0 0 0 0 0 0 0 0 0 0 0 0 0 0 0 0 0 0 0 0 0 0 0 0 0 0 0 0 0 0 0 0 0 0 0 0 0 0 0 0 0 0 0 0 0 0 
0 0 0 0 0 0 0 0 0 0 0 0 0 0 0 0 0 0 0 0 0 0 0 0 0 0 0 0 0 0 0 0 0 0 0 0 0 0 0 0 0 0 0 1 1 1 1 1 0 0 0 0 0 0 0 0 0 0 0 0 0 0 0 0 0 0 0 0 0 0 0 0 0 0 0 0 0 0 0 0 0 0 0 0 0 0 0 0 0 0 0 0 0 0 0 0 0 0 0 0 
0 0 0 0 0 0 0 0 0 0 0 0 0 0 0 0 0 0 0 0 0 0 0 0 0 0 0 0 0 0 0 0 0 0 0 0 0 0 0 0 0 0 0 0 1 1 1 1 1 0 0 0 0 0 0 0 0 0 0 0 0 0 0 0 0 0 0 0 0 0 0 0 0 0 0 0 0 0 0 0 0 0 0 0 0 0 0 0 0 0 0 0 0 0 0 0 0 0 0 0 
0 0 0 0 0 0 0 0 0 0 0 0 0 0 0 0 0 0 0 0 0 0 0 0 0 0 0 0 0 0 0 0 0 0 0 0 0 0 0 0 0 0 0 0 0 1 1 1 1 1 0 0 0 0 0 0 0 0 0 0 0 0 0 0 0 0 0 0 0 0 0 0 0 0 0 0 0 0 0 0 0 0 0 0 0 0 0 0 0 0 0 0 0 0 0 0 0 0 0 0 
0 0 0 0 0 0 0 0 0 0 0 0 0 0 0 0 0 0 0 0 0 0 0 0 0 0 0 0 0 0 0 0 0 0 0 0 0 0 0 0 0 0 0 0 0 0 1 1 1 1 1 0 0 0 0 0 0 0 0 0 0 0 0 0 0 0 0 0 0 0 0 0 0 0 0 0 0 0 0 0 0 0 0 0 0 0 0 0 0 0 0 0 0 0 0 0 0 0 0 0 
0 0 0 0 0 0 0 0 0 0 0 0 0 0 0 0 0 0 0 0 0 0 0 0 0 0 0 0 0 0 0 0 0 0 0 0 0 0 0 0 0 0 0 0 0 0 0 1 1 1 1 1 0 0 0 0 0 0 0 0 0 0 0 0 0 0 0 0 0 0 0 0 0 0 0 0 0 0 0 0 0 0 0 0 0 0 0 0 0 0 0 0 0 0 0 0 0 0 0 0 
0 0 0 0 0 0 0 0 0 0 0 0 0 0 0 0 0 0 0 0 0 0 0 0 0 0 0 0 0 0 0 0 0 0 0 0 0 0 0 0 0 0 0 0 0 0 0 0 1 1 1 1 1 0 0 0 0 0 0 0 0 0 0 0 0 0 0 0 0 0 0 0 0 0 0 0 0 0 0 0 0 0 0 0 0 0 0 0 0 0 0 0 0 0 0 0 0 0 0 0 
0 0 0 0 0 0 0 0 0 0 0 0 0 0 0 0 0 0 0 0 0 0 0 0 0 0 0 0 0 0 0 0 0 0 0 0 0 0 0 0 0 0 0 0 0 0 0 0 0 1 1 1 1 1 0 0 0 0 0 0 0 0 0 0 0 0 0 0 0 0 0 0 0 0 0 0 0 0 0 0 0 0 0 0 0 0 0 0 0 0 0 0 0 0 0 0 0 0 0 0 
0 0 0 0 0 0 0 0 0 0 0 0 0 0 0 0 0 0 0 0 0 0 0 0 0 0 0 0 0 0 0 0 0 0 0 0 0 0 0 0 0 0 0 0 0 0 0 0 0 0 1 1 1 1 1 0 0 0 0 0 0 0 0 0 0 0 0 0 0 0 0 0 0 0 0 0 0 0 0 0 0 0 0 0 0 0 0 0 0 0 0 0 0 0 0 0 0 0 0 0 
0 0 0 0 0 0 0 0 0 0 0 0 0 0 0 0 0 0 0 0 0 0 0 0 0 0 0 0 0 0 0 0 0 0 0 0 0 0 0 0 0 0 0 0 0 0 0 0 0 0 0 1 1 1 1 1 0 0 0 0 0 0 0 0 0 0 0 0 0 0 0 0 0 0 0 0 0 0 0 0 0 0 0 0 0 0 0 0 0 0 0 0 0 0 0 0 0 0 0 0 
0 0 0 0 0 0 0 0 0 0 0 0 0 0 0 0 0 0 0 0 0 0 0 0 0 0 0 0 0 0 0 0 0 0 0 0 0 0 0 0 0 0 0 0 0 0 0 0 0 0 0 0 1 1 1 1 1 0 0 0 0 0 0 0 0 0 0 0 0 0 0 0 0 0 0 0 0 0 0 0 0 0 0 0 0 0 0 0 0 0 0 0 0 0 0 0 0 0 0 0 
0 0 0 0 0 0 0 0 0 0 0 0 0 0 0 0 0 0 0 0 0 0 0 0 0 0 0 0 0 0 0 0 0 0 0 0 0 0 0 0 0 0 0 0 0 0 0 0 0 0 0 0 0 1 1 1 1 1 0 0 0 0 0 0 0 0 0 0 0 0 0 0 0 0 0 0 0 0 0 0 0 0 0 0 0 0 0 0 0 0 0 0 0 0 0 0 0 0 0 0 
0 0 0 0 0 0 0 0 0 0 0 0 0 0 0 0 0 0 0 0 0 0 0 0 0 0 0 0 0 0 0 0 0 0 0 0 0 0 0 0 0 0 0 0 0 0 0 0 0 0 0 0 0 0 1 1 1 1 1 0 0 0 0 0 0 0 0 0 0 0 0 0 0 0 0 0 0 0 0 0 0 0 0 0 0 0 0 0 0 0 0 0 0 0 0 0 0 0 0 0 
0 0 0 0 0 0 0 0 0 0 0 0 0 0 0 0 0 0 0 0 0 0 0 0 0 0 0 0 0 0 0 0 0 0 0 0 0 0 0 0 0 0 0 0 0 0 0 0 0 0 0 0 0 0 0 1 1 1 1 1 0 0 0 0 0 0 0 0 0 0 0 0 0 0 0 0 0 0 0 0 0 0 0 0 0 0 0 0 0 0 0 0 0 0 0 0 0 0 0 0 
0 0 0 0 0 0 0 0 0 0 0 0 0 0 0 0 0 0 0 0 0 0 0 0 0 0 0 0 0 0 0 0 0 0 0 0 0 0 0 0 0 0 0 0 0 0 0 0 0 0 0 0 0 0 0 0 1 1 1 1 1 0 0 0 0 0 0 0 0 0 0 0 0 0 0 0 0 0 0 0 0 0 0 0 0 0 0 0 0 0 0 0 0 0 0 0 0 0 0 0 
0 0 0 0 0 0 0 0 0 0 0 0 0 0 0 0 0 0 0 0 0 0 0 0 0 0 0 0 0 0 0 0 0 0 0 0 0 0 0 0 0 0 0 0 0 0 0 0 0 0 0 0 0 0 0 0 0 1 1 1 1 1 0 0 0 0 0 0 0 0 0 0 0 0 0 0 0 0 0 0 0 0 0 0 0 0 0 0 0 0 0 0 0 0 0 0 0 0 0 0 
0 0 0 0 0 0 0 0 0 0 0 0 0 0 0 0 0 0 0 0 0 0 0 0 0 0 0 0 0 0 0 0 0 0 0 0 0 0 0 0 0 0 0 0 0 0 0 0 0 0 0 0 0 0 0 0 0 0 1 1 1 1 1 0 0 0 0 0 0 0 0 0 0 0 0 0 0 0 0 0 0 0 0 0 0 0 0 0 0 0 0 0 0 0 0 0 0 0 0 0 
0 0 0 0 0 0 0 0 0 0 0 0 0 0 0 0 0 0 0 0 0 0 0 0 0 0 0 0 0 0 0 0 0 0 0 0 0 0 0 0 0 0 0 0 0 0 0 0 0 0 0 0 0 0 0 0 0 0 0 1 1 1 1 1 0 0 0 0 0 0 0 0 0 0 0 0 0 0 0 0 0 0 0 0 0 0 0 0 0 0 0 0 0 0 0 0 0 0 0 0 
0 0 0 0 0 0 0 0 0 0 0 0 0 0 0 0 0 0 0 0 0 0 0 0 0 0 0 0 0 0 0 0 0 0 0 0 0 0 0 0 0 0 0 0 0 0 0 0 0 0 0 0 0 0 0 0 0 0 0 0 1 1 1 1 1 0 0 0 0 0 0 0 0 0 0 0 0 0 0 0 0 0 0 0 0 0 0 0 0 0 0 0 0 0 0 0 0 0 0 0 
0 0 0 0 0 0 0 0 0 0 0 0 0 0 0 0 0 0 0 0 0 0 0 0 0 0 0 0 0 0 0 0 0 0 0 0 0 0 0 0 0 0 0 0 0 0 0 0 0 0 0 0 0 0 0 0 0 0 0 0 0 1 1 1 1 1 0 0 0 0 0 0 0 0 0 0 0 0 0 0 0 0 0 0 0 0 0 0 0 0 0 0 0 0 0 0 0 0 0 0 
0 0 0 0 0 0 0 0 0 0 0 0 0 0 0 0 0 0 0 0 0 0 0 0 0 0 0 0 0 0 0 0 0 0 0 0 0 0 0 0 0 0 0 0 0 0 0 0 0 0 0 0 0 0 0 0 0 0 0 0 0 0 1 1 1 1 1 0 0 0 0 0 0 0 0 0 0 0 0 0 0 0 0 0 0 0 0 0 0 0 0 0 0 0 0 0 0 0 0 0 
0 0 0 0 0 0 0 0 0 0 0 0 0 0 0 0 0 0 0 0 0 0 0 0 0 0 0 0 0 0 0 0 0 0 0 0 0 0 0 0 0 0 0 0 0 0 0 0 0 0 0 0 0 0 0 0 0 0 0 0 0 0 0 1 1 1 1 1 0 0 0 0 0 0 0 0 0 0 0 0 0 0 0 0 0 0 0 0 0 0 0 0 0 0 0 0 0 0 0 0 
0 0 0 0 0 0 0 0 0 0 0 0 0 0 0 0 0 0 0 0 0 0 0 0 0 0 0 0 0 0 0 0 0 0 0 0 0 0 0 0 0 0 0 0 0 0 0 0 0 0 0 0 0 0 0 0 0 0 0 0 0 0 0 0 1 1 1 1 1 0 0 0 0 0 0 0 0 0 0 0 0 0 0 0 0 0 0 0 0 0 0 0 0 0 0 0 0 0 0 0 
0 0 0 0 0 0 0 0 0 0 0 0 0 0 0 0 0 0 0 0 0 0 0 0 0 0 0 0 0 0 0 0 0 0 0 0 0 0 0 0 0 0 0 0 0 0 0 0 0 0 0 0 0 0 0 0 0 0 0 0 0 0 0 0 0 1 1 1 1 1 0 0 0 0 0 0 0 0 0 0 0 0 0 0 0 0 0 0 0 0 0 0 0 0 0 0 0 0 0 0 
0 0 0 0 0 0 0 0 0 0 0 0 0 0 0 0 0 0 0 0 0 0 0 0 0 0 0 0 0 0 0 0 0 0 0 0 0 0 0 0 0 0 0 0 0 0 0 0 0 0 0 0 0 0 0 0 0 0 0 0 0 0 0 0 0 0 1 1 1 1 1 0 0 0 0 0 0 0 0 0 0 0 0 0 0 0 0 0 0 0 0 0 0 0 0 0 0 0 0 0 
0 0 0 0 0 0 0 0 0 0 0 0 0 0 0 0 0 0 0 0 0 0 0 0 0 0 0 0 0 0 0 0 0 0 0 0 0 0 0 0 0 0 0 0 0 0 0 0 0 0 0 0 0 0 0 0 0 0 0 0 0 0 0 0 0 0 0 1 1 1 1 1 0 0 0 0 0 0 0 0 0 0 0 0 0 0 0 0 0 0 0 0 0 0 0 0 0 0 0 0 
0 0 0 0 0 0 0 0 0 0 0 0 0 0 0 0 0 0 0 0 0 0 0 0 0 0 0 0 0 0 0 0 0 0 0 0 0 0 0 0 0 0 0 0 0 0 0 0 0 0 0 0 0 0 0 0 0 0 0 0 0 0 0 0 0 0 0 0 1 1 1 1 1 0 0 0 0 0 0 0 0 0 0 0 0 0 0 0 0 0 0 0 0 0 0 0 0 0 0 0 
0 0 0 0 0 0 0 0 0 0 0 0 0 0 0 0 0 0 0 0 0 0 0 0 0 0 0 0 0 0 0 0 0 0 0 0 0 0 0 0 0 0 0 0 0 0 0 0 0 0 0 0 0 0 0 0 0 0 0 0 0 0 0 0 0 0 0 0 0 1 1 1 1 1 0 0 0 0 0 0 0 0 0 0 0 0 0 0 0 0 0 0 0 0 0 0 0 0 0 0 
0 0 0 0 0 0 0 0 0 0 0 0 0 0 0 0 0 0 0 0 0 0 0 0 0 0 0 0 0 0 0 0 0 0 0 0 0 0 0 0 0 0 0 0 0 0 0 0 0 0 0 0 0 0 0 0 0 0 0 0 0 0 0 0 0 0 0 0 0 0 1 1 1 1 1 0 0 0 0 0 0 0 0 0 0 0 0 0 0 0 0 0 0 0 0 0 0 0 0 0 
0 0 0 0 0 0 0 0 0 0 0 0 0 0 0 0 0 0 0 0 0 0 0 0 0 0 0 0 0 0 0 0 0 0 0 0 0 0 0 0 0 0 0 0 0 0 0 0 0 0 0 0 0 0 0 0 0 0 0 0 0 0 0 0 0 0 0 0 0 0 0 1 1 1 1 1 0 0 0 0 0 0 0 0 0 0 0 0 0 0 0 0 0 0 0 0 0 0 0 0 
0 0 0 0 0 0 0 0 0 0 0 0 0 0 0 0 0 0 0 0 0 0 0 0 0 0 0 0 0 0 0 0 0 0 0 0 0 0 0 0 0 0 0 0 0 0 0 0 0 0 0 0 0 0 0 0 0 0 0 0 0 0 0 0 0 0 0 0 0 0 0 0 1 1 1 1 1 0 0 0 0 0 0 0 0 0 0 0 0 0 0 0 0 0 0 0 0 0 0 0 
0 0 0 0 0 0 0 0 0 0 0 0 0 0 0 0 0 0 0 0 0 0 0 0 0 0 0 0 0 0 0 0 0 0 0 0 0 0 0 0 0 0 0 0 0 0 0 0 0 0 0 0 0 0 0 0 0 0 0 0 0 0 0 0 0 0 0 0 0 0 0 0 0 1 1 1 1 1 0 0 0 0 0 0 0 0 0 0 0 0 0 0 0 0 0 0 0 0 0 0 
0 0 0 0 0 0 0 0 0 0 0 0 0 0 0 0 0 0 0 0 0 0 0 0 0 0 0 0 0 0 0 0 0 0 0 0 0 0 0 0 0 0 0 0 0 0 0 0 0 0 0 0 0 0 0 0 0 0 0 0 0 0 0 0 0 0 0 0 0 0 0 0 0 0 1 1 1 1 1 0 0 0 0 0 0 0 0 0 0 0 0 0 0 0 0 0 0 0 0 0 
0 0 0 0 0 0 0 0 0 0 0 0 0 0 0 0 0 0 0 0 0 0 0 0 0 0 0 0 0 0 0 0 0 0 0 0 0 0 0 0 0 0 0 0 0 0 0 0 0 0 0 0 0 0 0 0 0 0 0 0 0 0 0 0 0 0 0 0 0 0 0 0 0 0 0 1 1 1 1 1 0 0 0 0 0 0 0 0 0 0 0 0 0 0 0 0 0 0 0 0 
0 0 0 0 0 0 0 0 0 0 0 0 0 0 0 0 0 0 0 0 0 0 0 0 0 0 0 0 0 0 0 0 0 0 0 0 0 0 0 0 0 0 0 0 0 0 0 0 0 0 0 0 0 0 0 0 0 0 0 0 0 0 0 0 0 0 0 0 0 0 0 0 0 0 0 0 1 1 1 1 1 0 0 0 0 0 0 0 0 0 0 0 0 0 0 0 0 0 0 0 
0 0 0 0 0 0 0 0 0 0 0 0 0 0 0 0 0 0 0 0 0 0 0 0 0 0 0 0 0 0 0 0 0 0 0 0 0 0 0 0 0 0 0 0 0 0 0 0 0 0 0 0 0 0 0 0 0 0 0 0 0 0 0 0 0 0 0 0 0 0 0 0 0 0 0 0 0 1 1 1 1 1 0 0 0 0 0 0 0 0 0 0 0 0 0 0 0 0 0 0 
0 0 0 0 0 0 0 0 0 0 0 0 0 0 0 0 0 0 0 0 0 0 0 0 0 0 0 0 0 0 0 0 0 0 0 0 0 0 0 0 0 0 0 0 0 0 0 0 0 0 0 0 0 0 0 0 0 0 0 0 0 0 0 0 0 0 0 0 0 0 0 0 0 0 0 0 0 0 1 1 1 1 1 0 0 0 0 0 0 0 0 0 0 0 0 0 0 0 0 0 
0 0 0 0 0 0 0 0 0 0 0 0 0 0 0 0 0 0 0 0 0 0 0 0 0 0 0 0 0 0 0 0 0 0 0 0 0 0 0 0 0 0 0 0 0 0 0 0 0 0 0 0 0 0 0 0 0 0 0 0 0 0 0 0 0 0 0 0 0 0 0 0 0 0 0 0 0 0 0 1 1 1 1 1 0 0 0 0 0 0 0 0 0 0 0 0 0 0 0 0 
0 0 0 0 0 0 0 0 0 0 0 0 0 0 0 0 0 0 0 0 0 0 0 0 0 0 0 0 0 0 0 0 0 0 0 0 0 0 0 0 0 0 0 0 0 0 0 0 0 0 0 0 0 0 0 0 0 0 0 0 0 0 0 0 0 0 0 0 0 0 0 0 0 0 0 0 0 0 0 0 1 1 1 1 1 0 0 0 0 0 0 0 0 0 0 0 0 0 0 0 
0 0 0 0 0 0 0 0 0 0 0 0 0 0 0 0 0 0 0 0 0 0 0 0 0 0 0 0 0 0 0 0 0 0 0 0 0 0 0 0 0 0 0 0 0 0 0 0 0 0 0 0 0 0 0 0 0 0 0 0 0 0 0 0 0 0 0 0 0 0 0 0 0 0 0 0 0 0 0 0 0 1 1 1 1 1 0 0 0 0 0 0 0 0 0 0 0 0 0 0 
0 0 0 0 0 0 0 0 0 0 0 0 0 0 0 0 0 0 0 0 0 0 0 0 0 0 0 0 0 0 0 0 0 0 0 0 0 0 0 0 0 0 0 0 0 0 0 0 0 0 0 0 0 0 0 0 0 0 0 0 0 0 0 0 0 0 0 0 0 0 0 0 0 0 0 0 0 0 0 0 0 0 1 1 1 1 1 0 0 0 0 0 0 0 0 0 0 0 0 0 
0 0 0 0 0 0 0 0 0 0 0 0 0 0 0 0 0 0 0 0 0 0 0 0 0 0 0 0 0 0 0 0 0 0 0 0 0 0 0 0 0 0 0 0 0 0 0 0 0 0 0 0 0 0 0 0 0 0 0 0 0 0 0 0 0 0 0 0 0 0 0 0 0 0 0 0 0 0 0 0 0 0 0 1 1 1 1 1 0 0 0 0 0 0 0 0 0 0 0 0 
0 0 0 0 0 0 0 0 0 0 0 0 0 0 0 0 0 0 0 0 0 0 0 0 0 0 0 0 0 0 0 0 0 0 0 0 0 0 0 0 0 0 0 0 0 0 0 0 0 0 0 0 0 0 0 0 0 0 0 0 0 0 0 0 0 0 0 0 0 0 0 0 0 0 0 0 0 0 0 0 0 0 0 0 1 1 1 1 1 0 0 0 0 0 0 0 0 0 0 0 
0 0 0 0 0 0 0 0 0 0 0 0 0 0 0 0 0 0 0 0 0 0 0 0 0 0 0 0 0 0 0 0 0 0 0 0 0 0 0 0 0 0 0 0 0 0 0 0 0 0 0 0 0 0 0 0 0 0 0 0 0 0 0 0 0 0 0 0 0 0 0 0 0 0 0 0 0 0 0 0 0 0 0 0 0 1 1 1 1 1 0 0 0 0 0 0 0 0 0 0 
0 0 0 0 0 0 0 0 0 0 0 0 0 0 0 0 0 0 0 0 0 0 0 0 0 0 0 0 0 0 0 0 0 0 0 0 0 0 0 0 0 0 0 0 0 0 0 0 0 0 0 0 0 0 0 0 0 0 0 0 0 0 0 0 0 0 0 0 0 0 0 0 0 0 0 0 0 0 0 0 0 0 0 0 0 0 1 1 1 1 1 0 0 0 0 0 0 0 0 0 
0 0 0 0 0 0 0 0 0 0 0 0 0 0 0 0 0 0 0 0 0 0 0 0 0 0 0 0 0 0 0 0 0 0 0 0 0 0 0 0 0 0 0 0 0 0 0 0 0 0 0 0 0 0 0 0 0 0 0 0 0 0 0 0 0 0 0 0 0 0 0 0 0 0 0 0 0 0 0 0 0 0 0 0 0 0 0 1 1 1 1 1 0 0 0 0 0 0 0 0 
0 0 0 0 0 0 0 0 0 0 0 0 0 0 0 0 0 0 0 0 0 0 0 0 0 0 0 0 0 0 0 0 0 0 0 0 0 0 0 0 0 0 0 0 0 0 0 0 0 0 0 0 0 0 0 0 0 0 0 0 0 0 0 0 0 0 0 0 0 0 0 0 0 0 0 0 0 0 0 0 0 0 0 0 0 0 0 0 1 1 1 1 1 0 0 0 0 0 0 0 
0 0 0 0 0 0 0 0 0 0 0 0 0 0 0 0 0 0 0 0 0 0 0 0 0 0 0 0 0 0 0 0 0 0 0 0 0 0 0 0 0 0 0 0 0 0 0 0 0 0 0 0 0 0 0 0 0 0 0 0 0 0 0 0 0 0 0 0 0 0 0 0 0 0 0 0 0 0 0 0 0 0 0 0 0 0 0 0 0 1 1 1 1 1 0 0 0 0 0 0 
0 0 0 0 0 0 0 0 0 0 0 0 0 0 0 0 0 0 0 0 0 0 0 0 0 0 0 0 0 0 0 0 0 0 0 0 0 0 0 0 0 0 0 0 0 0 0 0 0 0 0 0 0 0 0 0 0 0 0 0 0 0 0 0 0 0 0 0 0 0 0 0 0 0 0 0 0 0 0 0 0 0 0 0 0 0 0 0 0 0 1 1 1 1 1 0 0 0 0 0 
0 0 0 0 0 0 0 0 0 0 0 0 0 0 0 0 0 0 0 0 0 0 0 0 0 0 0 0 0 0 0 0 0 0 0 0 0 0 0 0 0 0 0 0 0 0 0 0 0 0 0 0 0 0 0 0 0 0 0 0 0 0 0 0 0 0 0 0 0 0 0 0 0 0 0 0 0 0 0 0 0 0 0 0 0 0 0 0 0 0 0 1 1 1 1 1 0 0 0 0 
0 0 0 0 0 0 0 0 0 0 0 0 0 0 0 0 0 0 0 0 0 0 0 0 0 0 0 0 0 0 0 0 0 0 0 0 0 0 0 0 0 0 0 0 0 0 0 0 0 0 0 0 0 0 0 0 0 0 0 0 0 0 0 0 0 0 0 0 0 0 0 0 0 0 0 0 0 0 0 0 0 0 0 0 0 0 0 0 0 0 0 0 1 1 1 1 1 0 0 0 
0 0 0 0 0 0 0 0 0 0 0 0 0 0 0 0 0 0 0 0 0 0 0 0 0 0 0 0 0 0 0 0 0 0 0 0 0 0 0 0 0 0 0 0 0 0 0 0 0 0 0 0 0 0 0 0 0 0 0 0 0 0 0 0 0 0 0 0 0 0 0 0 0 0 0 0 0 0 0 0 0 0 0 0 0 0 0 0 0 0 0 0 0 1 1 1 1 1 0 0 
0 0 0 0 0 0 0 0 0 0 0 0 0 0 0 0 0 0 0 0 0 0 0 0 0 0 0 0 0 0 0 0 0 0 0 0 0 0 0 0 0 0 0 0 0 0 0 0 0 0 0 0 0 0 0 0 0 0 0 0 0 0 0 0 0 0 0 0 0 0 0 0 0 0 0 0 0 0 0 0 0 0 0 0 0 0 0 0 0 0 0 0 0 0 1 1 1 1 1 0 
0 0 0 0 0 0 0 0 0 0 0 0 0 0 0 0 0 0 0 0 0 0 0 0 0 0 0 0 0 0 0 0 0 0 0 0 0 0 0 0 0 0 0 0 0 0 0 0 0 0 0 0 0 0 0 0 0 0 0 0 0 0 0 0 0 0 0 0 0 0 0 0 0 0 0 0 0 0 0 0 0 0 0 0 0 0 0 0 0 0 0 0 0 0 0 1 1 1 1 1 
1 0 0 0 0 0 0 0 0 0 0 0 0 0 0 0 0 0 0 0 0 0 0 0 0 0 0 0 0 0 0 0 0 0 0 0 0 0 0 0 0 0 0 0 0 0 0 0 0 0 0 0 0 0 0 0 0 0 0 0 0 0 0 0 0 0 0 0 0 0 0 0 0 0 0 0 0 0 0 0 0 0 0 0 0 0 0 0 0 0 0 0 0 0 0 0 1 1 1 1 
1 1 0 0 0 0 0 0 0 0 0 0 0 0 0 0 0 0 0 0 0 0 0 0 0 0 0 0 0 0 0 0 0 0 0 0 0 0 0 0 0 0 0 0 0 0 0 0 0 0 0 0 0 0 0 0 0 0 0 0 0 0 0 0 0 0 0 0 0 0 0 0 0 0 0 0 0 0 0 0 0 0 0 0 0 0 0 0 0 0 0 0 0 0 0 0 0 1 1 1 
1 1 1 0 0 0 0 0 0 0 0 0 0 0 0 0 0 0 0 0 0 0 0 0 0 0 0 0 0 0 0 0 0 0 0 0 0 0 0 0 0 0 0 0 0 0 0 0 0 0 0 0 0 0 0 0 0 0 0 0 0 0 0 0 0 0 0 0 0 0 0 0 0 0 0 0 0 0 0 0 0 0 0 0 0 0 0 0 0 0 0 0 0 0 0 0 0 0 1 1 
1 1 1 1 0 0 0 0 0 0 0 0 0 0 0 0 0 0 0 0 0 0 0 0 0 0 0 0 0 0 0 0 0 0 0 0 0 0 0 0 0 0 0 0 0 0 0 0 0 0 0 0 0 0 0 0 0 0 0 0 0 0 0 0 0 0 0 0 0 0 0 0 0 0 0 0 0 0 0 0 0 0 0 0 0 0 0 0 0 0 0 0 0 0 0 0 0 0 0 1 
