Parameters
100 4
F_el
0.01998690544077 0.02133160223344 0.00210000000000 0.00230000000000 0.02792645973752 0.03531486314289 0.00250000000000 0.00290000000000 0.02151424944437 0.02028186534363 0.03890756399535 0.07552235939510 0.01687560792064 0.01622445895040 0.01900191651887 0.01432221828512 0.01627581132633 0.01554840210484 0.01810717715758 0.01613547441317 0.00220000000000 0.00200000000000 0.00600000000000 0.00290000000000 0.00140000000000 0.00140000000000 0.00170000000000 0.00160000000000 0.00130000000000 0.00130000000000 0.00150000000000 0.00140000000000 
0.01736918859502 0.02008824491075 0.01828555421450 0.02276595861463 0.02379171402911 0.02212967525664 0.01986864597201 0.01925665374915 0.02411431544349 0.03385938899362 0.03256606679618 0.10974008943968 0.01814792404936 0.01790776900503 0.01621334006876 0.01619022477509 0.01375665110886 0.01490295451527 0.01363819012909 0.01489736667311 0.03101212168624 0.02412120776658 0.02091209136144 0.01945168643368 0.01607357884361 0.01820647254534 0.01638548825594 0.01974025902792 0.01818921223775 0.01754365711349 0.01582678543088 0.01570393129904 
0.01758180868980 0.02913880818987 0.00160000000000 0.00180000000000 0.02070906075931 0.11105554535280 0.00180000000000 0.00210000000000 0.00170000000000 0.00200000000000 0.00130000000000 0.00130000000000 0.00200000000000 0.00250000000000 0.00130000000000 0.00140000000000 0.00160000000000 0.00180000000000 0.00120000000000 0.00130000000000 0.00180000000000 0.00210000000000 0.00130000000000 0.00140000000000 0.00130000000000 0.00130000000000 0.00110000000000 0.00110000000000 0.00130000000000 0.00140000000000 0.00110000000000 0.00120000000000 
0.01830675577964 0.01403251797997 0.00190000000000 0.00150000000000 0.03067623663717 0.02912282814502 0.02145648282669 0.00220000000000 0.01373451891024 0.00160000000000 0.00150000000000 0.00130000000000 0.02623782471071 0.01550408676168 0.00220000000000 0.00160000000000 0.01917577835852 0.03640746385562 0.04517598862712 0.01926519368965 0.00160000000000 0.00500000000000 0.00510000000000 0.02928786645682 0.02381331167703 0.02248088191300 0.01822300002193 0.01415129893566 0.02053517737064 0.04064519699322 0.05015714492602 0.02944800261092 
0.00160000000000 0.01551513031531 0.00150000000000 0.01394358326259 0.02369731158904 0.03456772055050 0.01912804569292 0.09880987858054 0.00110000000000 0.00120000000000 0.00110000000000 0.00120000000000 0.00130000000000 0.00160000000000 0.00120000000000 0.00150000000000 0.00120000000000 0.00150000000000 0.00120000000000 0.00140000000000 0.00160000000000 0.01715472194373 0.00150000000000 0.01904228113233 0.00100000000000 0.00110000000000 0.00100000000000 0.00110000000000 0.00110000000000 0.00120000000000 0.00110000000000 0.00120000000000 
0.00190000000000 0.00170000000000 0.00160000000000 0.00150000000000 0.03302965525152 0.11671897756360 0.11496662810401 0.04043416092914 0.00140000000000 0.00130000000000 0.00130000000000 0.00130000000000 0.01877916930823 0.01854218197034 0.01778067609032 0.01398067941867 0.00680000000000 0.00180000000000 0.00170000000000 0.00160000000000 0.02697943652728 0.04714105274054 0.10510687871172 0.05171145847089 0.00150000000000 0.00140000000000 0.00140000000000 0.00130000000000 0.02099913921854 0.02036106257164 0.01945277529718 0.01432223202231 
0.01531455954822 0.00150000000000 0.01653952843915 0.02971069857841 0.02002895957023 0.00190000000000 0.00180000000000 0.01596542646611 0.07316894923505 0.00190000000000 0.00140000000000 0.00280000000000 0.01696712824677 0.00680000000000 0.00130000000000 0.00190000000000 0.00230000000000 0.00140000000000 0.01522005157585 0.02483360474537 0.01690306860643 0.00170000000000 0.00190000000000 0.00950000000000 0.00940000000000 0.00170000000000 0.00140000000000 0.00270000000000 0.01559486083420 0.00250000000000 0.00130000000000 0.00190000000000 
0.02184166464341 0.00210000000000 0.03498179302442 0.01711003142223 0.02607773620508 0.00230000000000 0.02423826303033 0.01790291269127 0.06700442086437 0.01860067675643 0.03048519353167 0.02439053309913 0.10145249627107 0.01972756402748 0.03309659537603 0.02806480387033 0.10478958744989 0.01767489184685 0.02526661780119 0.02507628149406 0.11305843477157 0.01860612918395 0.02147232392095 0.03130171471719 0.04545448232163 0.02758507399637 0.02081746536345 0.04261118297721 0.03643449793163 0.03607208942327 0.01730891841892 0.04611213264299 
0.01664441797088 0.04654106990779 0.04460737968590 0.10279706958907 0.01493486645534 0.01532417173901 0.03141836852753 0.02146344350846 0.01818540302389 0.00220000000000 0.01978424291885 0.00160000000000 0.01483181163933 0.00190000000000 0.01749552120189 0.00150000000000 0.02763406484083 0.07886727068567 0.02397576488811 0.01864969981348 0.02410546884778 0.00260000000000 0.02089358479562 0.00170000000000 0.02021444965572 0.00160000000000 0.01637795599694 0.00140000000000 0.01642791756694 0.00150000000000 0.01311122981220 0.00130000000000 
0.01433895114740 0.00200000000000 0.01777822295307 0.01672044186448 0.02690223523739 0.02100835674586 0.05810067672159 0.02662723982810 0.00140000000000 0.00130000000000 0.00150000000000 0.00140000000000 0.01332444845353 0.01000000000000 0.01678727855437 0.00960000000000 0.00160000000000 0.00140000000000 0.00590000000000 0.00160000000000 0.01758290130665 0.01558522196838 0.02130513708029 0.01586717196575 0.00120000000000 0.00120000000000 0.00130000000000 0.00120000000000 0.00150000000000 0.00140000000000 0.00540000000000 0.00510000000000 
0.00150000000000 0.00160000000000 0.00200000000000 0.00240000000000 0.00140000000000 0.00150000000000 0.00180000000000 0.00210000000000 0.00110000000000 0.00120000000000 0.00130000000000 0.00130000000000 0.00110000000000 0.00120000000000 0.00120000000000 0.00130000000000 0.00110000000000 0.00120000000000 0.00120000000000 0.00130000000000 0.00110000000000 0.00110000000000 0.00120000000000 0.00130000000000 0.00100000000000 0.00100000000000 0.00110000000000 0.00110000000000 0.00100000000000 0.00100000000000 0.00110000000000 0.00110000000000 
0.00140000000000 0.00150000000000 0.02659197012103 0.03294713631180 0.03469839043717 0.10337914927609 0.00890000000000 0.00890000000000 0.01511434729362 0.01534780624648 0.01761927544891 0.01369812233272 0.01836816814575 0.01521082445376 0.00130000000000 0.00130000000000 0.00600000000000 0.00570000000000 0.01357764257599 0.00190000000000 0.00570000000000 0.00540000000000 0.00120000000000 0.00120000000000 0.01468601463030 0.00690000000000 0.00130000000000 0.00120000000000 0.00130000000000 0.00120000000000 0.00110000000000 0.00100000000000 
0.02081995751326 0.02091011065637 0.02596139051006 0.02586079447238 0.00150000000000 0.00150000000000 0.00230000000000 0.00230000000000 0.02244800557642 0.02235590968773 0.01691060540156 0.01690867824885 0.01979476247451 0.01980153537309 0.03262658394219 0.03243010556751 0.01728895205111 0.01719551789294 0.00180000000000 0.00180000000000 0.00230000000000 0.00230000000000 0.01757816084444 0.01772486528281 0.00160000000000 0.00160000000000 0.00130000000000 0.00130000000000 0.02270821780742 0.02269883324207 0.01498856802720 0.01498634160444 
0.00680000000000 0.06034618267222 0.03625225921094 0.01568412503906 0.01917227215092 0.01821672812538 0.00680000000000 0.00140000000000 0.00150000000000 0.01589952094816 0.01584595626133 0.01696439126734 0.00240000000000 0.02276192342493 0.01409263342710 0.00160000000000 0.01318481220653 0.03854904317186 0.03326108656182 0.01512965735010 0.02044153159992 0.01649808137076 0.01307875446111 0.00150000000000 0.00150000000000 0.01661324523224 0.01663729393763 0.01652125144974 0.00550000000000 0.02249994225745 0.01448754459327 0.00540000000000 
0.00190000000000 0.00160000000000 0.00160000000000 0.00140000000000 0.00150000000000 0.00140000000000 0.00140000000000 0.00130000000000 0.01298801908802 0.00190000000000 0.00190000000000 0.00160000000000 0.00180000000000 0.00150000000000 0.00150000000000 0.00140000000000 0.00150000000000 0.00140000000000 0.00140000000000 0.00130000000000 0.00140000000000 0.00130000000000 0.00130000000000 0.00120000000000 0.00180000000000 0.00150000000000 0.00150000000000 0.00140000000000 0.00150000000000 0.00130000000000 0.00130000000000 0.00120000000000 
0.04921375346847 0.01846291450773 0.02537173499301 0.03020345579226 0.10731762636189 0.01862580091760 0.02942927249592 0.03616040137040 0.02713396961727 0.02041442921862 0.01987530628979 0.05032707215978 0.02854060214891 0.02078599110918 0.01983103649333 0.08717451541596 0.10429217941997 0.01896346430966 0.11240676780715 0.10183545340257 0.10235440693285 0.01952197271797 0.10776206541159 0.10282704932934 0.08581329207235 0.02022783708245 0.11742364653919 0.10200714756829 0.10555444072935 0.02080962982113 0.12498433016334 0.10242527087466 
0.04446662281713 0.03373967435405 0.03559569323853 0.03068411302506 0.06718299715318 0.02892413820318 0.04595041681662 0.02757066917226 0.10204482310593 0.11671713408688 0.02837730498181 0.12359175549694 0.10274083997542 0.11491921604609 0.03048518475672 0.11436666299867 0.05175147237268 0.03169884335240 0.03869692885234 0.02938186002732 0.10928289357757 0.02770932201098 0.05899928794056 0.02666134640092 0.10216469065005 0.12580005255707 0.02947848502000 0.12566945623205 0.10289858309367 0.11138517257674 0.03181605767083 0.10785316358501 
0.03771177838731 0.02715268324873 0.00240000000000 0.01745443531288 0.10192144133023 0.02236734734208 0.00180000000000 0.01778391081021 0.00180000000000 0.01359205201790 0.00130000000000 0.00130000000000 0.00150000000000 0.00180000000000 0.00120000000000 0.00120000000000 0.01527996954853 0.01627466014279 0.10631105998112 0.03829769472230 0.10998791589692 0.03008836513944 0.10538063843628 0.10294646748204 0.03737856567769 0.03006385096791 0.00200000000000 0.02047064232613 0.10475457517411 0.02577538741713 0.00160000000000 0.02002179637670 
0.00180000000000 0.01442776310147 0.00150000000000 0.01600510318576 0.04207476577876 0.01623146716175 0.08687553446702 0.04575466511955 0.00140000000000 0.00210000000000 0.00120000000000 0.00160000000000 0.01660757488212 0.03215965924788 0.01586378187365 0.02289176090875 0.00120000000000 0.00140000000000 0.00110000000000 0.00120000000000 0.00190000000000 0.01661356872217 0.00150000000000 0.01484927358168 0.00110000000000 0.00120000000000 0.00100000000000 0.00110000000000 0.00140000000000 0.00610000000000 0.00130000000000 0.00160000000000 
0.01520335527286 0.10666019703398 0.01596435038914 0.11095561323321 0.06751447845874 0.10201733920276 0.03648350260514 0.10184603201426 0.00150000000000 0.01824145114662 0.00160000000000 0.01958062153933 0.01578475930822 0.10946826216693 0.01665620310250 0.12313627876730 0.00160000000000 0.02061738889226 0.00170000000000 0.02270852572139 0.01730385574944 0.11468157614641 0.01855290103579 0.10674084400530 0.00130000000000 0.00170000000000 0.00130000000000 0.00180000000000 0.00170000000000 0.02088067173522 0.00180000000000 0.02285484359883 
0.01919592595363 0.00170000000000 0.00170000000000 0.00130000000000 0.01824858693902 0.00160000000000 0.00160000000000 0.00120000000000 0.01585442701955 0.10565364769150 0.01712545105735 0.00190000000000 0.01682669491902 0.02509491788714 0.00700000000000 0.00180000000000 0.01928223579898 0.00170000000000 0.00160000000000 0.00130000000000 0.01834706198693 0.00160000000000 0.00160000000000 0.00120000000000 0.01596681104860 0.08985563905063 0.01682690612063 0.00190000000000 0.01695048413539 0.00850000000000 0.00570000000000 0.00180000000000 
0.03324026278269 0.02163708464159 0.02003357209913 0.02736297451912 0.00170000000000 0.00150000000000 0.01988366148553 0.01647437209325 0.00600000000000 0.00800000000000 0.00170000000000 0.00210000000000 0.00170000000000 0.00150000000000 0.00730000000000 0.00280000000000 0.00180000000000 0.00680000000000 0.00130000000000 0.00140000000000 0.02870557550712 0.02235188382879 0.00190000000000 0.00240000000000 0.00140000000000 0.00150000000000 0.00120000000000 0.00120000000000 0.00260000000000 0.00610000000000 0.00150000000000 0.00170000000000 
0.01957975691036 0.02143560714608 0.00130000000000 0.00130000000000 0.01912099213484 0.02099158838694 0.00130000000000 0.00130000000000 0.00210000000000 0.01452740208780 0.00120000000000 0.00120000000000 0.00620000000000 0.01435662230207 0.00120000000000 0.00120000000000 0.01379337306013 0.01440283609216 0.00120000000000 0.00120000000000 0.01374344550064 0.01426124110276 0.00120000000000 0.00120000000000 0.00160000000000 0.00160000000000 0.00110000000000 0.00110000000000 0.00160000000000 0.00170000000000 0.00110000000000 0.00110000000000 
0.04005272613825 0.01898420411985 0.05894284936001 0.02042398362081 0.01923381068841 0.02639755836693 0.01783664532752 0.02539589606359 0.01838523371831 0.02242389398362 0.01665524564501 0.02089447570352 0.01368766973687 0.10350375895169 0.00880000000000 0.02678746103533 0.01445863592247 0.02288788770076 0.00920000000000 0.02339310364780 0.00180000000000 0.04440851826325 0.00520000000000 0.08285646524836 0.00190000000000 0.10373247529853 0.00520000000000 0.04918659252289 0.00150000000000 0.01746781590895 0.00160000000000 0.01656363760056 
0.02699428862689 0.02678721105607 0.02133356365890 0.02071022958498 0.04837922470896 0.04906693574883 0.00580000000000 0.01504511014189 0.02242724617096 0.02858988358487 0.00190000000000 0.01663887878239 0.00480000000000 0.01493077629714 0.00150000000000 0.00160000000000 0.01937156668315 0.01881024855143 0.03335298426230 0.03352310000703 0.02687979544816 0.02662828621038 0.01769211530496 0.02222410143090 0.03819968427094 0.04338788642260 0.01449539519504 0.01770891744846 0.00510000000000 0.01633417507195 0.00160000000000 0.00190000000000 
0.02656161417448 0.00160000000000 0.02284875935933 0.00150000000000 0.02192109726760 0.00150000000000 0.01568246532145 0.00140000000000 0.02257676489776 0.01464686846553 0.02659546449907 0.00230000000000 0.04142372862314 0.00220000000000 0.05704389049563 0.00180000000000 0.02288777878018 0.00160000000000 0.02090755003584 0.00140000000000 0.02009274389225 0.00140000000000 0.01507575940634 0.00130000000000 0.02471542973093 0.00760000000000 0.02993230369893 0.00210000000000 0.05616394996435 0.00200000000000 0.04743456793970 0.00170000000000 
0.00150000000000 0.00140000000000 0.00780000000000 0.00690000000000 0.01835806767281 0.01494735011105 0.01521248085038 0.01903481804122 0.00140000000000 0.00130000000000 0.00660000000000 0.00630000000000 0.01564375180062 0.00730000000000 0.01780349009578 0.02462957279771 0.00110000000000 0.00110000000000 0.00150000000000 0.00140000000000 0.00150000000000 0.00130000000000 0.01710732893727 0.01677421283755 0.00110000000000 0.00110000000000 0.00140000000000 0.00130000000000 0.00140000000000 0.00130000000000 0.01537846573504 0.01293603143280 
0.00160000000000 0.00120000000000 0.00130000000000 0.00110000000000 0.00120000000000 0.00110000000000 0.00110000000000 0.00100000000000 0.00130000000000 0.00110000000000 0.00120000000000 0.00110000000000 0.00110000000000 0.00100000000000 0.00110000000000 0.00100000000000 0.00150000000000 0.00110000000000 0.00130000000000 0.00110000000000 0.00120000000000 0.00100000000000 0.00110000000000 0.00100000000000 0.00130000000000 0.00110000000000 0.00120000000000 0.00100000000000 0.00110000000000 0.00100000000000 0.00110000000000 0.00100000000000 
0.00190000000000 0.03364806052884 0.01698849209331 0.02168148131838 0.00130000000000 0.00200000000000 0.00160000000000 0.01760336168907 0.00280000000000 0.00730000000000 0.02827144487344 0.00200000000000 0.00150000000000 0.00310000000000 0.00200000000000 0.01767396524575 0.00140000000000 0.01811664900753 0.01276799784030 0.02429887806121 0.00120000000000 0.00150000000000 0.00130000000000 0.01292824323054 0.00170000000000 0.01747199783868 0.00890000000000 0.02469287448220 0.00130000000000 0.00180000000000 0.00150000000000 0.00930000000000 
0.00140000000000 0.00140000000000 0.00240000000000 0.00200000000000 0.00180000000000 0.00170000000000 0.01537785111614 0.00820000000000 0.00140000000000 0.00140000000000 0.00240000000000 0.00200000000000 0.00180000000000 0.00170000000000 0.01527957511907 0.00810000000000 0.00140000000000 0.00140000000000 0.00240000000000 0.00200000000000 0.00180000000000 0.00170000000000 0.01527641943960 0.00820000000000 0.00140000000000 0.00140000000000 0.00240000000000 0.00200000000000 0.00180000000000 0.00170000000000 0.01525619974353 0.00810000000000 
0.00170000000000 0.00120000000000 0.00200000000000 0.00120000000000 0.00140000000000 0.00110000000000 0.00160000000000 0.00110000000000 0.00170000000000 0.00120000000000 0.00200000000000 0.00120000000000 0.00140000000000 0.00110000000000 0.00160000000000 0.00110000000000 0.00190000000000 0.00120000000000 0.00240000000000 0.00130000000000 0.00150000000000 0.00110000000000 0.00170000000000 0.00120000000000 0.00190000000000 0.00120000000000 0.00240000000000 0.00130000000000 0.00150000000000 0.00110000000000 0.00170000000000 0.00120000000000 
0.01758494381353 0.01862525236226 0.02091214919401 0.02613700673548 0.01716814608153 0.01824060404255 0.02053392431020 0.02664476810748 0.01969316834661 0.02173130041298 0.02593545930998 0.04848160881800 0.01949353879820 0.02177348782643 0.02636390916654 0.04888219250466 0.00220000000000 0.00170000000000 0.00170000000000 0.00150000000000 0.00630000000000 0.00180000000000 0.00170000000000 0.00150000000000 0.00200000000000 0.00170000000000 0.00160000000000 0.00150000000000 0.00220000000000 0.00170000000000 0.00170000000000 0.00150000000000 
0.00180000000000 0.00160000000000 0.00170000000000 0.00150000000000 0.00180000000000 0.00160000000000 0.00170000000000 0.00150000000000 0.01873295660349 0.01654377359412 0.01972495662659 0.01744319051156 0.01843548375026 0.01643055371850 0.01951822665411 0.01733995003452 0.00190000000000 0.00160000000000 0.00170000000000 0.00150000000000 0.00180000000000 0.00160000000000 0.00170000000000 0.00150000000000 0.01761826333663 0.01580982303106 0.01861836149968 0.01682615645396 0.01739935343847 0.01569536297434 0.01841204071028 0.01671955413973 
0.00180000000000 0.00170000000000 0.00130000000000 0.00130000000000 0.02727165136108 0.03582500221957 0.08326421173213 0.00690000000000 0.00200000000000 0.00180000000000 0.00130000000000 0.00130000000000 0.01718742001008 0.01797508523326 0.01556173653830 0.01891475850238 0.01561717072129 0.00200000000000 0.00140000000000 0.00130000000000 0.09800552943158 0.11000609499185 0.03249456808252 0.02264466881840 0.01310712053840 0.01508769839931 0.00140000000000 0.00140000000000 0.02880742284610 0.04043076417820 0.06228086833325 0.05696641713275 
0.00200000000000 0.01723724527120 0.00120000000000 0.00130000000000 0.00210000000000 0.00670000000000 0.00120000000000 0.00130000000000 0.00170000000000 0.00250000000000 0.00120000000000 0.00130000000000 0.00170000000000 0.00250000000000 0.00120000000000 0.00130000000000 0.01460407715325 0.02243808075077 0.00120000000000 0.00130000000000 0.00590000000000 0.01602019130723 0.00120000000000 0.00130000000000 0.00170000000000 0.00250000000000 0.00120000000000 0.00130000000000 0.00180000000000 0.00260000000000 0.00120000000000 0.00130000000000 
0.10325158306079 0.00180000000000 0.10297425029766 0.00180000000000 0.02058837795392 0.00160000000000 0.01973949868481 0.00160000000000 0.02287752185941 0.00180000000000 0.02258001347987 0.00180000000000 0.01495333806195 0.00160000000000 0.01494418151105 0.00170000000000 0.00220000000000 0.00640000000000 0.00230000000000 0.00640000000000 0.00190000000000 0.00290000000000 0.00190000000000 0.00290000000000 0.00170000000000 0.00430000000000 0.00180000000000 0.00430000000000 0.00160000000000 0.00330000000000 0.00160000000000 0.00330000000000 
0.02028231376975 0.02310467648268 0.02596630484083 0.02892110058388 0.00230000000000 0.00210000000000 0.01597974056802 0.00240000000000 0.06984704734256 0.05005589757064 0.05858866141431 0.04245156165320 0.02399382891384 0.01688170789649 0.03375786175679 0.03628729786526 0.03296061222487 0.05730163366380 0.07348594738277 0.05215690117076 0.00730000000000 0.00250000000000 0.01714699656596 0.00670000000000 0.03265974285050 0.02080482793986 0.02603095478467 0.02479243401330 0.01732713097311 0.00820000000000 0.09302835012744 0.02182062433975 
0.01621611952358 0.02108107753893 0.01470783504875 0.01908367217507 0.01595101343073 0.02218082691324 0.00780000000000 0.01960974414902 0.00200000000000 0.00660000000000 0.00200000000000 0.00220000000000 0.00280000000000 0.00670000000000 0.00260000000000 0.00600000000000 0.01966922461755 0.02464763961292 0.01834195158604 0.02337562290417 0.02014061313469 0.02762078264656 0.01824011995633 0.02579079571015 0.00220000000000 0.01882447474551 0.00200000000000 0.01663741959204 0.00660000000000 0.01770258404886 0.00580000000000 0.01509799885112 
0.00150000000000 0.00160000000000 0.00130000000000 0.00130000000000 0.00190000000000 0.00190000000000 0.00140000000000 0.00140000000000 0.00150000000000 0.00180000000000 0.00130000000000 0.00140000000000 0.00190000000000 0.00230000000000 0.00140000000000 0.00160000000000 0.00140000000000 0.00140000000000 0.00120000000000 0.00120000000000 0.00170000000000 0.00160000000000 0.00130000000000 0.00130000000000 0.00140000000000 0.00160000000000 0.00120000000000 0.00130000000000 0.00170000000000 0.00190000000000 0.00130000000000 0.00140000000000 
0.02008280289706 0.00220000000000 0.01845296193505 0.00200000000000 0.04176164340203 0.01905177253837 0.02847608070513 0.01793103240964 0.00230000000000 0.00160000000000 0.00210000000000 0.00150000000000 0.01903086438321 0.00200000000000 0.01772635252692 0.00190000000000 0.01287032599681 0.00160000000000 0.01280974875802 0.00160000000000 0.02016790583749 0.00610000000000 0.01885561354072 0.01256477031452 0.00170000000000 0.00130000000000 0.00160000000000 0.00130000000000 0.00610000000000 0.00160000000000 0.00620000000000 0.00150000000000 
0.01950267057382 0.02438190422180 0.00740000000000 0.01897619617908 0.01725644151041 0.02436184098639 0.01502493589916 0.01799635995839 0.02604350497241 0.03017733369921 0.00820000000000 0.00820000000000 0.02311942652490 0.02664441848266 0.01748389488381 0.03539605303765 0.02286039855088 0.03070952356295 0.01910311384699 0.01653495311731 0.02324066339653 0.02737485781390 0.01621904939087 0.01980367943571 0.04373005536114 0.02432469921903 0.00680000000000 0.00670000000000 0.02685760837172 0.03390410978874 0.02286101409882 0.02194077343407 
0.00150000000000 0.00150000000000 0.00150000000000 0.00150000000000 0.00140000000000 0.00150000000000 0.00140000000000 0.00140000000000 0.00730000000000 0.01376901513429 0.00720000000000 0.01372578036409 0.00230000000000 0.00680000000000 0.00220000000000 0.00680000000000 0.00170000000000 0.00180000000000 0.00160000000000 0.00180000000000 0.00160000000000 0.00160000000000 0.00150000000000 0.00160000000000 0.01658555058608 0.01823301667741 0.01638571069236 0.01803283796225 0.01383369193892 0.01629300883764 0.01378176597820 0.01617187906637 
0.01618276326503 0.00170000000000 0.00600000000000 0.00140000000000 0.00150000000000 0.00130000000000 0.00130000000000 0.00120000000000 0.01704140132183 0.00170000000000 0.00610000000000 0.00140000000000 0.00150000000000 0.00130000000000 0.00130000000000 0.00120000000000 0.00150000000000 0.00120000000000 0.00130000000000 0.00120000000000 0.00120000000000 0.00110000000000 0.00110000000000 0.00110000000000 0.00150000000000 0.00130000000000 0.00130000000000 0.00120000000000 0.00120000000000 0.00110000000000 0.00110000000000 0.00110000000000 
0.00200000000000 0.00210000000000 0.00130000000000 0.00130000000000 0.00180000000000 0.00180000000000 0.00130000000000 0.00130000000000 0.00170000000000 0.00180000000000 0.00120000000000 0.00130000000000 0.00160000000000 0.00160000000000 0.00120000000000 0.00120000000000 0.00130000000000 0.00130000000000 0.00110000000000 0.00110000000000 0.00130000000000 0.00130000000000 0.00110000000000 0.00110000000000 0.00130000000000 0.00130000000000 0.00110000000000 0.00110000000000 0.00120000000000 0.00120000000000 0.00110000000000 0.00110000000000 
0.02163476654340 0.02366830057275 0.02193306812630 0.02548363862947 0.01755643931631 0.00150000000000 0.03407904527411 0.00160000000000 0.00200000000000 0.11374104810037 0.00190000000000 0.10594054728132 0.01948062422932 0.01729171226252 0.02065189109799 0.06880726701294 0.01706971602531 0.01853926301461 0.01785450158367 0.01968688635904 0.01408966768514 0.00140000000000 0.01553567676517 0.00150000000000 0.00180000000000 0.04352624038784 0.00170000000000 0.03707389613736 0.00800000000000 0.01532344634278 0.01567542265805 0.01599968656688 
0.00140000000000 0.00130000000000 0.00160000000000 0.00140000000000 0.01541392579598 0.01408607684718 0.01930521328585 0.01535310532386 0.01564898594500 0.00170000000000 0.01732388065882 0.00930000000000 0.03352535200001 0.01685545689259 0.05078125289483 0.02102848678926 0.00120000000000 0.00120000000000 0.00130000000000 0.00120000000000 0.00180000000000 0.00150000000000 0.00690000000000 0.00190000000000 0.00140000000000 0.00130000000000 0.00160000000000 0.00140000000000 0.01554531095960 0.00870000000000 0.01932974003946 0.00870000000000 
0.04158112562553 0.00200000000000 0.01743368094001 0.10141076692769 0.10794021676287 0.02915018020260 0.03326153591520 0.07492698949074 0.01833474803779 0.00150000000000 0.02105269274977 0.01557560073141 0.09849882101803 0.01942992713458 0.10625698029755 0.07006569815113 0.01873633786326 0.00150000000000 0.02069906945628 0.01588439533893 0.05720402984616 0.01776960681126 0.05775812001329 0.04624303385977 0.01393571233046 0.00130000000000 0.03729656735951 0.00200000000000 0.02567142381735 0.00180000000000 0.11776882457543 0.05028578691651 
0.01653004407876 0.02071216387448 0.00220000000000 0.00640000000000 0.00170000000000 0.01326165173214 0.00150000000000 0.00170000000000 0.01663957414064 0.02113109982642 0.00230000000000 0.00650000000000 0.00180000000000 0.01336257546420 0.00150000000000 0.00180000000000 0.03794714498460 0.01979347300962 0.01668809026887 0.00310000000000 0.01697306408138 0.02286164582473 0.00260000000000 0.00710000000000 0.03295373941651 0.01914933302921 0.01597152795700 0.00290000000000 0.01709104082682 0.02368029196823 0.00270000000000 0.00730000000000 
0.01643177759019 0.02110594264431 0.02217028702256 0.03520130028322 0.00230000000000 0.01872574156349 0.01797693510557 0.02366744256518 0.00130000000000 0.00140000000000 0.00160000000000 0.00190000000000 0.00120000000000 0.00130000000000 0.00140000000000 0.00150000000000 0.03089423099504 0.04327534923144 0.01677457794189 0.02073090928356 0.03069792184129 0.04306949446140 0.02181714472842 0.02826779320858 0.01852064902238 0.02097997752910 0.02099807331382 0.02577270050408 0.00180000000000 0.01527017307883 0.01911828378361 0.02224944072973 
0.03000860837198 0.10719749748800 0.02297283233718 0.01437099980613 0.01936793638413 0.00170000000000 0.00130000000000 0.00120000000000 0.02245848696115 0.07188586589991 0.02630640277571 0.02201375681657 0.02083461183546 0.01585800955838 0.00140000000000 0.00130000000000 0.01748433410328 0.03058560083774 0.02271093320114 0.00260000000000 0.01563970965023 0.00180000000000 0.00140000000000 0.00130000000000 0.01453608458148 0.10369639296969 0.05213017080440 0.05498698856377 0.03948909705185 0.00220000000000 0.00150000000000 0.00130000000000 
0.02163842594498 0.02992284729660 0.00160000000000 0.00180000000000 0.01773246251826 0.01808957889224 0.01860991830462 0.02851683908389 0.02143384824167 0.02972723134629 0.00160000000000 0.00170000000000 0.01743232865050 0.01817257392119 0.01829271539244 0.02829717259446 0.02152296387129 0.03235389992791 0.00160000000000 0.00170000000000 0.00230000000000 0.00190000000000 0.01822061294016 0.03082815304869 0.02130742027385 0.03197816196660 0.00160000000000 0.00170000000000 0.00230000000000 0.00190000000000 0.01799129321760 0.03049153569497 
0.00210000000000 0.02185517227799 0.02003153409418 0.01416450794606 0.01274777985135 0.04396369396752 0.02050532561221 0.01799165683133 0.00160000000000 0.02236187663439 0.01514030117093 0.00240000000000 0.00150000000000 0.02018128315198 0.01424566804617 0.01747918247080 0.00140000000000 0.00680000000000 0.00210000000000 0.01815403999138 0.00140000000000 0.01435436578254 0.01298508979810 0.02859960460724 0.00130000000000 0.00240000000000 0.00160000000000 0.01632751197256 0.00130000000000 0.00210000000000 0.00150000000000 0.02172021089436 
0.01863498032552 0.01524134623811 0.02109936877650 0.01710333294692 0.01853163541131 0.01512168829216 0.02101020944371 0.01700022068814 0.01998200400132 0.01601917732287 0.02269181451570 0.01792599085475 0.01988095062470 0.01590535733405 0.02270280065759 0.01782308612527 0.05500219845956 0.02032130414979 0.06909590922096 0.02378299669644 0.06325259291999 0.02030925799443 0.05132602807438 0.02388348931790 0.04722692516397 0.02270501826445 0.03401995659147 0.02690666483783 0.03902205176082 0.02279252255012 0.03137241416609 0.02731021451380 
0.01924972716589 0.01404979510174 0.01870785385949 0.00250000000000 0.01728658039374 0.00210000000000 0.01682099143009 0.00200000000000 0.00920000000000 0.00180000000000 0.00240000000000 0.00180000000000 0.00200000000000 0.00160000000000 0.00200000000000 0.00160000000000 0.04827136585980 0.10170601703657 0.05336118249087 0.01826951606891 0.10230711582615 0.01771624743941 0.10249840808420 0.01447160464674 0.02155443664129 0.00290000000000 0.01485385549430 0.00270000000000 0.01963043470464 0.00220000000000 0.00750000000000 0.00220000000000 
0.10784598208767 0.06315447937875 0.10319182832528 0.05518065269225 0.02495459589255 0.03980702294858 0.02760826238897 0.11133667737397 0.02357722727266 0.02347429029683 0.02275939498444 0.02275845298689 0.05431181572679 0.04127287965821 0.04523134073980 0.03768204424362 0.01978588605998 0.02318707993414 0.02048843756518 0.02431589501950 0.01757781541675 0.01973006488582 0.01799600190656 0.02033060285702 0.02656196951822 0.03576309925957 0.02885608527957 0.04080204762493 0.02072986472656 0.02450705205000 0.02145541072662 0.02574706667353 
0.01842654717537 0.01743252275594 0.01641089356648 0.01549343767515 0.01451431326447 0.00740000000000 0.00180000000000 0.00170000000000 0.01571584994469 0.01504330953912 0.00200000000000 0.00190000000000 0.00200000000000 0.00180000000000 0.00160000000000 0.00150000000000 0.00620000000000 0.00610000000000 0.00180000000000 0.00170000000000 0.00170000000000 0.00160000000000 0.00150000000000 0.00140000000000 0.00190000000000 0.00170000000000 0.00160000000000 0.00150000000000 0.00150000000000 0.00150000000000 0.00140000000000 0.00130000000000 
0.00140000000000 0.00150000000000 0.00130000000000 0.00130000000000 0.00130000000000 0.00130000000000 0.00120000000000 0.00120000000000 0.00140000000000 0.00140000000000 0.00120000000000 0.00130000000000 0.00120000000000 0.00130000000000 0.00110000000000 0.00120000000000 0.00130000000000 0.00130000000000 0.00120000000000 0.00120000000000 0.00120000000000 0.00120000000000 0.00110000000000 0.00110000000000 0.00120000000000 0.00130000000000 0.00110000000000 0.00120000000000 0.00110000000000 0.00120000000000 0.00110000000000 0.00110000000000 
0.00170000000000 0.00150000000000 0.00230000000000 0.00180000000000 0.00160000000000 0.00150000000000 0.00200000000000 0.00170000000000 0.00230000000000 0.00180000000000 0.00810000000000 0.00620000000000 0.00190000000000 0.00160000000000 0.01464167247144 0.00200000000000 0.01525564340505 0.00740000000000 0.01649097067630 0.00860000000000 0.01545541848394 0.00760000000000 0.01669279567498 0.01492925291354 0.01706311443579 0.01545962235860 0.01941478121283 0.01651002714518 0.01737395354349 0.01557922525538 0.01973383267071 0.01679980784643 
0.01460389644888 0.01555794462973 0.00750000000000 0.00930000000000 0.00200000000000 0.00670000000000 0.00650000000000 0.00760000000000 0.01618621658784 0.01815340838285 0.00980000000000 0.01622033788205 0.01479406340383 0.01584394937677 0.00800000000000 0.00980000000000 0.00120000000000 0.00130000000000 0.00140000000000 0.00150000000000 0.00120000000000 0.00120000000000 0.00130000000000 0.00140000000000 0.00130000000000 0.00140000000000 0.00150000000000 0.00170000000000 0.00120000000000 0.00130000000000 0.00140000000000 0.00160000000000 
0.05545432656621 0.00530000000000 0.02150503232403 0.03670604596977 0.03662308826930 0.04306420558872 0.01845059378018 0.02682489573628 0.00220000000000 0.01926104325100 0.00160000000000 0.00760000000000 0.00550000000000 0.01633818863039 0.00160000000000 0.00940000000000 0.02264874351176 0.00550000000000 0.01592658703423 0.02389150034799 0.01811473600568 0.03625049766253 0.00950000000000 0.02057531208516 0.00160000000000 0.00210000000000 0.00140000000000 0.00170000000000 0.00150000000000 0.00660000000000 0.00140000000000 0.00160000000000 
0.00190000000000 0.00180000000000 0.00200000000000 0.00200000000000 0.03460919841674 0.03084931851525 0.00690000000000 0.00700000000000 0.01615309891764 0.01594561897744 0.01688764471831 0.01668099737442 0.11485781152223 0.10986917018981 0.10369665875240 0.10311592370752 0.00190000000000 0.00190000000000 0.00210000000000 0.00200000000000 0.04548907170764 0.03720378539275 0.00670000000000 0.00680000000000 0.01668032472955 0.01646577474103 0.01740951894967 0.01719404616078 0.10864749702185 0.11216598157994 0.05110207929634 0.10334589548952 
0.00140000000000 0.00130000000000 0.00110000000000 0.00110000000000 0.00140000000000 0.00130000000000 0.00110000000000 0.00110000000000 0.00150000000000 0.00140000000000 0.00110000000000 0.00110000000000 0.00150000000000 0.00140000000000 0.00110000000000 0.00110000000000 0.00130000000000 0.00120000000000 0.00110000000000 0.00100000000000 0.00130000000000 0.00120000000000 0.00110000000000 0.00100000000000 0.00130000000000 0.00130000000000 0.00110000000000 0.00100000000000 0.00130000000000 0.00130000000000 0.00110000000000 0.00110000000000 
0.00190000000000 0.00140000000000 0.00140000000000 0.00120000000000 0.03680576557173 0.01669718055583 0.00230000000000 0.00160000000000 0.00120000000000 0.00110000000000 0.00110000000000 0.00110000000000 0.00170000000000 0.00140000000000 0.00130000000000 0.00120000000000 0.00170000000000 0.00140000000000 0.00130000000000 0.00120000000000 0.02451148008282 0.01516799042140 0.00200000000000 0.00150000000000 0.00120000000000 0.00110000000000 0.00110000000000 0.00110000000000 0.00160000000000 0.00130000000000 0.00130000000000 0.00120000000000 
0.00150000000000 0.00150000000000 0.01615032368359 0.01702749206965 0.00120000000000 0.00120000000000 0.00170000000000 0.00180000000000 0.01514780796043 0.01703385485916 0.02661432932451 0.10649266827483 0.00150000000000 0.00150000000000 0.01667454410162 0.01656466817733 0.00140000000000 0.00140000000000 0.01376227574271 0.01649539122584 0.00120000000000 0.00120000000000 0.00160000000000 0.00160000000000 0.00720000000000 0.01606236322216 0.03666618479822 0.04609254690586 0.00140000000000 0.00140000000000 0.01370185121527 0.01611984110033 
0.00180000000000 0.02191747244991 0.01749740306020 0.10393934592843 0.00130000000000 0.00180000000000 0.00160000000000 0.01840135066046 0.00130000000000 0.00160000000000 0.00150000000000 0.01585929261925 0.00110000000000 0.00130000000000 0.00120000000000 0.00150000000000 0.01403769950172 0.03640030003090 0.02141525956422 0.10266335096672 0.00140000000000 0.00240000000000 0.00190000000000 0.02367649934759 0.00130000000000 0.00190000000000 0.00170000000000 0.01904531558148 0.00110000000000 0.00130000000000 0.00130000000000 0.00170000000000 
0.02502128496033 0.00200000000000 0.00150000000000 0.01969938343537 0.02255176523768 0.00220000000000 0.00140000000000 0.01781259666242 0.01739176541904 0.00130000000000 0.01597732860169 0.01607936923218 0.01864998808833 0.00130000000000 0.01514815038722 0.01730088445620 0.02802692111466 0.00190000000000 0.00150000000000 0.02255207967529 0.02461784056699 0.00210000000000 0.00140000000000 0.01967122495375 0.01747394741415 0.00130000000000 0.01671696372300 0.01624760006626 0.01872611665426 0.00130000000000 0.01585378669776 0.01747335289046 
0.00140000000000 0.00110000000000 0.00120000000000 0.00110000000000 0.02027677084555 0.00160000000000 0.00210000000000 0.00130000000000 0.00140000000000 0.00110000000000 0.00120000000000 0.00110000000000 0.04002929094479 0.00160000000000 0.00200000000000 0.00130000000000 0.00140000000000 0.00110000000000 0.00120000000000 0.00100000000000 0.01615381291033 0.00150000000000 0.00190000000000 0.00120000000000 0.00140000000000 0.00110000000000 0.00120000000000 0.00110000000000 0.02198019530924 0.00150000000000 0.00180000000000 0.00120000000000 
0.01670315910622 0.02249269379386 0.01786413397518 0.00130000000000 0.01672629095836 0.02051792894237 0.01703111283646 0.00130000000000 0.01814694994192 0.01540288222993 0.01311201841727 0.00120000000000 0.01853290965624 0.01489100267605 0.01276168996928 0.00120000000000 0.00140000000000 0.01631741594524 0.01967002993774 0.00160000000000 0.00140000000000 0.01652342675069 0.02026166567019 0.00160000000000 0.00160000000000 0.02077650283353 0.00850000000000 0.00150000000000 0.00160000000000 0.02334721080128 0.00780000000000 0.00150000000000 
0.00170000000000 0.02971530801593 0.00170000000000 0.04005618897838 0.00220000000000 0.08650593161852 0.00210000000000 0.08693309111259 0.00140000000000 0.01785317509636 0.00140000000000 0.01820715196838 0.00160000000000 0.03020434337412 0.00160000000000 0.03554820877412 0.01981081448294 0.11030435415700 0.02153533935589 0.10538599695900 0.10588466370275 0.01705550660817 0.10457184805912 0.01669816872486 0.01679906420435 0.02737330102166 0.01713360333705 0.02966291266437 0.02265155698819 0.10621450732836 0.02401179667022 0.11043033152976 
0.03714286443188 0.03383446933423 0.04936617959985 0.02332039181537 0.01578247961845 0.01592143572511 0.01601038948515 0.01682944482409 0.06167360926396 0.02524454761592 0.03218280153222 0.02021341153460 0.01635223814079 0.01686390481966 0.01668415073178 0.01811244679781 0.03465625199475 0.03688347667083 0.04079269191280 0.02412661313261 0.01556709898749 0.01569699969614 0.01579312139849 0.01652461587292 0.05035095837949 0.02635634020564 0.03497209717814 0.02071209244233 0.01612709596444 0.01654655652018 0.01645732378546 0.01762837598302 
0.00190000000000 0.00150000000000 0.00190000000000 0.00150000000000 0.01631489816393 0.00250000000000 0.01660153188636 0.00280000000000 0.00190000000000 0.00150000000000 0.00190000000000 0.00150000000000 0.01629376754439 0.00250000000000 0.01657481644889 0.00280000000000 0.00160000000000 0.00130000000000 0.00160000000000 0.00140000000000 0.00780000000000 0.00180000000000 0.00790000000000 0.00190000000000 0.00150000000000 0.00130000000000 0.00160000000000 0.00140000000000 0.00780000000000 0.00180000000000 0.00790000000000 0.00180000000000 
0.02143695072680 0.02103486970719 0.00180000000000 0.00180000000000 0.00160000000000 0.00150000000000 0.00120000000000 0.00120000000000 0.02815220341547 0.02696536896811 0.00200000000000 0.00200000000000 0.00170000000000 0.00170000000000 0.00130000000000 0.00130000000000 0.00190000000000 0.00200000000000 0.01637264730352 0.01649078662521 0.03575131393321 0.03981741722259 0.01425390800486 0.01416562881337 0.00170000000000 0.00180000000000 0.00910000000000 0.01564365363713 0.02655431026891 0.02784146396894 0.01851948342961 0.01833361730641 
0.02522648551850 0.10674063770047 0.00210000000000 0.00160000000000 0.01805628154061 0.11529511060835 0.01555307426672 0.00190000000000 0.01554506576705 0.00190000000000 0.00130000000000 0.00120000000000 0.01705845954826 0.01526532688101 0.00130000000000 0.00120000000000 0.00960000000000 0.02264415217434 0.02624616350189 0.02161730967227 0.00980000000000 0.01795192523366 0.03239218066790 0.02496969874040 0.02490315919507 0.02241811902833 0.00160000000000 0.00140000000000 0.03736833252339 0.02575525550830 0.00190000000000 0.00150000000000 
0.03335138741212 0.00170000000000 0.00640000000000 0.01600769200771 0.00230000000000 0.00120000000000 0.01896901768973 0.00130000000000 0.01441451473139 0.00130000000000 0.00370000000000 0.00150000000000 0.00140000000000 0.00110000000000 0.00180000000000 0.00120000000000 0.02462445911835 0.00140000000000 0.02759577016407 0.00180000000000 0.00160000000000 0.00110000000000 0.01641520831842 0.00120000000000 0.00210000000000 0.00120000000000 0.01772240872269 0.00130000000000 0.00120000000000 0.00100000000000 0.00150000000000 0.00110000000000 
0.00140000000000 0.00140000000000 0.02690593879205 0.02903099961185 0.00140000000000 0.00140000000000 0.02530198493809 0.02658953273851 0.00130000000000 0.00130000000000 0.01523644558949 0.01566536142728 0.00120000000000 0.00120000000000 0.01635292174433 0.01678481128696 0.00140000000000 0.00140000000000 0.02661549262417 0.02872210418262 0.00140000000000 0.00140000000000 0.02519400002947 0.02639265622760 0.00130000000000 0.00130000000000 0.01522771014906 0.01565587909988 0.00120000000000 0.00120000000000 0.01634370597703 0.01677500309898 
0.00180000000000 0.00150000000000 0.00180000000000 0.00150000000000 0.00160000000000 0.00140000000000 0.00170000000000 0.00140000000000 0.00150000000000 0.00140000000000 0.00160000000000 0.00140000000000 0.00150000000000 0.00130000000000 0.00150000000000 0.00130000000000 0.02992944935596 0.01882433735651 0.03118887731249 0.01936391644569 0.02313817626441 0.01790881669999 0.02398715312403 0.01834023107267 0.02080067959502 0.01641316286043 0.02144778704507 0.01685559208089 0.01926725769262 0.01600144857242 0.01980106223334 0.01642936772990 
0.00160000000000 0.00190000000000 0.00160000000000 0.00190000000000 0.04071255602987 0.01340980007412 0.03709359806946 0.01340422837533 0.00170000000000 0.00230000000000 0.00180000000000 0.00230000000000 0.01394537019833 0.00170000000000 0.01393348296428 0.00160000000000 0.02221074993648 0.01706315803778 0.02284205152558 0.01837831525118 0.03318337369333 0.01893555967607 0.03039211430246 0.01874045534221 0.01780633086814 0.04556644369506 0.01838685263303 0.04618456100840 0.01671414388687 0.00140000000000 0.01661850569165 0.00140000000000 
0.00150000000000 0.00150000000000 0.00200000000000 0.00210000000000 0.01727173541180 0.01737305683075 0.03477001800052 0.07576931327355 0.00170000000000 0.00170000000000 0.00270000000000 0.00280000000000 0.01431185462146 0.01440837691308 0.08794108144486 0.09377767710230 0.00650000000000 0.00660000000000 0.02277654137500 0.02409416256748 0.06962881468630 0.06964350111994 0.07052318104468 0.06759730388208 0.00650000000000 0.00660000000000 0.00810000000000 0.00780000000000 0.02371967844712 0.02304535866379 0.01843462062631 0.01829985633383 
0.00160000000000 0.00230000000000 0.00130000000000 0.00160000000000 0.00140000000000 0.00180000000000 0.00120000000000 0.00140000000000 0.00680000000000 0.02351374794706 0.00180000000000 0.00320000000000 0.01520349917738 0.02313114703164 0.00150000000000 0.00220000000000 0.00130000000000 0.00140000000000 0.00120000000000 0.00130000000000 0.00120000000000 0.00130000000000 0.00110000000000 0.00120000000000 0.00160000000000 0.00210000000000 0.00140000000000 0.00160000000000 0.00140000000000 0.00170000000000 0.00120000000000 0.00140000000000 
0.00670000000000 0.00250000000000 0.00170000000000 0.00190000000000 0.00130000000000 0.00140000000000 0.00120000000000 0.00130000000000 0.00200000000000 0.00220000000000 0.00160000000000 0.00170000000000 0.00130000000000 0.00130000000000 0.00120000000000 0.00120000000000 0.01503509630668 0.00630000000000 0.00190000000000 0.00210000000000 0.00140000000000 0.00150000000000 0.00130000000000 0.00130000000000 0.01461816773814 0.00610000000000 0.00170000000000 0.00190000000000 0.00130000000000 0.00140000000000 0.00120000000000 0.00130000000000 
0.01853199541738 0.01872524396994 0.01556586213399 0.01630652236045 0.00170000000000 0.00170000000000 0.02810437354364 0.04598240825178 0.01869066030149 0.01979912311720 0.00140000000000 0.00140000000000 0.03043671014618 0.02787126618662 0.00170000000000 0.00170000000000 0.02533359867279 0.02502626948891 0.01515340077837 0.01577775362742 0.00210000000000 0.00210000000000 0.01868425095495 0.02058118075871 0.01745283237219 0.01817907989948 0.00130000000000 0.00130000000000 0.02679061027464 0.03285176991262 0.00160000000000 0.00160000000000 
0.00160000000000 0.05968319768107 0.00150000000000 0.03019175323933 0.00140000000000 0.02459646298476 0.00140000000000 0.02100532197293 0.00130000000000 0.02100767360897 0.00130000000000 0.01968920034031 0.00130000000000 0.01825766399489 0.00120000000000 0.01628201119918 0.00170000000000 0.04164029167972 0.00160000000000 0.02884380920241 0.00150000000000 0.02487233138917 0.00140000000000 0.02182588078404 0.00140000000000 0.02173755046778 0.00130000000000 0.02043298070787 0.00130000000000 0.01907835535427 0.00120000000000 0.01557787418361 
0.01916122408813 0.04074346760114 0.00170000000000 0.01975231714136 0.03317361533779 0.01899200228606 0.02112860110797 0.05891541856071 0.02119160365118 0.03566068839437 0.00210000000000 0.02122147734192 0.03132677975263 0.01825401020849 0.02242616079672 0.05196474180424 0.02860367530586 0.03471242346096 0.01787869296478 0.02105492854324 0.04269375697634 0.01920915187608 0.02658773248103 0.03377262344949 0.02846051198049 0.03347517413961 0.01893107064005 0.02052669379476 0.03974722550087 0.01896345686495 0.02790218061844 0.03170771200315 
0.00200000000000 0.00140000000000 0.00200000000000 0.00140000000000 0.00190000000000 0.00140000000000 0.00190000000000 0.00140000000000 0.00160000000000 0.00130000000000 0.00160000000000 0.00130000000000 0.00160000000000 0.00130000000000 0.00160000000000 0.00130000000000 0.00190000000000 0.00140000000000 0.00200000000000 0.00140000000000 0.00180000000000 0.00130000000000 0.00190000000000 0.00140000000000 0.00160000000000 0.00130000000000 0.00160000000000 0.00130000000000 0.00160000000000 0.00130000000000 0.00160000000000 0.00130000000000 
0.04409929983590 0.00210000000000 0.04366108937052 0.01549710048534 0.05989397186618 0.01929909541766 0.04178306530221 0.02120706200672 0.02249403267718 0.00190000000000 0.02575863449257 0.01393601133391 0.02911763481424 0.01668200276055 0.02984076506650 0.01872221011923 0.07416655441091 0.00220000000000 0.05213873247391 0.01594453295707 0.08843787548367 0.02025356002440 0.04652675602767 0.02191537106404 0.02410475621295 0.00190000000000 0.02753988410968 0.01419102107886 0.03062408019472 0.01709196015602 0.03124799356607 0.01912929447024 
0.01843352910332 0.02087965926705 0.02476617034520 0.02872540770280 0.02486281002568 0.02562786452436 0.02662780732077 0.02884313124821 0.02453233531170 0.02549231300420 0.03289949801864 0.03092518755555 0.01916524519445 0.02208699384471 0.02684128378065 0.02709537031738 0.00150000000000 0.00170000000000 0.01596939881413 0.01800391926060 0.00160000000000 0.00190000000000 0.01815043035408 0.01963966398554 0.00250000000000 0.01638484024440 0.01948977732464 0.02101969866421 0.01444020974240 0.01772649139534 0.02285722804910 0.02386598710581 
0.02205622346839 0.03529608748395 0.01702793205917 0.03539699571060 0.02285372949903 0.03722096695906 0.10270430448643 0.08351496236407 0.03647809349906 0.05066200604242 0.01928348432690 0.10673989743322 0.01466079391035 0.02359975850286 0.01554771471476 0.10215877216657 0.03048765703965 0.03712774648410 0.10201431831261 0.03322837459396 0.02875212728806 0.07598611599524 0.10476397007666 0.07460487971247 0.04643968718779 0.05844800523538 0.10452280916220 0.11114502290795 0.01699755780571 0.02573712635944 0.02001517141123 0.10237702474416 
0.01595677964557 0.01537404213204 0.01748868226756 0.01646074111879 0.00130000000000 0.00130000000000 0.00140000000000 0.00130000000000 0.00250000000000 0.00220000000000 0.01485299971951 0.00270000000000 0.00130000000000 0.00130000000000 0.00130000000000 0.00130000000000 0.01375917194278 0.00200000000000 0.01510299897575 0.01391587152651 0.00120000000000 0.00120000000000 0.00130000000000 0.00130000000000 0.00190000000000 0.00180000000000 0.00210000000000 0.00190000000000 0.00120000000000 0.00120000000000 0.00120000000000 0.00120000000000 
0.00150000000000 0.00160000000000 0.00120000000000 0.00120000000000 0.00160000000000 0.00160000000000 0.00120000000000 0.00120000000000 0.00120000000000 0.00120000000000 0.00110000000000 0.00110000000000 0.00120000000000 0.00120000000000 0.00110000000000 0.00110000000000 0.02451143648325 0.02563013181455 0.00950000000000 0.00950000000000 0.02634757119402 0.02757471802170 0.00940000000000 0.00940000000000 0.00190000000000 0.00190000000000 0.00130000000000 0.00130000000000 0.00190000000000 0.00200000000000 0.00130000000000 0.00130000000000 
0.01450866450545 0.00190000000000 0.02182064061369 0.01875496329738 0.03749986505913 0.02574972101680 0.11938408880986 0.03892000038586 0.01664091185235 0.01671566897247 0.02666387064823 0.02366807473719 0.03330694966763 0.04043899765372 0.10653848010732 0.06971532542112 0.00750000000000 0.00680000000000 0.02205319686569 0.01915814973132 0.02807812417304 0.02833114967850 0.03647657240059 0.04974026576605 0.01620285508631 0.01593306805431 0.02775029301651 0.02378042153187 0.02030320465642 0.03804293172893 0.02631622125186 0.04758205834185 
0.01628057784894 0.00240000000000 0.02126928921151 0.00640000000000 0.00160000000000 0.00150000000000 0.02553663258089 0.01540515129906 0.02861211806418 0.01975068147495 0.10197705345241 0.00210000000000 0.00210000000000 0.00180000000000 0.12044170107709 0.05317439631443 0.00130000000000 0.00130000000000 0.01814522480657 0.01621400567029 0.00120000000000 0.00110000000000 0.00150000000000 0.00140000000000 0.00150000000000 0.00140000000000 0.02428466917035 0.02065466179703 0.00120000000000 0.00120000000000 0.01701908262926 0.00160000000000 
0.02473471499382 0.01811725161948 0.00190000000000 0.01652446442447 0.02134426676462 0.01685284922295 0.00200000000000 0.01632449301311 0.04257652215460 0.02601892724363 0.00150000000000 0.00180000000000 0.05737423053543 0.02181145134392 0.00160000000000 0.00190000000000 0.01523669094412 0.00190000000000 0.01759906070607 0.02662694519842 0.01432738840126 0.00180000000000 0.01730386881847 0.02724210542287 0.01883690567400 0.01431755717001 0.00210000000000 0.01634191576007 0.01605685877859 0.00760000000000 0.00220000000000 0.01614394785544 
0.00160000000000 0.00120000000000 0.00190000000000 0.00120000000000 0.01610859534904 0.00130000000000 0.01548496921835 0.00140000000000 0.00120000000000 0.00100000000000 0.00120000000000 0.00110000000000 0.00140000000000 0.00110000000000 0.00150000000000 0.00110000000000 0.00180000000000 0.00120000000000 0.00630000000000 0.00120000000000 0.02027190537574 0.00140000000000 0.02066051537666 0.00150000000000 0.00120000000000 0.00100000000000 0.00130000000000 0.00110000000000 0.00150000000000 0.00110000000000 0.00160000000000 0.00110000000000 
0.00150000000000 0.00170000000000 0.02194702690550 0.02397160343084 0.00120000000000 0.00130000000000 0.00190000000000 0.01294153441996 0.00150000000000 0.00160000000000 0.01675808398423 0.01685276193656 0.00120000000000 0.00120000000000 0.00170000000000 0.00200000000000 0.00220000000000 0.00670000000000 0.10336132723925 0.02539248968707 0.00140000000000 0.00150000000000 0.01800581132455 0.01784425095109 0.00180000000000 0.00220000000000 0.03652132424757 0.02513459414273 0.00130000000000 0.00140000000000 0.01360948549977 0.01373334481778 
0.00150000000000 0.03119348493223 0.00120000000000 0.00190000000000 0.01878567096207 0.10754082375213 0.00130000000000 0.02226130282958 0.00120000000000 0.00170000000000 0.00100000000000 0.00120000000000 0.00130000000000 0.02073299137073 0.00110000000000 0.00130000000000 0.00150000000000 0.02254954635147 0.00110000000000 0.00170000000000 0.01679447686372 0.11366979692677 0.00130000000000 0.02041935344576 0.00110000000000 0.00160000000000 0.00100000000000 0.00120000000000 0.00120000000000 0.01846353054768 0.00110000000000 0.00130000000000 
0.00170000000000 0.00820000000000 0.00140000000000 0.00210000000000 0.00120000000000 0.00140000000000 0.00110000000000 0.00130000000000 0.00170000000000 0.01516758898058 0.00140000000000 0.00210000000000 0.00120000000000 0.00140000000000 0.00110000000000 0.00130000000000 0.00150000000000 0.00230000000000 0.00130000000000 0.00170000000000 0.00110000000000 0.00130000000000 0.00110000000000 0.00120000000000 0.00150000000000 0.00230000000000 0.00130000000000 0.00170000000000 0.00110000000000 0.00130000000000 0.00110000000000 0.00120000000000 
0.00150000000000 0.02306918810417 0.00170000000000 0.11063057082670 0.00120000000000 0.00160000000000 0.00120000000000 0.00210000000000 0.00150000000000 0.02439400926788 0.00180000000000 0.11178436065270 0.00120000000000 0.00160000000000 0.00120000000000 0.00220000000000 0.00140000000000 0.02450560854702 0.00160000000000 0.10472193857552 0.00110000000000 0.00150000000000 0.00120000000000 0.00180000000000 0.00150000000000 0.02590478508968 0.00170000000000 0.10574604701858 0.00110000000000 0.00160000000000 0.00120000000000 0.00190000000000 
0.00230000000000 0.01519544777621 0.00150000000000 0.00160000000000 0.00140000000000 0.00150000000000 0.00120000000000 0.00120000000000 0.00170000000000 0.00190000000000 0.00130000000000 0.00140000000000 0.00130000000000 0.00130000000000 0.00110000000000 0.00120000000000 0.01708912574723 0.01970035090403 0.00160000000000 0.00180000000000 0.00150000000000 0.00160000000000 0.00120000000000 0.00130000000000 0.00190000000000 0.00240000000000 0.00140000000000 0.00150000000000 0.00130000000000 0.00140000000000 0.00120000000000 0.00120000000000 
0.00190000000000 0.01730507041735 0.00600000000000 0.01884883192544 0.03573393865163 0.02257145725761 0.00910000000000 0.00880000000000 0.00190000000000 0.01730609993977 0.00600000000000 0.01884769220032 0.03573072863659 0.02257037933368 0.00910000000000 0.00880000000000 0.00190000000000 0.01760796689462 0.00540000000000 0.01957682298989 0.03766445242710 0.02554490703545 0.00920000000000 0.00890000000000 0.00190000000000 0.01760896993223 0.00540000000000 0.01957549356237 0.03766086429195 0.02554396203711 0.00920000000000 0.00890000000000 
0.01747239932825 0.02070464615805 0.02184939764347 0.02991881429678 0.12643552968792 0.04540091464973 0.05970046194085 0.10643881037065 0.01531858709005 0.01725068301141 0.01809507010188 0.02164190789384 0.01664326048863 0.13166218798225 0.12683398394446 0.08153608554532 0.01726377113217 0.02039680375822 0.02153357795697 0.02901738440137 0.13044837979690 0.04517837375348 0.05499985902593 0.07196230773490 0.01520827586312 0.01704263411341 0.01788502926349 0.02132573395017 0.01622171093741 0.13043182892388 0.12984654260342 0.10199555616259 
M_out
1 1 1 1 1 0 0 0 0 0 0 0 0 0 0 0 0 0 0 0 0 0 0 0 0 0 0 0 0 0 0 0 0 0 0 0 0 0 0 0 0 0 0 0 0 0 0 0 0 0 0 0 0 0 0 0 0 0 0 0 0 0 0 0 0 0 0 0 0 0 0 0 0 0 0 0 0 0 0 0 0 0 0 0 0 0 0 0 0 0 0 0 0 0 0 0 0 0 0 0 
0 1 1 1 1 1 0 0 0 0 0 0 0 0 0 0 0 0 0 0 0 0 0 0 0 0 0 0 0 0 0 0 0 0 0 0 0 0 0 0 0 0 0 0 0 0 0 0 0 0 0 0 0 0 0 0 0 0 0 0 0 0 0 0 0 0 0 0 0 0 0 0 0 0 0 0 0 0 0 0 0 0 0 0 0 0 0 0 0 0 0 0 0 0 0 0 0 0 0 0 
0 0 1 1 1 1 1 0 0 0 0 0 0 0 0 0 0 0 0 0 0 0 0 0 0 0 0 0 0 0 0 0 0 0 0 0 0 0 0 0 0 0 0 0 0 0 0 0 0 0 0 0 0 0 0 0 0 0 0 0 0 0 0 0 0 0 0 0 0 0 0 0 0 0 0 0 0 0 0 0 0 0 0 0 0 0 0 0 0 0 0 0 0 0 0 0 0 0 0 0 
0 0 0 1 1 1 1 1 0 0 0 0 0 0 0 0 0 0 0 0 0 0 0 0 0 0 0 0 0 0 0 0 0 0 0 0 0 0 0 0 0 0 0 0 0 0 0 0 0 0 0 0 0 0 0 0 0 0 0 0 0 0 0 0 0 0 0 0 0 0 0 0 0 0 0 0 0 0 0 0 0 0 0 0 0 0 0 0 0 0 0 0 0 0 0 0 0 0 0 0 
0 0 0 0 1 1 1 1 1 0 0 0 0 0 0 0 0 0 0 0 0 0 0 0 0 0 0 0 0 0 0 0 0 0 0 0 0 0 0 0 0 0 0 0 0 0 0 0 0 0 0 0 0 0 0 0 0 0 0 0 0 0 0 0 0 0 0 0 0 0 0 0 0 0 0 0 0 0 0 0 0 0 0 0 0 0 0 0 0 0 0 0 0 0 0 0 0 0 0 0 
0 0 0 0 0 1 1 1 1 1 0 0 0 0 0 0 0 0 0 0 0 0 0 0 0 0 0 0 0 0 0 0 0 0 0 0 0 0 0 0 0 0 0 0 0 0 0 0 0 0 0 0 0 0 0 0 0 0 0 0 0 0 0 0 0 0 0 0 0 0 0 0 0 0 0 0 0 0 0 0 0 0 0 0 0 0 0 0 0 0 0 0 0 0 0 0 0 0 0 0 
0 0 0 0 0 0 1 1 1 1 1 0 0 0 0 0 0 0 0 0 0 0 0 0 0 0 0 0 0 0 0 0 0 0 0 0 0 0 0 0 0 0 0 0 0 0 0 0 0 0 0 0 0 0 0 0 0 0 0 0 0 0 0 0 0 0 0 0 0 0 0 0 0 0 0 0 0 0 0 0 0 0 0 0 0 0 0 0 0 0 0 0 0 0 0 0 0 0 0 0 
0 0 0 0 0 0 0 1 1 1 1 1 0 0 0 0 0 0 0 0 0 0 0 0 0 0 0 0 0 0 0 0 0 0 0 0 0 0 0 0 0 0 0 0 0 0 0 0 0 0 0 0 0 0 0 0 0 0 0 0 0 0 0 0 0 0 0 0 0 0 0 0 0 0 0 0 0 0 0 0 0 0 0 0 0 0 0 0 0 0 0 0 0 0 0 0 0 0 0 0 
0 0 0 0 0 0 0 0 1 1 1 1 1 0 0 0 0 0 0 0 0 0 0 0 0 0 0 0 0 0 0 0 0 0 0 0 0 0 0 0 0 0 0 0 0 0 0 0 0 0 0 0 0 0 0 0 0 0 0 0 0 0 0 0 0 0 0 0 0 0 0 0 0 0 0 0 0 0 0 0 0 0 0 0 0 0 0 0 0 0 0 0 0 0 0 0 0 0 0 0 
0 0 0 0 0 0 0 0 0 1 1 1 1 1 0 0 0 0 0 0 0 0 0 0 0 0 0 0 0 0 0 0 0 0 0 0 0 0 0 0 0 0 0 0 0 0 0 0 0 0 0 0 0 0 0 0 0 0 0 0 0 0 0 0 0 0 0 0 0 0 0 0 0 0 0 0 0 0 0 0 0 0 0 0 0 0 0 0 0 0 0 0 0 0 0 0 0 0 0 0 
0 0 0 0 0 0 0 0 0 0 1 1 1 1 1 0 0 0 0 0 0 0 0 0 0 0 0 0 0 0 0 0 0 0 0 0 0 0 0 0 0 0 0 0 0 0 0 0 0 0 0 0 0 0 0 0 0 0 0 0 0 0 0 0 0 0 0 0 0 0 0 0 0 0 0 0 0 0 0 0 0 0 0 0 0 0 0 0 0 0 0 0 0 0 0 0 0 0 0 0 
0 0 0 0 0 0 0 0 0 0 0 1 1 1 1 1 0 0 0 0 0 0 0 0 0 0 0 0 0 0 0 0 0 0 0 0 0 0 0 0 0 0 0 0 0 0 0 0 0 0 0 0 0 0 0 0 0 0 0 0 0 0 0 0 0 0 0 0 0 0 0 0 0 0 0 0 0 0 0 0 0 0 0 0 0 0 0 0 0 0 0 0 0 0 0 0 0 0 0 0 
0 0 0 0 0 0 0 0 0 0 0 0 1 1 1 1 1 0 0 0 0 0 0 0 0 0 0 0 0 0 0 0 0 0 0 0 0 0 0 0 0 0 0 0 0 0 0 0 0 0 0 0 0 0 0 0 0 0 0 0 0 0 0 0 0 0 0 0 0 0 0 0 0 0 0 0 0 0 0 0 0 0 0 0 0 0 0 0 0 0 0 0 0 0 0 0 0 0 0 0 
0 0 0 0 0 0 0 0 0 0 0 0 0 1 1 1 1 1 0 0 0 0 0 0 0 0 0 0 0 0 0 0 0 0 0 0 0 0 0 0 0 0 0 0 0 0 0 0 0 0 0 0 0 0 0 0 0 0 0 0 0 0 0 0 0 0 0 0 0 0 0 0 0 0 0 0 0 0 0 0 0 0 0 0 0 0 0 0 0 0 0 0 0 0 0 0 0 0 0 0 
0 0 0 0 0 0 0 0 0 0 0 0 0 0 1 1 1 1 1 0 0 0 0 0 0 0 0 0 0 0 0 0 0 0 0 0 0 0 0 0 0 0 0 0 0 0 0 0 0 0 0 0 0 0 0 0 0 0 0 0 0 0 0 0 0 0 0 0 0 0 0 0 0 0 0 0 0 0 0 0 0 0 0 0 0 0 0 0 0 0 0 0 0 0 0 0 0 0 0 0 
0 0 0 0 0 0 0 0 0 0 0 0 0 0 0 1 1 1 1 1 0 0 0 0 0 0 0 0 0 0 0 0 0 0 0 0 0 0 0 0 0 0 0 0 0 0 0 0 0 0 0 0 0 0 0 0 0 0 0 0 0 0 0 0 0 0 0 0 0 0 0 0 0 0 0 0 0 0 0 0 0 0 0 0 0 0 0 0 0 0 0 0 0 0 0 0 0 0 0 0 
0 0 0 0 0 0 0 0 0 0 0 0 0 0 0 0 1 1 1 1 1 0 0 0 0 0 0 0 0 0 0 0 0 0 0 0 0 0 0 0 0 0 0 0 0 0 0 0 0 0 0 0 0 0 0 0 0 0 0 0 0 0 0 0 0 0 0 0 0 0 0 0 0 0 0 0 0 0 0 0 0 0 0 0 0 0 0 0 0 0 0 0 0 0 0 0 0 0 0 0 
0 0 0 0 0 0 0 0 0 0 0 0 0 0 0 0 0 1 1 1 1 1 0 0 0 0 0 0 0 0 0 0 0 0 0 0 0 0 0 0 0 0 0 0 0 0 0 0 0 0 0 0 0 0 0 0 0 0 0 0 0 0 0 0 0 0 0 0 0 0 0 0 0 0 0 0 0 0 0 0 0 0 0 0 0 0 0 0 0 0 0 0 0 0 0 0 0 0 0 0 
0 0 0 0 0 0 0 0 0 0 0 0 0 0 0 0 0 0 1 1 1 1 1 0 0 0 0 0 0 0 0 0 0 0 0 0 0 0 0 0 0 0 0 0 0 0 0 0 0 0 0 0 0 0 0 0 0 0 0 0 0 0 0 0 0 0 0 0 0 0 0 0 0 0 0 0 0 0 0 0 0 0 0 0 0 0 0 0 0 0 0 0 0 0 0 0 0 0 0 0 
0 0 0 0 0 0 0 0 0 0 0 0 0 0 0 0 0 0 0 1 1 1 1 1 0 0 0 0 0 0 0 0 0 0 0 0 0 0 0 0 0 0 0 0 0 0 0 0 0 0 0 0 0 0 0 0 0 0 0 0 0 0 0 0 0 0 0 0 0 0 0 0 0 0 0 0 0 0 0 0 0 0 0 0 0 0 0 0 0 0 0 0 0 0 0 0 0 0 0 0 
0 0 0 0 0 0 0 0 0 0 0 0 0 0 0 0 0 0 0 0 1 1 1 1 1 0 0 0 0 0 0 0 0 0 0 0 0 0 0 0 0 0 0 0 0 0 0 0 0 0 0 0 0 0 0 0 0 0 0 0 0 0 0 0 0 0 0 0 0 0 0 0 0 0 0 0 0 0 0 0 0 0 0 0 0 0 0 0 0 0 0 0 0 0 0 0 0 0 0 0 
0 0 0 0 0 0 0 0 0 0 0 0 0 0 0 0 0 0 0 0 0 1 1 1 1 1 0 0 0 0 0 0 0 0 0 0 0 0 0 0 0 0 0 0 0 0 0 0 0 0 0 0 0 0 0 0 0 0 0 0 0 0 0 0 0 0 0 0 0 0 0 0 0 0 0 0 0 0 0 0 0 0 0 0 0 0 0 0 0 0 0 0 0 0 0 0 0 0 0 0 
0 0 0 0 0 0 0 0 0 0 0 0 0 0 0 0 0 0 0 0 0 0 1 1 1 1 1 0 0 0 0 0 0 0 0 0 0 0 0 0 0 0 0 0 0 0 0 0 0 0 0 0 0 0 0 0 0 0 0 0 0 0 0 0 0 0 0 0 0 0 0 0 0 0 0 0 0 0 0 0 0 0 0 0 0 0 0 0 0 0 0 0 0 0 0 0 0 0 0 0 
0 0 0 0 0 0 0 0 0 0 0 0 0 0 0 0 0 0 0 0 0 0 0 1 1 1 1 1 0 0 0 0 0 0 0 0 0 0 0 0 0 0 0 0 0 0 0 0 0 0 0 0 0 0 0 0 0 0 0 0 0 0 0 0 0 0 0 0 0 0 0 0 0 0 0 0 0 0 0 0 0 0 0 0 0 0 0 0 0 0 0 0 0 0 0 0 0 0 0 0 
0 0 0 0 0 0 0 0 0 0 0 0 0 0 0 0 0 0 0 0 0 0 0 0 1 1 1 1 1 0 0 0 0 0 0 0 0 0 0 0 0 0 0 0 0 0 0 0 0 0 0 0 0 0 0 0 0 0 0 0 0 0 0 0 0 0 0 0 0 0 0 0 0 0 0 0 0 0 0 0 0 0 0 0 0 0 0 0 0 0 0 0 0 0 0 0 0 0 0 0 
0 0 0 0 0 0 0 0 0 0 0 0 0 0 0 0 0 0 0 0 0 0 0 0 0 1 1 1 1 1 0 0 0 0 0 0 0 0 0 0 0 0 0 0 0 0 0 0 0 0 0 0 0 0 0 0 0 0 0 0 0 0 0 0 0 0 0 0 0 0 0 0 0 0 0 0 0 0 0 0 0 0 0 0 0 0 0 0 0 0 0 0 0 0 0 0 0 0 0 0 
0 0 0 0 0 0 0 0 0 0 0 0 0 0 0 0 0 0 0 0 0 0 0 0 0 0 1 1 1 1 1 0 0 0 0 0 0 0 0 0 0 0 0 0 0 0 0 0 0 0 0 0 0 0 0 0 0 0 0 0 0 0 0 0 0 0 0 0 0 0 0 0 0 0 0 0 0 0 0 0 0 0 0 0 0 0 0 0 0 0 0 0 0 0 0 0 0 0 0 0 
0 0 0 0 0 0 0 0 0 0 0 0 0 0 0 0 0 0 0 0 0 0 0 0 0 0 0 1 1 1 1 1 0 0 0 0 0 0 0 0 0 0 0 0 0 0 0 0 0 0 0 0 0 0 0 0 0 0 0 0 0 0 0 0 0 0 0 0 0 0 0 0 0 0 0 0 0 0 0 0 0 0 0 0 0 0 0 0 0 0 0 0 0 0 0 0 0 0 0 0 
0 0 0 0 0 0 0 0 0 0 0 0 0 0 0 0 0 0 0 0 0 0 0 0 0 0 0 0 1 1 1 1 1 0 0 0 0 0 0 0 0 0 0 0 0 0 0 0 0 0 0 0 0 0 0 0 0 0 0 0 0 0 0 0 0 0 0 0 0 0 0 0 0 0 0 0 0 0 0 0 0 0 0 0 0 0 0 0 0 0 0 0 0 0 0 0 0 0 0 0 
0 0 0 0 0 0 0 0 0 0 0 0 0 0 0 0 0 0 0 0 0 0 0 0 0 0 0 0 0 1 1 1 1 1 0 0 0 0 0 0 0 0 0 0 0 0 0 0 0 0 0 0 0 0 0 0 0 0 0 0 0 0 0 0 0 0 0 0 0 0 0 0 0 0 0 0 0 0 0 0 0 0 0 0 0 0 0 0 0 0 0 0 0 0 0 0 0 0 0 0 
0 0 0 0 0 0 0 0 0 0 0 0 0 0 0 0 0 0 0 0 0 0 0 0 0 0 0 0 0 0 1 1 1 1 1 0 0 0 0 0 0 0 0 0 0 0 0 0 0 0 0 0 0 0 0 0 0 0 0 0 0 0 0 0 0 0 0 0 0 0 0 0 0 0 0 0 0 0 0 0 0 0 0 0 0 0 0 0 0 0 0 0 0 0 0 0 0 0 0 0 
0 0 0 0 0 0 0 0 0 0 0 0 0 0 0 0 0 0 0 0 0 0 0 0 0 0 0 0 0 0 0 1 1 1 1 1 0 0 0 0 0 0 0 0 0 0 0 0 0 0 0 0 0 0 0 0 0 0 0 0 0 0 0 0 0 0 0 0 0 0 0 0 0 0 0 0 0 0 0 0 0 0 0 0 0 0 0 0 0 0 0 0 0 0 0 0 0 0 0 0 
0 0 0 0 0 0 0 0 0 0 0 0 0 0 0 0 0 0 0 0 0 0 0 0 0 0 0 0 0 0 0 0 1 1 1 1 1 0 0 0 0 0 0 0 0 0 0 0 0 0 0 0 0 0 0 0 0 0 0 0 0 0 0 0 0 0 0 0 0 0 0 0 0 0 0 0 0 0 0 0 0 0 0 0 0 0 0 0 0 0 0 0 0 0 0 0 0 0 0 0 
0 0 0 0 0 0 0 0 0 0 0 0 0 0 0 0 0 0 0 0 0 0 0 0 0 0 0 0 0 0 0 0 0 1 1 1 1 1 0 0 0 0 0 0 0 0 0 0 0 0 0 0 0 0 0 0 0 0 0 0 0 0 0 0 0 0 0 0 0 0 0 0 0 0 0 0 0 0 0 0 0 0 0 0 0 0 0 0 0 0 0 0 0 0 0 0 0 0 0 0 
0 0 0 0 0 0 0 0 0 0 0 0 0 0 0 0 0 0 0 0 0 0 0 0 0 0 0 0 0 0 0 0 0 0 1 1 1 1 1 0 0 0 0 0 0 0 0 0 0 0 0 0 0 0 0 0 0 0 0 0 0 0 0 0 0 0 0 0 0 0 0 0 0 0 0 0 0 0 0 0 0 0 0 0 0 0 0 0 0 0 0 0 0 0 0 0 0 0 0 0 
0 0 0 0 0 0 0 0 0 0 0 0 0 0 0 0 0 0 0 0 0 0 0 0 0 0 0 0 0 0 0 0 0 0 0 1 1 1 1 1 0 0 0 0 0 0 0 0 0 0 0 0 0 0 0 0 0 0 0 0 0 0 0 0 0 0 0 0 0 0 0 0 0 0 0 0 0 0 0 0 0 0 0 0 0 0 0 0 0 0 0 0 0 0 0 0 0 0 0 0 
0 0 0 0 0 0 0 0 0 0 0 0 0 0 0 0 0 0 0 0 0 0 0 0 0 0 0 0 0 0 0 0 0 0 0 0 1 1 1 1 1 0 0 0 0 0 0 0 0 0 0 0 0 0 0 0 0 0 0 0 0 0 0 0 0 0 0 0 0 0 0 0 0 0 0 0 0 0 0 0 0 0 0 0 0 0 0 0 0 0 0 0 0 0 0 0 0 0 0 0 
0 0 0 0 0 0 0 0 0 0 0 0 0 0 0 0 0 0 0 0 0 0 0 0 0 0 0 0 0 0 0 0 0 0 0 0 0 1 1 1 1 1 0 0 0 0 0 0 0 0 0 0 0 0 0 0 0 0 0 0 0 0 0 0 0 0 0 0 0 0 0 0 0 0 0 0 0 0 0 0 0 0 0 0 0 0 0 0 0 0 0 0 0 0 0 0 0 0 0 0 
0 0 0 0 0 0 0 0 0 0 0 0 0 0 0 0 0 0 0 0 0 0 0 0 0 0 0 0 0 0 0 0 0 0 0 0 0 0 1 1 1 1 1 0 0 0 0 0 0 0 0 0 0 0 0 0 0 0 0 0 0 0 0 0 0 0 0 0 0 0 0 0 0 0 0 0 0 0 0 0 0 0 0 0 0 0 0 0 0 0 0 0 0 0 0 0 0 0 0 0 
0 0 0 0 0 0 0 0 0 0 0 0 0 0 0 0 0 0 0 0 0 0 0 0 0 0 0 0 0 0 0 0 0 0 0 0 0 0 0 1 1 1 1 1 0 0 0 0 0 0 0 0 0 0 0 0 0 0 0 0 0 0 0 0 0 0 0 0 0 0 0 0 0 0 0 0 0 0 0 0 0 0 0 0 0 0 0 0 0 0 0 0 0 0 0 0 0 0 0 0 
0 0 0 0 0 0 0 0 0 0 0 0 0 0 0 0 0 0 0 0 0 0 0 0 0 0 0 0 0 0 0 0 0 0 0 0 0 0 0 0 1 1 1 1 1 0 0 0 0 0 0 0 0 0 0 0 0 0 0 0 0 0 0 0 0 0 0 0 0 0 0 0 0 0 0 0 0 0 0 0 0 0 0 0 0 0 0 0 0 0 0 0 0 0 0 0 0 0 0 0 
0 0 0 0 0 0 0 0 0 0 0 0 0 0 0 0 0 0 0 0 0 0 0 0 0 0 0 0 0 0 0 0 0 0 0 0 0 0 0 0 0 1 1 1 1 1 0 0 0 0 0 0 0 0 0 0 0 0 0 0 0 0 0 0 0 0 0 0 0 0 0 0 0 0 0 0 0 0 0 0 0 0 0 0 0 0 0 0 0 0 0 0 0 0 0 0 0 0 0 0 
0 0 0 0 0 0 0 0 0 0 0 0 0 0 0 0 0 0 0 0 0 0 0 0 0 0 0 0 0 0 0 0 0 0 0 0 0 0 0 0 0 0 1 1 1 1 1 0 0 0 0 0 0 0 0 0 0 0 0 0 0 0 0 0 0 0 0 0 0 0 0 0 0 0 0 0 0 0 0 0 0 0 0 0 0 0 0 0 0 0 0 0 0 0 0 0 0 0 0 0 
0 0 0 0 0 0 0 0 0 0 0 0 0 0 0 0 0 0 0 0 0 0 0 0 0 0 0 0 0 0 0 0 0 0 0 0 0 0 0 0 0 0 0 1 1 1 1 1 0 0 0 0 0 0 0 0 0 0 0 0 0 0 0 0 0 0 0 0 0 0 0 0 0 0 0 0 0 0 0 0 0 0 0 0 0 0 0 0 0 0 0 0 0 0 0 0 0 0 0 0 
0 0 0 0 0 0 0 0 0 0 0 0 0 0 0 0 0 0 0 0 0 0 0 0 0 0 0 0 0 0 0 0 0 0 0 0 0 0 0 0 0 0 0 0 1 1 1 1 1 0 0 0 0 0 0 0 0 0 0 0 0 0 0 0 0 0 0 0 0 0 0 0 0 0 0 0 0 0 0 0 0 0 0 0 0 0 0 0 0 0 0 0 0 0 0 0 0 0 0 0 
0 0 0 0 0 0 0 0 0 0 0 0 0 0 0 0 0 0 0 0 0 0 0 0 0 0 0 0 0 0 0 0 0 0 0 0 0 0 0 0 0 0 0 0 0 1 1 1 1 1 0 0 0 0 0 0 0 0 0 0 0 0 0 0 0 0 0 0 0 0 0 0 0 0 0 0 0 0 0 0 0 0 0 0 0 0 0 0 0 0 0 0 0 0 0 0 0 0 0 0 
0 0 0 0 0 0 0 0 0 0 0 0 0 0 0 0 0 0 0 0 0 0 0 0 0 0 0 0 0 0 0 0 0 0 0 0 0 0 0 0 0 0 0 0 0 0 1 1 1 1 1 0 0 0 0 0 0 0 0 0 0 0 0 0 0 0 0 0 0 0 0 0 0 0 0 0 0 0 0 0 0 0 0 0 0 0 0 0 0 0 0 0 0 0 0 0 0 0 0 0 
0 0 0 0 0 0 0 0 0 0 0 0 0 0 0 0 0 0 0 0 0 0 0 0 0 0 0 0 0 0 0 0 0 0 0 0 0 0 0 0 0 0 0 0 0 0 0 1 1 1 1 1 0 0 0 0 0 0 0 0 0 0 0 0 0 0 0 0 0 0 0 0 0 0 0 0 0 0 0 0 0 0 0 0 0 0 0 0 0 0 0 0 0 0 0 0 0 0 0 0 
0 0 0 0 0 0 0 0 0 0 0 0 0 0 0 0 0 0 0 0 0 0 0 0 0 0 0 0 0 0 0 0 0 0 0 0 0 0 0 0 0 0 0 0 0 0 0 0 1 1 1 1 1 0 0 0 0 0 0 0 0 0 0 0 0 0 0 0 0 0 0 0 0 0 0 0 0 0 0 0 0 0 0 0 0 0 0 0 0 0 0 0 0 0 0 0 0 0 0 0 
0 0 0 0 0 0 0 0 0 0 0 0 0 0 0 0 0 0 0 0 0 0 0 0 0 0 0 0 0 0 0 0 0 0 0 0 0 0 0 0 0 0 0 0 0 0 0 0 0 1 1 1 1 1 0 0 0 0 0 0 0 0 0 0 0 0 0 0 0 0 0 0 0 0 0 0 0 0 0 0 0 0 0 0 0 0 0 0 0 0 0 0 0 0 0 0 0 0 0 0 
0 0 0 0 0 0 0 0 0 0 0 0 0 0 0 0 0 0 0 0 0 0 0 0 0 0 0 0 0 0 0 0 0 0 0 0 0 0 0 0 0 0 0 0 0 0 0 0 0 0 1 1 1 1 1 0 0 0 0 0 0 0 0 0 0 0 0 0 0 0 0 0 0 0 0 0 0 0 0 0 0 0 0 0 0 0 0 0 0 0 0 0 0 0 0 0 0 0 0 0 
0 0 0 0 0 0 0 0 0 0 0 0 0 0 0 0 0 0 0 0 0 0 0 0 0 0 0 0 0 0 0 0 0 0 0 0 0 0 0 0 0 0 0 0 0 0 0 0 0 0 0 1 1 1 1 1 0 0 0 0 0 0 0 0 0 0 0 0 0 0 0 0 0 0 0 0 0 0 0 0 0 0 0 0 0 0 0 0 0 0 0 0 0 0 0 0 0 0 0 0 
0 0 0 0 0 0 0 0 0 0 0 0 0 0 0 0 0 0 0 0 0 0 0 0 0 0 0 0 0 0 0 0 0 0 0 0 0 0 0 0 0 0 0 0 0 0 0 0 0 0 0 0 1 1 1 1 1 0 0 0 0 0 0 0 0 0 0 0 0 0 0 0 0 0 0 0 0 0 0 0 0 0 0 0 0 0 0 0 0 0 0 0 0 0 0 0 0 0 0 0 
0 0 0 0 0 0 0 0 0 0 0 0 0 0 0 0 0 0 0 0 0 0 0 0 0 0 0 0 0 0 0 0 0 0 0 0 0 0 0 0 0 0 0 0 0 0 0 0 0 0 0 0 0 1 1 1 1 1 0 0 0 0 0 0 0 0 0 0 0 0 0 0 0 0 0 0 0 0 0 0 0 0 0 0 0 0 0 0 0 0 0 0 0 0 0 0 0 0 0 0 
0 0 0 0 0 0 0 0 0 0 0 0 0 0 0 0 0 0 0 0 0 0 0 0 0 0 0 0 0 0 0 0 0 0 0 0 0 0 0 0 0 0 0 0 0 0 0 0 0 0 0 0 0 0 1 1 1 1 1 0 0 0 0 0 0 0 0 0 0 0 0 0 0 0 0 0 0 0 0 0 0 0 0 0 0 0 0 0 0 0 0 0 0 0 0 0 0 0 0 0 
0 0 0 0 0 0 0 0 0 0 0 0 0 0 0 0 0 0 0 0 0 0 0 0 0 0 0 0 0 0 0 0 0 0 0 0 0 0 0 0 0 0 0 0 0 0 0 0 0 0 0 0 0 0 0 1 1 1 1 1 0 0 0 0 0 0 0 0 0 0 0 0 0 0 0 0 0 0 0 0 0 0 0 0 0 0 0 0 0 0 0 0 0 0 0 0 0 0 0 0 
0 0 0 0 0 0 0 0 0 0 0 0 0 0 0 0 0 0 0 0 0 0 0 0 0 0 0 0 0 0 0 0 0 0 0 0 0 0 0 0 0 0 0 0 0 0 0 0 0 0 0 0 0 0 0 0 1 1 1 1 1 0 0 0 0 0 0 0 0 0 0 0 0 0 0 0 0 0 0 0 0 0 0 0 0 0 0 0 0 0 0 0 0 0 0 0 0 0 0 0 
0 0 0 0 0 0 0 0 0 0 0 0 0 0 0 0 0 0 0 0 0 0 0 0 0 0 0 0 0 0 0 0 0 0 0 0 0 0 0 0 0 0 0 0 0 0 0 0 0 0 0 0 0 0 0 0 0 1 1 1 1 1 0 0 0 0 0 0 0 0 0 0 0 0 0 0 0 0 0 0 0 0 0 0 0 0 0 0 0 0 0 0 0 0 0 0 0 0 0 0 
0 0 0 0 0 0 0 0 0 0 0 0 0 0 0 0 0 0 0 0 0 0 0 0 0 0 0 0 0 0 0 0 0 0 0 0 0 0 0 0 0 0 0 0 0 0 0 0 0 0 0 0 0 0 0 0 0 0 1 1 1 1 1 0 0 0 0 0 0 0 0 0 0 0 0 0 0 0 0 0 0 0 0 0 0 0 0 0 0 0 0 0 0 0 0 0 0 0 0 0 
0 0 0 0 0 0 0 0 0 0 0 0 0 0 0 0 0 0 0 0 0 0 0 0 0 0 0 0 0 0 0 0 0 0 0 0 0 0 0 0 0 0 0 0 0 0 0 0 0 0 0 0 0 0 0 0 0 0 0 1 1 1 1 1 0 0 0 0 0 0 0 0 0 0 0 0 0 0 0 0 0 0 0 0 0 0 0 0 0 0 0 0 0 0 0 0 0 0 0 0 
0 0 0 0 0 0 0 0 0 0 0 0 0 0 0 0 0 0 0 0 0 0 0 0 0 0 0 0 0 0 0 0 0 0 0 0 0 0 0 0 0 0 0 0 0 0 0 0 0 0 0 0 0 0 0 0 0 0 0 0 1 1 1 1 1 0 0 0 0 0 0 0 0 0 0 0 0 0 0 0 0 0 0 0 0 0 0 0 0 0 0 0 0 0 0 0 0 0 0 0 
0 0 0 0 0 0 0 0 0 0 0 0 0 0 0 0 0 0 0 0 0 0 0 0 0 0 0 0 0 0 0 0 0 0 0 0 0 0 0 0 0 0 0 0 0 0 0 0 0 0 0 0 0 0 0 0 0 0 0 0 0 1 1 1 1 1 0 0 0 0 0 0 0 0 0 0 0 0 0 0 0 0 0 0 0 0 0 0 0 0 0 0 0 0 0 0 0 0 0 0 
0 0 0 0 0 0 0 0 0 0 0 0 0 0 0 0 0 0 0 0 0 0 0 0 0 0 0 0 0 0 0 0 0 0 0 0 0 0 0 0 0 0 0 0 0 0 0 0 0 0 0 0 0 0 0 0 0 0 0 0 0 0 1 1 1 1 1 0 0 0 0 0 0 0 0 0 0 0 0 0 0 0 0 0 0 0 0 0 0 0 0 0 0 0 0 0 0 0 0 0 
0 0 0 0 0 0 0 0 0 0 0 0 0 0 0 0 0 0 0 0 0 0 0 0 0 0 0 0 0 0 0 0 0 0 0 0 0 0 0 0 0 0 0 0 0 0 0 0 0 0 0 0 0 0 0 0 0 0 0 0 0 0 0 1 1 1 1 1 0 0 0 0 0 0 0 0 0 0 0 0 0 0 0 0 0 0 0 0 0 0 0 0 0 0 0 0 0 0 0 0 
0 0 0 0 0 0 0 0 0 0 0 0 0 0 0 0 0 0 0 0 0 0 0 0 0 0 0 0 0 0 0 0 0 0 0 0 0 0 0 0 0 0 0 0 0 0 0 0 0 0 0 0 0 0 0 0 0 0 0 0 0 0 0 0 1 1 1 1 1 0 0 0 0 0 0 0 0 0 0 0 0 0 0 0 0 0 0 0 0 0 0 0 0 0 0 0 0 0 0 0 
0 0 0 0 0 0 0 0 0 0 0 0 0 0 0 0 0 0 0 0 0 0 0 0 0 0 0 0 0 0 0 0 0 0 0 0 0 0 0 0 0 0 0 0 0 0 0 0 0 0 0 0 0 0 0 0 0 0 0 0 0 0 0 0 0 1 1 1 1 1 0 0 0 0 0 0 0 0 0 0 0 0 0 0 0 0 0 0 0 0 0 0 0 0 0 0 0 0 0 0 
0 0 0 0 0 0 0 0 0 0 0 0 0 0 0 0 0 0 0 0 0 0 0 0 0 0 0 0 0 0 0 0 0 0 0 0 0 0 0 0 0 0 0 0 0 0 0 0 0 0 0 0 0 0 0 0 0 0 0 0 0 0 0 0 0 0 1 1 1 1 1 0 0 0 0 0 0 0 0 0 0 0 0 0 0 0 0 0 0 0 0 0 0 0 0 0 0 0 0 0 
0 0 0 0 0 0 0 0 0 0 0 0 0 0 0 0 0 0 0 0 0 0 0 0 0 0 0 0 0 0 0 0 0 0 0 0 0 0 0 0 0 0 0 0 0 0 0 0 0 0 0 0 0 0 0 0 0 0 0 0 0 0 0 0 0 0 0 1 1 1 1 1 0 0 0 0 0 0 0 0 0 0 0 0 0 0 0 0 0 0 0 0 0 0 0 0 0 0 0 0 
0 0 0 0 0 0 0 0 0 0 0 0 0 0 0 0 0 0 0 0 0 0 0 0 0 0 0 0 0 0 0 0 0 0 0 0 0 0 0 0 0 0 0 0 0 0 0 0 0 0 0 0 0 0 0 0 0 0 0 0 0 0 0 0 0 0 0 0 1 1 1 1 1 0 0 0 0 0 0 0 0 0 0 0 0 0 0 0 0 0 0 0 0 0 0 0 0 0 0 0 
0 0 0 0 0 0 0 0 0 0 0 0 0 0 0 0 0 0 0 0 0 0 0 0 0 0 0 0 0 0 0 0 0 0 0 0 0 0 0 0 0 0 0 0 0 0 0 0 0 0 0 0 0 0 0 0 0 0 0 0 0 0 0 0 0 0 0 0 0 1 1 1 1 1 0 0 0 0 0 0 0 0 0 0 0 0 0 0 0 0 0 0 0 0 0 0 0 0 0 0 
0 0 0 0 0 0 0 0 0 0 0 0 0 0 0 0 0 0 0 0 0 0 0 0 0 0 0 0 0 0 0 0 0 0 0 0 0 0 0 0 0 0 0 0 0 0 0 0 0 0 0 0 0 0 0 0 0 0 0 0 0 0 0 0 0 0 0 0 0 0 1 1 1 1 1 0 0 0 0 0 0 0 0 0 0 0 0 0 0 0 0 0 0 0 0 0 0 0 0 0 
0 0 0 0 0 0 0 0 0 0 0 0 0 0 0 0 0 0 0 0 0 0 0 0 0 0 0 0 0 0 0 0 0 0 0 0 0 0 0 0 0 0 0 0 0 0 0 0 0 0 0 0 0 0 0 0 0 0 0 0 0 0 0 0 0 0 0 0 0 0 0 1 1 1 1 1 0 0 0 0 0 0 0 0 0 0 0 0 0 0 0 0 0 0 0 0 0 0 0 0 
0 0 0 0 0 0 0 0 0 0 0 0 0 0 0 0 0 0 0 0 0 0 0 0 0 0 0 0 0 0 0 0 0 0 0 0 0 0 0 0 0 0 0 0 0 0 0 0 0 0 0 0 0 0 0 0 0 0 0 0 0 0 0 0 0 0 0 0 0 0 0 0 1 1 1 1 1 0 0 0 0 0 0 0 0 0 0 0 0 0 0 0 0 0 0 0 0 0 0 0 
0 0 0 0 0 0 0 0 0 0 0 0 0 0 0 0 0 0 0 0 0 0 0 0 0 0 0 0 0 0 0 0 0 0 0 0 0 0 0 0 0 0 0 0 0 0 0 0 0 0 0 0 0 0 0 0 0 0 0 0 0 0 0 0 0 0 0 0 0 0 0 0 0 1 1 1 1 1 0 0 0 0 0 0 0 0 0 0 0 0 0 0 0 0 0 0 0 0 0 0 
0 0 0 0 0 0 0 0 0 0 0 0 0 0 0 0 0 0 0 0 0 0 0 0 0 0 0 0 0 0 0 0 0 0 0 0 0 0 0 0 0 0 0 0 0 0 0 0 0 0 0 0 0 0 0 0 0 0 0 0 0 0 0 0 0 0 0 0 0 0 0 0 0 0 1 1 1 1 1 0 0 0 0 0 0 0 0 0 0 0 0 0 0 0 0 0 0 0 0 0 
0 0 0 0 0 0 0 0 0 0 0 0 0 0 0 0 0 0 0 0 0 0 0 0 0 0 0 0 0 0 0 0 0 0 0 0 0 0 0 0 0 0 0 0 0 0 0 0 0 0 0 0 0 0 0 0 0 0 0 0 0 0 0 0 0 0 0 0 0 0 0 0 0 0 0 1 1 1 1 1 0 0 0 0 0 0 0 0 0 0 0 0 0 0 0 0 0 0 0 0 
0 0 0 0 0 0 0 0 0 0 0 0 0 0 0 0 0 0 0 0 0 0 0 0 0 0 0 0 0 0 0 0 0 0 0 0 0 0 0 0 0 0 0 0 0 0 0 0 0 0 0 0 0 0 0 0 0 0 0 0 0 0 0 0 0 0 0 0 0 0 0 0 0 0 0 0 1 1 1 1 1 0 0 0 0 0 0 0 0 0 0 0 0 0 0 0 0 0 0 0 
0 0 0 0 0 0 0 0 0 0 0 0 0 0 0 0 0 0 0 0 0 0 0 0 0 0 0 0 0 0 0 0 0 0 0 0 0 0 0 0 0 0 0 0 0 0 0 0 0 0 0 0 0 0 0 0 0 0 0 0 0 0 0 0 0 0 0 0 0 0 0 0 0 0 0 0 0 1 1 1 1 1 0 0 0 0 0 0 0 0 0 0 0 0 0 0 0 0 0 0 
0 0 0 0 0 0 0 0 0 0 0 0 0 0 0 0 0 0 0 0 0 0 0 0 0 0 0 0 0 0 0 0 0 0 0 0 0 0 0 0 0 0 0 0 0 0 0 0 0 0 0 0 0 0 0 0 0 0 0 0 0 0 0 0 0 0 0 0 0 0 0 0 0 0 0 0 0 0 1 1 1 1 1 0 0 0 0 0 0 0 0 0 0 0 0 0 0 0 0 0 
0 0 0 0 0 0 0 0 0 0 0 0 0 0 0 0 0 0 0 0 0 0 0 0 0 0 0 0 0 0 0 0 0 0 0 0 0 0 0 0 0 0 0 0 0 0 0 0 0 0 0 0 0 0 0 0 0 0 0 0 0 0 0 0 0 0 0 0 0 0 0 0 0 0 0 0 0 0 0 1 1 1 1 1 0 0 0 0 0 0 0 0 0 0 0 0 0 0 0 0 
0 0 0 0 0 0 0 0 0 0 0 0 0 0 0 0 0 0 0 0 0 0 0 0 0 0 0 0 0 0 0 0 0 0 0 0 0 0 0 0 0 0 0 0 0 0 0 0 0 0 0 0 0 0 0 0 0 0 0 0 0 0 0 0 0 0 0 0 0 0 0 0 0 0 0 0 0 0 0 0 1 1 1 1 1 0 0 0 0 0 0 0 0 0 0 0 0 0 0 0 
0 0 0 0 0 0 0 0 0 0 0 0 0 0 0 0 0 0 0 0 0 0 0 0 0 0 0 0 0 0 0 0 0 0 0 0 0 0 0 0 0 0 0 0 0 0 0 0 0 0 0 0 0 0 0 0 0 0 0 0 0 0 0 0 0 0 0 0 0 0 0 0 0 0 0 0 0 0 0 0 0 1 1 1 1 1 0 0 0 0 0 0 0 0 0 0 0 0 0 0 
0 0 0 0 0 0 0 0 0 0 0 0 0 0 0 0 0 0 0 0 0 0 0 0 0 0 0 0 0 0 0 0 0 0 0 0 0 0 0 0 0 0 0 0 0 0 0 0 0 0 0 0 0 0 0 0 0 0 0 0 0 0 0 0 0 0 0 0 0 0 0 0 0 0 0 0 0 0 0 0 0 0 1 1 1 1 1 0 0 0 0 0 0 0 0 0 0 0 0 0 
0 0 0 0 0 0 0 0 0 0 0 0 0 0 0 0 0 0 0 0 0 0 0 0 0 0 0 0 0 0 0 0 0 0 0 0 0 0 0 0 0 0 0 0 0 0 0 0 0 0 0 0 0 0 0 0 0 0 0 0 0 0 0 0 0 0 0 0 0 0 0 0 0 0 0 0 0 0 0 0 0 0 0 1 1 1 1 1 0 0 0 0 0 0 0 0 0 0 0 0 
0 0 0 0 0 0 0 0 0 0 0 0 0 0 0 0 0 0 0 0 0 0 0 0 0 0 0 0 0 0 0 0 0 0 0 0 0 0 0 0 0 0 0 0 0 0 0 0 0 0 0 0 0 0 0 0 0 0 0 0 0 0 0 0 0 0 0 0 0 0 0 0 0 0 0 0 0 0 0 0 0 0 0 0 1 1 1 1 1 0 0 0 0 0 0 0 0 0 0 0 
0 0 0 0 0 0 0 0 0 0 0 0 0 0 0 0 0 0 0 0 0 0 0 0 0 0 0 0 0 0 0 0 0 0 0 0 0 0 0 0 0 0 0 0 0 0 0 0 0 0 0 0 0 0 0 0 0 0 0 0 0 0 0 0 0 0 0 0 0 0 0 0 0 0 0 0 0 0 0 0 0 0 0 0 0 1 1 1 1 1 0 0 0 0 0 0 0 0 0 0 
0 0 0 0 0 0 0 0 0 0 0 0 0 0 0 0 0 0 0 0 0 0 0 0 0 0 0 0 0 0 0 0 0 0 0 0 0 0 0 0 0 0 0 0 0 0 0 0 0 0 0 0 0 0 0 0 0 0 0 0 0 0 0 0 0 0 0 0 0 0 0 0 0 0 0 0 0 0 0 0 0 0 0 0 0 0 1 1 1 1 1 0 0 0 0 0 0 0 0 0 
0 0 0 0 0 0 0 0 0 0 0 0 0 0 0 0 0 0 0 0 0 0 0 0 0 0 0 0 0 0 0 0 0 0 0 0 0 0 0 0 0 0 0 0 0 0 0 0 0 0 0 0 0 0 0 0 0 0 0 0 0 0 0 0 0 0 0 0 0 0 0 0 0 0 0 0 0 0 0 0 0 0 0 0 0 0 0 1 1 1 1 1 0 0 0 0 0 0 0 0 
0 0 0 0 0 0 0 0 0 0 0 0 0 0 0 0 0 0 0 0 0 0 0 0 0 0 0 0 0 0 0 0 0 0 0 0 0 0 0 0 0 0 0 0 0 0 0 0 0 0 0 0 0 0 0 0 0 0 0 0 0 0 0 0 0 0 0 0 0 0 0 0 0 0 0 0 0 0 0 0 0 0 0 0 0 0 0 0 1 1 1 1 1 0 0 0 0 0 0 0 
0 0 0 0 0 0 0 0 0 0 0 0 0 0 0 0 0 0 0 0 0 0 0 0 0 0 0 0 0 0 0 0 0 0 0 0 0 0 0 0 0 0 0 0 0 0 0 0 0 0 0 0 0 0 0 0 0 0 0 0 0 0 0 0 0 0 0 0 0 0 0 0 0 0 0 0 0 0 0 0 0 0 0 0 0 0 0 0 0 1 1 1 1 1 0 0 0 0 0 0 
0 0 0 0 0 0 0 0 0 0 0 0 0 0 0 0 0 0 0 0 0 0 0 0 0 0 0 0 0 0 0 0 0 0 0 0 0 0 0 0 0 0 0 0 0 0 0 0 0 0 0 0 0 0 0 0 0 0 0 0 0 0 0 0 0 0 0 0 0 0 0 0 0 0 0 0 0 0 0 0 0 0 0 0 0 0 0 0 0 0 1 1 1 1 1 0 0 0 0 0 
0 0 0 0 0 0 0 0 0 0 0 0 0 0 0 0 0 0 0 0 0 0 0 0 0 0 0 0 0 0 0 0 0 0 0 0 0 0 0 0 0 0 0 0 0 0 0 0 0 0 0 0 0 0 0 0 0 0 0 0 0 0 0 0 0 0 0 0 0 0 0 0 0 0 0 0 0 0 0 0 0 0 0 0 0 0 0 0 0 0 0 1 1 1 1 1 0 0 0 0 
0 0 0 0 0 0 0 0 0 0 0 0 0 0 0 0 0 0 0 0 0 0 0 0 0 0 0 0 0 0 0 0 0 0 0 0 0 0 0 0 0 0 0 0 0 0 0 0 0 0 0 0 0 0 0 0 0 0 0 0 0 0 0 0 0 0 0 0 0 0 0 0 0 0 0 0 0 0 0 0 0 0 0 0 0 0 0 0 0 0 0 0 1 1 1 1 1 0 0 0 
0 0 0 0 0 0 0 0 0 0 0 0 0 0 0 0 0 0 0 0 0 0 0 0 0 0 0 0 0 0 0 0 0 0 0 0 0 0 0 0 0 0 0 0 0 0 0 0 0 0 0 0 0 0 0 0 0 0 0 0 0 0 0 0 0 0 0 0 0 0 0 0 0 0 0 0 0 0 0 0 0 0 0 0 0 0 0 0 0 0 0 0 0 1 1 1 1 1 0 0 
0 0 0 0 0 0 0 0 0 0 0 0 0 0 0 0 0 0 0 0 0 0 0 0 0 0 0 0 0 0 0 0 0 0 0 0 0 0 0 0 0 0 0 0 0 0 0 0 0 0 0 0 0 0 0 0 0 0 0 0 0 0 0 0 0 0 0 0 0 0 0 0 0 0 0 0 0 0 0 0 0 0 0 0 0 0 0 0 0 0 0 0 0 0 1 1 1 1 1 0 
0 0 0 0 0 0 0 0 0 0 0 0 0 0 0 0 0 0 0 0 0 0 0 0 0 0 0 0 0 0 0 0 0 0 0 0 0 0 0 0 0 0 0 0 0 0 0 0 0 0 0 0 0 0 0 0 0 0 0 0 0 0 0 0 0 0 0 0 0 0 0 0 0 0 0 0 0 0 0 0 0 0 0 0 0 0 0 0 0 0 0 0 0 0 0 1 1 1 1 1 
1 0 0 0 0 0 0 0 0 0 0 0 0 0 0 0 0 0 0 0 0 0 0 0 0 0 0 0 0 0 0 0 0 0 0 0 0 0 0 0 0 0 0 0 0 0 0 0 0 0 0 0 0 0 0 0 0 0 0 0 0 0 0 0 0 0 0 0 0 0 0 0 0 0 0 0 0 0 0 0 0 0 0 0 0 0 0 0 0 0 0 0 0 0 0 0 1 1 1 1 
1 1 0 0 0 0 0 0 0 0 0 0 0 0 0 0 0 0 0 0 0 0 0 0 0 0 0 0 0 0 0 0 0 0 0 0 0 0 0 0 0 0 0 0 0 0 0 0 0 0 0 0 0 0 0 0 0 0 0 0 0 0 0 0 0 0 0 0 0 0 0 0 0 0 0 0 0 0 0 0 0 0 0 0 0 0 0 0 0 0 0 0 0 0 0 0 0 1 1 1 
1 1 1 0 0 0 0 0 0 0 0 0 0 0 0 0 0 0 0 0 0 0 0 0 0 0 0 0 0 0 0 0 0 0 0 0 0 0 0 0 0 0 0 0 0 0 0 0 0 0 0 0 0 0 0 0 0 0 0 0 0 0 0 0 0 0 0 0 0 0 0 0 0 0 0 0 0 0 0 0 0 0 0 0 0 0 0 0 0 0 0 0 0 0 0 0 0 0 1 1 
1 1 1 1 0 0 0 0 0 0 0 0 0 0 0 0 0 0 0 0 0 0 0 0 0 0 0 0 0 0 0 0 0 0 0 0 0 0 0 0 0 0 0 0 0 0 0 0 0 0 0 0 0 0 0 0 0 0 0 0 0 0 0 0 0 0 0 0 0 0 0 0 0 0 0 0 0 0 0 0 0 0 0 0 0 0 0 0 0 0 0 0 0 0 0 0 0 0 0 1 
