Parameters
100 4
F_el
0.01692257453502 0.10449731860441 0.00200000000000 0.02139270715200 0.00170000000000 0.01539837761985 0.00140000000000 0.00190000000000 0.00130000000000 0.00170000000000 0.00120000000000 0.00140000000000 0.00120000000000 0.00130000000000 0.00110000000000 0.00120000000000 0.02521101694050 0.10555056005117 0.01701762019694 0.03349646960009 0.01302286828208 0.02017351287283 0.00180000000000 0.01569948702209 0.00170000000000 0.01612238887589 0.00140000000000 0.00180000000000 0.00130000000000 0.00160000000000 0.00120000000000 0.00130000000000 
0.00180000000000 0.01543147537204 0.00160000000000 0.00700000000000 0.00170000000000 0.01509679427285 0.00150000000000 0.00220000000000 0.01618521742893 0.02568712440401 0.01313818320063 0.01807430222609 0.01584708497736 0.02364563276037 0.00700000000000 0.01746216754481 0.00160000000000 0.00220000000000 0.00140000000000 0.00180000000000 0.00150000000000 0.00210000000000 0.00140000000000 0.00180000000000 0.00760000000000 0.01901252109481 0.00200000000000 0.01398478357941 0.00260000000000 0.01791405960052 0.00190000000000 0.00780000000000 
0.05511369366427 0.04711422220715 0.00210000000000 0.00160000000000 0.03640146986894 0.02695927426463 0.00180000000000 0.00150000000000 0.02860886707464 0.02993825910736 0.00190000000000 0.00150000000000 0.02789902881364 0.02224472228347 0.00170000000000 0.00150000000000 0.01896816416300 0.04485453087499 0.01755817872261 0.01462972852502 0.02142469628349 0.09968776774550 0.01561928127516 0.00210000000000 0.01503810093243 0.02813187006128 0.01445843625515 0.00220000000000 0.01689286553118 0.04456752375799 0.00680000000000 0.00190000000000 
0.00150000000000 0.00120000000000 0.00120000000000 0.00110000000000 0.00150000000000 0.00110000000000 0.00120000000000 0.00100000000000 0.01488300920581 0.00130000000000 0.00150000000000 0.00110000000000 0.00600000000000 0.00130000000000 0.00150000000000 0.00110000000000 0.00120000000000 0.00100000000000 0.00110000000000 0.00100000000000 0.00120000000000 0.00100000000000 0.00110000000000 0.00100000000000 0.00150000000000 0.00110000000000 0.00120000000000 0.00100000000000 0.00140000000000 0.00110000000000 0.00120000000000 0.00100000000000 
0.01660626767209 0.02348895102229 0.01747053798418 0.02501920745255 0.02028223335611 0.05426341512518 0.02173180608763 0.06970825955786 0.00180000000000 0.01412762802560 0.00190000000000 0.01582744258455 0.00220000000000 0.01741710521620 0.01444211860922 0.01824551438015 0.01500050817659 0.02053777740841 0.01667746569996 0.02136320164711 0.01821138107614 0.02768074763665 0.01892542618406 0.02916972251292 0.00180000000000 0.01399560770518 0.00190000000000 0.01419769530222 0.00220000000000 0.01665246353525 0.01400060602142 0.01725588489851 
0.00150000000000 0.00180000000000 0.02008155344655 0.10859244585044 0.00130000000000 0.00140000000000 0.00190000000000 0.01826718116500 0.00150000000000 0.00180000000000 0.04448002695978 0.10480389530146 0.00130000000000 0.00140000000000 0.00190000000000 0.01720761001167 0.00130000000000 0.00140000000000 0.00210000000000 0.01524932338652 0.00120000000000 0.00120000000000 0.00150000000000 0.00180000000000 0.00130000000000 0.00140000000000 0.00220000000000 0.01544632226813 0.00120000000000 0.00120000000000 0.00150000000000 0.00180000000000 
0.00160000000000 0.00120000000000 0.00150000000000 0.00110000000000 0.00160000000000 0.00120000000000 0.00150000000000 0.00110000000000 0.00160000000000 0.00120000000000 0.00150000000000 0.00110000000000 0.00160000000000 0.00120000000000 0.00150000000000 0.00110000000000 0.00170000000000 0.00120000000000 0.00150000000000 0.00110000000000 0.00170000000000 0.00120000000000 0.00150000000000 0.00110000000000 0.00170000000000 0.00120000000000 0.00150000000000 0.00110000000000 0.00170000000000 0.00120000000000 0.00150000000000 0.00110000000000 
0.01675363376298 0.01519697583799 0.00700000000000 0.01521526189078 0.01717669595831 0.01562603432912 0.00720000000000 0.01573365121136 0.00720000000000 0.01600247027388 0.00580000000000 0.01622023365085 0.01450885100393 0.01653891445516 0.00590000000000 0.01694484419205 0.00160000000000 0.04142003911827 0.00150000000000 0.10346532382127 0.00160000000000 0.04297051496426 0.00150000000000 0.10367234496576 0.00150000000000 0.02230797255514 0.00140000000000 0.01975460665976 0.00140000000000 0.02280854156069 0.00140000000000 0.02025876863744 
0.01424675050901 0.01397820704953 0.02078975781082 0.01955313220407 0.01584254127269 0.01478635665770 0.02611136172400 0.02349884964933 0.00180000000000 0.00180000000000 0.01693871519498 0.01451535126375 0.00720000000000 0.00730000000000 0.01914103717698 0.01830356114013 0.01661131392423 0.01635492720232 0.02643824505865 0.02356890456880 0.02081623337484 0.01954383621058 0.04381615231025 0.03318051866226 0.00220000000000 0.00220000000000 0.01994863207094 0.01890746706657 0.01474930844940 0.01453215172897 0.02488114276623 0.02256060827316 
0.02338893135803 0.03491079655284 0.01841589407320 0.02306374027951 0.02872136455282 0.03406448637074 0.11461720028087 0.10982103159407 0.00180000000000 0.01370696103044 0.00140000000000 0.00150000000000 0.03433632299370 0.07458692145193 0.02274396617847 0.03023238188682 0.02380302546615 0.03787529984197 0.01859691873108 0.02356095839434 0.02956375140438 0.03446093694915 0.11573294922390 0.10982742530344 0.00180000000000 0.01375405765137 0.00140000000000 0.00150000000000 0.03688702316641 0.07091757040374 0.02315194466799 0.03174998554269 
0.00160000000000 0.00700000000000 0.00160000000000 0.00710000000000 0.00120000000000 0.00140000000000 0.00120000000000 0.00140000000000 0.00150000000000 0.00210000000000 0.00150000000000 0.00220000000000 0.00120000000000 0.00140000000000 0.00120000000000 0.00140000000000 0.00160000000000 0.00710000000000 0.00160000000000 0.00720000000000 0.00120000000000 0.00140000000000 0.00120000000000 0.00150000000000 0.00150000000000 0.00220000000000 0.00150000000000 0.00230000000000 0.00120000000000 0.00140000000000 0.00120000000000 0.00140000000000 
0.00220000000000 0.01841948424815 0.00180000000000 0.01564119663235 0.00200000000000 0.01876443558158 0.00170000000000 0.01557585873044 0.01580373023193 0.02224184181544 0.00190000000000 0.01817887016530 0.01554345478038 0.02345045399855 0.00180000000000 0.01820910954317 0.04312378123383 0.03354985384878 0.02172940144786 0.12569643733365 0.11072519556808 0.10278424177198 0.02304327087922 0.11424688808181 0.05293663511543 0.04455309421483 0.03121560134254 0.06070457682034 0.05542308197917 0.04261852840118 0.04000334374468 0.06268990661276 
0.00190000000000 0.02492699586895 0.00170000000000 0.01998700281124 0.00170000000000 0.01605015067545 0.00160000000000 0.00430000000000 0.00170000000000 0.02089282117222 0.00160000000000 0.04017041223965 0.00160000000000 0.01467669458202 0.00150000000000 0.00300000000000 0.00150000000000 0.03656448233132 0.00140000000000 0.00230000000000 0.00140000000000 0.00250000000000 0.00140000000000 0.00220000000000 0.00140000000000 0.00240000000000 0.00140000000000 0.00200000000000 0.00140000000000 0.00210000000000 0.00140000000000 0.00200000000000 
0.00160000000000 0.00150000000000 0.00150000000000 0.00150000000000 0.00130000000000 0.00130000000000 0.00130000000000 0.00130000000000 0.00150000000000 0.00140000000000 0.00150000000000 0.00140000000000 0.00130000000000 0.00120000000000 0.00120000000000 0.00120000000000 0.00220000000000 0.00210000000000 0.00220000000000 0.00200000000000 0.00160000000000 0.00150000000000 0.00150000000000 0.00150000000000 0.00190000000000 0.00180000000000 0.00190000000000 0.00180000000000 0.00140000000000 0.00140000000000 0.00140000000000 0.00140000000000 
0.01968305508371 0.02403510469969 0.02493619689663 0.03661707743578 0.00230000000000 0.01809345637733 0.03801864018593 0.01859459749147 0.10220786121897 0.05815296946580 0.03529971882595 0.04449175077172 0.05280689407423 0.02749938563855 0.08236935390015 0.03752694018832 0.07040404917666 0.07285657310252 0.02957052634798 0.05725932030030 0.10272280413113 0.02584070832574 0.11356552575517 0.04451418747335 0.02390685928007 0.03001274385757 0.02013077550787 0.02719151673297 0.06610152158998 0.03869767338145 0.05892752782415 0.02667356455620 
0.01524874085760 0.02111921196184 0.01435101104089 0.01737738228371 0.01245102242535 0.01786081526286 0.00940000000000 0.01618521208539 0.01675813201768 0.02624016486070 0.01520482623958 0.01905512250471 0.01559717774286 0.01940035903251 0.01479444562813 0.01715432988237 0.01610253518655 0.02347879740697 0.01478850905315 0.01823836475268 0.01526819846665 0.01869915636180 0.00950000000000 0.01672470530602 0.01793962874502 0.03182583792733 0.01575781498600 0.02026708411090 0.01623280099619 0.02041250293911 0.01495934665035 0.01770392318212 
0.02031956155904 0.01779440551941 0.01719904446354 0.01626092553224 0.00200000000000 0.01491874960997 0.07512106836808 0.02663352229818 0.00170000000000 0.00170000000000 0.00150000000000 0.00140000000000 0.07700075345765 0.06713472973729 0.02966829722007 0.02318968289550 0.02093093381737 0.01821381380977 0.01743472064149 0.01639079697086 0.00190000000000 0.01449174548774 0.02356525256581 0.02441802734479 0.00170000000000 0.00170000000000 0.00150000000000 0.00140000000000 0.07309521921256 0.03306783735288 0.03066285005560 0.02369586131911 
0.00170000000000 0.00160000000000 0.01491755356688 0.01471263678605 0.01836054322709 0.01730767363505 0.05034602316956 0.02805701882863 0.00170000000000 0.00160000000000 0.01546815484033 0.01505373278886 0.01931021326857 0.01808015264336 0.05891536032355 0.03170510694875 0.01581168368163 0.01550159440318 0.02112993645712 0.01961645775579 0.02860058949916 0.02418959047016 0.03096054479229 0.05890236083007 0.01626771379208 0.01584110700700 0.02222494812162 0.02033672466883 0.03234246148909 0.02578005434745 0.02537682084466 0.03523176159403 
0.00150000000000 0.01511878100718 0.00140000000000 0.00220000000000 0.00150000000000 0.01513249080694 0.00140000000000 0.00220000000000 0.00120000000000 0.00150000000000 0.00120000000000 0.00140000000000 0.00120000000000 0.00150000000000 0.00120000000000 0.00140000000000 0.00140000000000 0.00190000000000 0.00130000000000 0.00170000000000 0.00140000000000 0.00190000000000 0.00130000000000 0.00170000000000 0.00120000000000 0.00140000000000 0.00110000000000 0.00130000000000 0.00120000000000 0.00140000000000 0.00110000000000 0.00130000000000 
0.02174818037523 0.05384986521463 0.02650511510725 0.10920736052080 0.01666581151023 0.02484221160196 0.02005453955208 0.02798978082020 0.01998824633199 0.06538635769147 0.02307535300470 0.11925081244824 0.01611561075110 0.02318415728855 0.01917437919400 0.02557749694920 0.00700000000000 0.00170000000000 0.00680000000000 0.00160000000000 0.02438938959857 0.01819621775104 0.02327143606734 0.01775061258963 0.01545830544401 0.00180000000000 0.01512040634041 0.00180000000000 0.02788599320066 0.01951889531244 0.02622641190703 0.01899985561722 
0.02153856645962 0.02375779943207 0.00670000000000 0.01521739346388 0.01698541063682 0.01805953365000 0.00200000000000 0.00210000000000 0.01771978874265 0.01890036314758 0.00210000000000 0.00220000000000 0.01491296390297 0.01541806450724 0.00170000000000 0.00180000000000 0.01481999860484 0.01583328408692 0.00180000000000 0.00190000000000 0.00190000000000 0.00200000000000 0.00160000000000 0.00160000000000 0.00210000000000 0.00220000000000 0.00160000000000 0.00170000000000 0.00170000000000 0.00170000000000 0.00140000000000 0.00150000000000 
0.00170000000000 0.00140000000000 0.00150000000000 0.00130000000000 0.11574312131172 0.04153441721712 0.02973811928025 0.01529486004568 0.01772952151051 0.00190000000000 0.01482991378403 0.00160000000000 0.07084288657713 0.10608658936519 0.10349375238851 0.16022735944228 0.00180000000000 0.00150000000000 0.00150000000000 0.00130000000000 0.10361082458207 0.10266442635187 0.11879340181831 0.00690000000000 0.01946905706540 0.00210000000000 0.01542712942856 0.00170000000000 0.03062264071849 0.11079017947661 0.10245954619093 0.11031456447806 
0.05404567471277 0.00260000000000 0.00140000000000 0.00120000000000 0.00250000000000 0.00150000000000 0.00120000000000 0.00110000000000 0.01867027041899 0.01692999422604 0.00170000000000 0.00130000000000 0.00830000000000 0.00180000000000 0.00130000000000 0.00110000000000 0.02357772154447 0.00180000000000 0.00130000000000 0.00110000000000 0.00180000000000 0.00130000000000 0.00110000000000 0.00100000000000 0.09836162116733 0.00270000000000 0.00150000000000 0.00120000000000 0.00270000000000 0.00160000000000 0.00120000000000 0.00110000000000 
0.01877449786271 0.00160000000000 0.01513112261040 0.00140000000000 0.00960000000000 0.00130000000000 0.00570000000000 0.00120000000000 0.00190000000000 0.00130000000000 0.00160000000000 0.00120000000000 0.00150000000000 0.00120000000000 0.00130000000000 0.00110000000000 0.02254850831286 0.00190000000000 0.01726008068248 0.00160000000000 0.01465672906621 0.00150000000000 0.00920000000000 0.00130000000000 0.01565676161900 0.00140000000000 0.00180000000000 0.00130000000000 0.00180000000000 0.00120000000000 0.00140000000000 0.00120000000000 
0.02789303506165 0.06629601934897 0.00160000000000 0.00170000000000 0.01815144229512 0.00210000000000 0.00260000000000 0.00310000000000 0.02903078993472 0.05510991704191 0.00160000000000 0.00170000000000 0.02003759227040 0.00260000000000 0.00260000000000 0.00310000000000 0.02009406388596 0.02222505864172 0.00150000000000 0.00150000000000 0.02621913160546 0.01294994566453 0.00210000000000 0.00230000000000 0.02091979159918 0.02337761699197 0.00150000000000 0.00150000000000 0.03181802514826 0.01996056153783 0.00210000000000 0.00230000000000 
0.00150000000000 0.00130000000000 0.01516370154234 0.00530000000000 0.00130000000000 0.00120000000000 0.00180000000000 0.00150000000000 0.00160000000000 0.00140000000000 0.01695875342077 0.00910000000000 0.00140000000000 0.00120000000000 0.00210000000000 0.00160000000000 0.00150000000000 0.00130000000000 0.01582362598908 0.00540000000000 0.00130000000000 0.00120000000000 0.00190000000000 0.00150000000000 0.00170000000000 0.00140000000000 0.01785044466056 0.00900000000000 0.00140000000000 0.00130000000000 0.00230000000000 0.00170000000000 
0.00170000000000 0.00160000000000 0.00220000000000 0.00180000000000 0.00120000000000 0.00120000000000 0.00130000000000 0.00130000000000 0.00170000000000 0.00160000000000 0.00200000000000 0.00180000000000 0.00120000000000 0.00120000000000 0.00130000000000 0.00130000000000 0.02239218188733 0.02021362733030 0.02934789743509 0.02490086529825 0.00150000000000 0.00140000000000 0.00160000000000 0.00150000000000 0.02206186745158 0.01988497402074 0.03016639599922 0.02488131476605 0.00150000000000 0.00140000000000 0.00160000000000 0.00150000000000 
0.00200000000000 0.00140000000000 0.02668708103598 0.00840000000000 0.00160000000000 0.00130000000000 0.03208150450278 0.00260000000000 0.10320034620668 0.00200000000000 0.02755193162840 0.00230000000000 0.01394345073355 0.00160000000000 0.00580000000000 0.00260000000000 0.00740000000000 0.00140000000000 0.04160167256517 0.01975355033277 0.00150000000000 0.00120000000000 0.10226380315926 0.00240000000000 0.02512788314801 0.00190000000000 0.03092772596840 0.00990000000000 0.02246160471635 0.00150000000000 0.07430270116759 0.00970000000000 
0.00190000000000 0.00170000000000 0.00190000000000 0.00170000000000 0.00150000000000 0.00140000000000 0.00150000000000 0.00140000000000 0.01534124863947 0.01417303842018 0.01534511299165 0.01326604093608 0.00180000000000 0.00160000000000 0.00180000000000 0.00160000000000 0.00150000000000 0.00140000000000 0.00150000000000 0.00140000000000 0.00130000000000 0.00120000000000 0.00130000000000 0.00120000000000 0.00170000000000 0.00160000000000 0.00170000000000 0.00160000000000 0.00140000000000 0.00130000000000 0.00140000000000 0.00130000000000 
0.02504020783087 0.01891859888790 0.06508946565572 0.01984149459601 0.02100403297390 0.01772764344948 0.02405798699555 0.01813970765507 0.05416059793629 0.05957994690958 0.01633347532532 0.02418679707481 0.05941276803293 0.03270083117379 0.01639377101887 0.02747529190306 0.02042522881025 0.04823773596184 0.01363543305040 0.02246313819727 0.02161989538594 0.02810610021072 0.01424158413962 0.02468663698491 0.00950000000000 0.01603614807132 0.00570000000000 0.01482494030606 0.01269611142604 0.01673472728436 0.00190000000000 0.01535966065413 
0.00140000000000 0.00120000000000 0.00150000000000 0.00120000000000 0.00190000000000 0.00140000000000 0.00220000000000 0.00150000000000 0.00160000000000 0.00130000000000 0.00180000000000 0.00140000000000 0.00600000000000 0.00160000000000 0.00420000000000 0.00180000000000 0.00140000000000 0.00120000000000 0.00140000000000 0.00120000000000 0.00180000000000 0.00130000000000 0.00190000000000 0.00140000000000 0.00160000000000 0.00120000000000 0.00160000000000 0.00130000000000 0.01390179295617 0.00150000000000 0.00270000000000 0.00160000000000 
0.01821288372771 0.00170000000000 0.09029282733339 0.01670100823529 0.02522450305543 0.01863929361403 0.00970000000000 0.02146217107929 0.01452906584321 0.00150000000000 0.03921026826406 0.00270000000000 0.03382558208945 0.00970000000000 0.01308767789600 0.01908378204951 0.01373525548438 0.00150000000000 0.03834140148153 0.00220000000000 0.02394635776061 0.00890000000000 0.01639119936617 0.03427011215436 0.00170000000000 0.00130000000000 0.01773495484011 0.00180000000000 0.01768445662482 0.00200000000000 0.01898862708145 0.01959545141149 
0.00200000000000 0.00150000000000 0.00160000000000 0.00130000000000 0.01531082743341 0.00140000000000 0.00150000000000 0.00130000000000 0.00130000000000 0.00110000000000 0.00120000000000 0.00110000000000 0.00120000000000 0.00110000000000 0.00120000000000 0.00110000000000 0.01567574589594 0.00170000000000 0.00200000000000 0.00150000000000 0.01568091653701 0.00560000000000 0.00950000000000 0.00140000000000 0.00140000000000 0.00120000000000 0.00120000000000 0.00110000000000 0.00130000000000 0.00120000000000 0.00120000000000 0.00110000000000 
0.05310663185364 0.01637144323227 0.00270000000000 0.00150000000000 0.00180000000000 0.00140000000000 0.00130000000000 0.00120000000000 0.02812335325363 0.02018603975151 0.01702082642215 0.00140000000000 0.00170000000000 0.00130000000000 0.00120000000000 0.00110000000000 0.02887498047545 0.05173629876185 0.01669067944068 0.00180000000000 0.00220000000000 0.00150000000000 0.00140000000000 0.00120000000000 0.03198225634046 0.10332019964918 0.02347316580763 0.00150000000000 0.00970000000000 0.00130000000000 0.00130000000000 0.00110000000000 
0.01620487061863 0.00710000000000 0.02146042826316 0.01479242237877 0.00140000000000 0.00150000000000 0.00250000000000 0.00300000000000 0.00200000000000 0.00210000000000 0.03445539134626 0.01779693887639 0.00130000000000 0.00130000000000 0.00190000000000 0.00210000000000 0.10298796176630 0.01519044062004 0.00180000000000 0.00150000000000 0.00190000000000 0.00210000000000 0.00240000000000 0.00190000000000 0.00790000000000 0.01581882346193 0.00200000000000 0.00170000000000 0.00160000000000 0.00170000000000 0.00380000000000 0.00230000000000 
0.00140000000000 0.00120000000000 0.00160000000000 0.00130000000000 0.00130000000000 0.00120000000000 0.00140000000000 0.00120000000000 0.00170000000000 0.00130000000000 0.00190000000000 0.00140000000000 0.00150000000000 0.00120000000000 0.00160000000000 0.00130000000000 0.00150000000000 0.00120000000000 0.00170000000000 0.00130000000000 0.00140000000000 0.00120000000000 0.00150000000000 0.00120000000000 0.00180000000000 0.00130000000000 0.00210000000000 0.00150000000000 0.00160000000000 0.00130000000000 0.00170000000000 0.00130000000000 
0.00180000000000 0.07103021018652 0.00160000000000 0.03037226677749 0.00130000000000 0.00820000000000 0.00130000000000 0.00850000000000 0.06240551517779 0.02847695205609 0.03163971190427 0.02902284405815 0.00660000000000 0.03380342809299 0.00690000000000 0.03006010811789 0.00130000000000 0.01524821618468 0.00120000000000 0.00210000000000 0.00110000000000 0.00150000000000 0.00110000000000 0.00140000000000 0.00200000000000 0.11089373545864 0.00180000000000 0.10977065425271 0.00140000000000 0.01649700761182 0.00130000000000 0.01715669967998 
0.01814531593665 0.01606485283280 0.15824999449898 0.01424041045236 0.01535905794473 0.00180000000000 0.02309952718578 0.00280000000000 0.01877266483282 0.01648421909626 0.12519182997308 0.01472463658236 0.01577256893676 0.00190000000000 0.02541881285630 0.01764444468434 0.03968086085742 0.02891724785098 0.04732745083832 0.09431961426306 0.02654967758282 0.02228833412465 0.10570424835611 0.04131426306267 0.04257877170343 0.02990782409450 0.04064906627668 0.04942640470482 0.02746337862919 0.02288377516924 0.10644146080741 0.04530282392060 
0.00140000000000 0.00200000000000 0.00130000000000 0.00170000000000 0.00120000000000 0.00150000000000 0.00120000000000 0.00140000000000 0.00120000000000 0.00150000000000 0.00110000000000 0.00130000000000 0.00110000000000 0.00130000000000 0.00110000000000 0.00120000000000 0.00130000000000 0.00170000000000 0.00120000000000 0.00150000000000 0.00120000000000 0.00140000000000 0.00110000000000 0.00130000000000 0.00110000000000 0.00140000000000 0.00110000000000 0.00120000000000 0.00110000000000 0.00120000000000 0.00100000000000 0.00110000000000 
0.00140000000000 0.00120000000000 0.00130000000000 0.00120000000000 0.00130000000000 0.00120000000000 0.00130000000000 0.00120000000000 0.00150000000000 0.00130000000000 0.00140000000000 0.00120000000000 0.00130000000000 0.00120000000000 0.00120000000000 0.00110000000000 0.00160000000000 0.00130000000000 0.00140000000000 0.00120000000000 0.00140000000000 0.00120000000000 0.00130000000000 0.00120000000000 0.00160000000000 0.00130000000000 0.00140000000000 0.00120000000000 0.00140000000000 0.00120000000000 0.00130000000000 0.00120000000000 
0.00150000000000 0.00130000000000 0.00180000000000 0.00140000000000 0.00150000000000 0.00130000000000 0.00160000000000 0.00140000000000 0.00110000000000 0.00110000000000 0.00110000000000 0.00110000000000 0.00110000000000 0.00110000000000 0.00110000000000 0.00110000000000 0.00150000000000 0.00130000000000 0.00180000000000 0.00140000000000 0.00150000000000 0.00130000000000 0.00170000000000 0.00140000000000 0.00110000000000 0.00110000000000 0.00110000000000 0.00110000000000 0.00110000000000 0.00110000000000 0.00110000000000 0.00110000000000 
0.01825671320436 0.00210000000000 0.03118006518582 0.01762189784975 0.00180000000000 0.00150000000000 0.01776337487915 0.00600000000000 0.01715411548581 0.00190000000000 0.03091406151602 0.01573126446723 0.00160000000000 0.00140000000000 0.01650888336167 0.00190000000000 0.01810875037467 0.00170000000000 0.02421918760248 0.01716569955695 0.00160000000000 0.00130000000000 0.01782673333952 0.00780000000000 0.01774521932236 0.00160000000000 0.02383486575045 0.01622242914040 0.00150000000000 0.00130000000000 0.01702493650361 0.00160000000000 
0.01617387649507 0.01583490867299 0.00220000000000 0.00210000000000 0.01608561320463 0.01583212513533 0.00220000000000 0.00210000000000 0.10712986141780 0.10738994190247 0.02617130303001 0.02991909706776 0.04220318208177 0.12078031306536 0.02524437748864 0.02737152729880 0.02863213177978 0.03073989858993 0.01966485777822 0.01988102925941 0.02626904899988 0.03040699621145 0.01929377039934 0.01941095967564 0.03597470597611 0.03334319981371 0.04578641923926 0.05852948853060 0.03574195314105 0.03308732068727 0.04379442896863 0.05528673203442 
0.01782455620077 0.10294590073931 0.01808897048331 0.01862040349751 0.01637203388869 0.00160000000000 0.01447999790055 0.00150000000000 0.01660732199320 0.00210000000000 0.02451037875730 0.00220000000000 0.00200000000000 0.00130000000000 0.00190000000000 0.00130000000000 0.02141874428479 0.00160000000000 0.01817676138254 0.00160000000000 0.00160000000000 0.00120000000000 0.00150000000000 0.00120000000000 0.00220000000000 0.00140000000000 0.00220000000000 0.00130000000000 0.00130000000000 0.00110000000000 0.00130000000000 0.00110000000000 
0.01811346439609 0.01650458875600 0.13067764371856 0.10566749493489 0.03517068387810 0.02082045835071 0.02350659779931 0.01961145610920 0.02162467644079 0.01634403391042 0.02036698651020 0.01722224522627 0.00870000000000 0.00520000000000 0.00790000000000 0.00480000000000 0.01769045628040 0.01590076500331 0.11438968441981 0.10524623867328 0.03996890756976 0.02033788527896 0.02350737884150 0.01921636295943 0.02050945272585 0.01605905439709 0.01954920917423 0.01705782995635 0.00520000000000 0.00520000000000 0.00480000000000 0.00480000000000 
0.03171812042761 0.03029299894226 0.09546309585509 0.02605049258839 0.02858656850802 0.02159759639228 0.02282878013194 0.02031472458513 0.02875166011073 0.03023458708271 0.03602005586856 0.01944665948704 0.03095203635310 0.02080283104353 0.01864250983224 0.01502196507998 0.01888077505113 0.11032219751278 0.02254281844805 0.05307198368634 0.02598433548554 0.03361090499916 0.04318592249957 0.02858995273748 0.01927263402892 0.05493647037275 0.01941589932145 0.02994449077250 0.02364041053770 0.02851653570197 0.02685407840651 0.02068498106897 
0.03651012982557 0.02302790881960 0.00200000000000 0.00160000000000 0.10729732001354 0.02522049248541 0.00210000000000 0.00160000000000 0.01997319998169 0.01650054027902 0.00160000000000 0.00140000000000 0.02088909240130 0.01700914352329 0.00160000000000 0.00140000000000 0.01794020501725 0.01505469236518 0.00140000000000 0.00130000000000 0.01876292011118 0.01546526582473 0.00140000000000 0.00130000000000 0.01447323485357 0.01412272942881 0.00130000000000 0.00120000000000 0.01446596781391 0.01412633528326 0.00130000000000 0.00120000000000 
0.01403764814724 0.00180000000000 0.00680000000000 0.00180000000000 0.01566973365185 0.00230000000000 0.01979427655894 0.00240000000000 0.00130000000000 0.00120000000000 0.00130000000000 0.00120000000000 0.00150000000000 0.00140000000000 0.00150000000000 0.00140000000000 0.00120000000000 0.00110000000000 0.00120000000000 0.00110000000000 0.00130000000000 0.00120000000000 0.00130000000000 0.00120000000000 0.00110000000000 0.00100000000000 0.00110000000000 0.00100000000000 0.00110000000000 0.00110000000000 0.00110000000000 0.00110000000000 
0.00160000000000 0.00160000000000 0.00120000000000 0.00120000000000 0.00110000000000 0.00110000000000 0.00100000000000 0.00100000000000 0.00140000000000 0.00140000000000 0.00120000000000 0.00120000000000 0.00110000000000 0.00110000000000 0.00100000000000 0.00100000000000 0.00140000000000 0.00140000000000 0.00120000000000 0.00120000000000 0.00110000000000 0.00110000000000 0.00100000000000 0.00100000000000 0.00130000000000 0.00130000000000 0.00110000000000 0.00110000000000 0.00110000000000 0.00110000000000 0.00100000000000 0.00100000000000 
0.00180000000000 0.00280000000000 0.00130000000000 0.00150000000000 0.02737958812859 0.00180000000000 0.01783195351831 0.08860675876197 0.01630050268274 0.03878614254673 0.00150000000000 0.00190000000000 0.02075061358860 0.00150000000000 0.02765197727900 0.01717450482969 0.00150000000000 0.00190000000000 0.00120000000000 0.00130000000000 0.02624888433014 0.01659414196785 0.00990000000000 0.02073780121123 0.00190000000000 0.00290000000000 0.00130000000000 0.00150000000000 0.10986058150747 0.00210000000000 0.01883908757365 0.12261827401606 
0.06717838656448 0.02020637456700 0.01857183359052 0.00210000000000 0.10260660037000 0.01805667210503 0.01690193055526 0.00170000000000 0.00180000000000 0.00140000000000 0.00140000000000 0.00120000000000 0.00160000000000 0.00130000000000 0.00130000000000 0.00120000000000 0.02130117732286 0.05352562257707 0.04015022184462 0.01783580619793 0.03043667005423 0.02344804836445 0.02363620475555 0.00200000000000 0.00230000000000 0.00160000000000 0.00160000000000 0.00130000000000 0.00180000000000 0.00140000000000 0.00140000000000 0.00120000000000 
0.00150000000000 0.00160000000000 0.00160000000000 0.00180000000000 0.00310000000000 0.01566350033247 0.01634268785400 0.02319734979702 0.00130000000000 0.00130000000000 0.00130000000000 0.00140000000000 0.00170000000000 0.00190000000000 0.00190000000000 0.00210000000000 0.01607793924657 0.01800404065814 0.01808809310037 0.02079669403941 0.10202932136266 0.02406413704882 0.10158529840807 0.02252122402820 0.00170000000000 0.00190000000000 0.00190000000000 0.00840000000000 0.00760000000000 0.01846386784595 0.01684171767094 0.01936348676175 
0.00190000000000 0.00720000000000 0.00130000000000 0.00140000000000 0.00160000000000 0.00560000000000 0.00120000000000 0.00130000000000 0.00120000000000 0.00120000000000 0.00110000000000 0.00110000000000 0.00110000000000 0.00120000000000 0.00100000000000 0.00110000000000 0.01585182397925 0.01758909483081 0.00160000000000 0.00210000000000 0.00690000000000 0.00770000000000 0.00140000000000 0.00160000000000 0.00130000000000 0.00150000000000 0.00110000000000 0.00120000000000 0.00120000000000 0.00130000000000 0.00110000000000 0.00110000000000 
0.00150000000000 0.00120000000000 0.00150000000000 0.00120000000000 0.02235450154673 0.01294157072395 0.02122589648122 0.01288600466736 0.00150000000000 0.00120000000000 0.00150000000000 0.00120000000000 0.10419375899464 0.00690000000000 0.10350808788428 0.00690000000000 0.00130000000000 0.00110000000000 0.00120000000000 0.00110000000000 0.01748527318813 0.00150000000000 0.00230000000000 0.00140000000000 0.00130000000000 0.00110000000000 0.00130000000000 0.00110000000000 0.00230000000000 0.00150000000000 0.00220000000000 0.00140000000000 
0.01846000981858 0.00660000000000 0.00200000000000 0.01597118089958 0.01880310472015 0.00690000000000 0.00200000000000 0.01575382621245 0.00180000000000 0.00150000000000 0.01904672455157 0.00830000000000 0.00200000000000 0.00160000000000 0.01834747920773 0.00860000000000 0.00670000000000 0.00560000000000 0.00190000000000 0.00700000000000 0.00710000000000 0.00550000000000 0.00180000000000 0.00690000000000 0.00160000000000 0.00140000000000 0.01424867446437 0.00540000000000 0.00170000000000 0.00150000000000 0.01380959794946 0.00570000000000 
0.00190000000000 0.00180000000000 0.00190000000000 0.00180000000000 0.01368546842007 0.00710000000000 0.01299431517949 0.00670000000000 0.00200000000000 0.00190000000000 0.01425597706611 0.00190000000000 0.01719138102357 0.01634321066413 0.01596214199180 0.01541541841163 0.00220000000000 0.00200000000000 0.00230000000000 0.00200000000000 0.01407703825259 0.01357410765352 0.01325402658915 0.01264752960298 0.01482012752398 0.00230000000000 0.01405325723113 0.00670000000000 0.01923278324560 0.01747893076828 0.01687068806114 0.01593183263998 
0.01887470879291 0.02005243890242 0.00640000000000 0.00760000000000 0.02536049091616 0.02621377835306 0.01514900225822 0.01602733547393 0.01631049791570 0.01752441188615 0.00600000000000 0.00590000000000 0.02177022606021 0.02255107877460 0.00650000000000 0.01485876295593 0.02151601172037 0.02255704752853 0.01562548110308 0.01541154030079 0.02644730501423 0.02748494653573 0.01646039406549 0.01852176180477 0.01961464228316 0.02044486087461 0.01253388936628 0.01499943313018 0.02346619450756 0.02429122148242 0.01597586150271 0.01727737681514 
0.00150000000000 0.00130000000000 0.00150000000000 0.00130000000000 0.00160000000000 0.00140000000000 0.00160000000000 0.00130000000000 0.00140000000000 0.00120000000000 0.00140000000000 0.00120000000000 0.00150000000000 0.00130000000000 0.00140000000000 0.00130000000000 0.01924551611609 0.01659982257350 0.01437746874644 0.00210000000000 0.02662068608236 0.01714579486504 0.01661150088273 0.00270000000000 0.01455269147147 0.00180000000000 0.00250000000000 0.00170000000000 0.01501174959921 0.00200000000000 0.00660000000000 0.00190000000000 
0.00210000000000 0.01593271109084 0.00180000000000 0.00200000000000 0.01590456349955 0.01778888955489 0.01570047427416 0.01714981172167 0.00130000000000 0.00130000000000 0.00120000000000 0.00120000000000 0.00130000000000 0.00140000000000 0.00130000000000 0.00130000000000 0.00190000000000 0.00200000000000 0.00170000000000 0.00180000000000 0.01392643414777 0.01632534604520 0.00210000000000 0.01601561196685 0.00130000000000 0.00130000000000 0.00120000000000 0.00120000000000 0.00130000000000 0.00130000000000 0.00130000000000 0.00130000000000 
0.00190000000000 0.01463159474225 0.01328548858880 0.01822111154389 0.00130000000000 0.00140000000000 0.00130000000000 0.00140000000000 0.01897108661502 0.02421130849668 0.02049852928553 0.02542946583528 0.00150000000000 0.00170000000000 0.00150000000000 0.01584028791216 0.01674670525167 0.02157441883361 0.01875978211403 0.02346783830462 0.00140000000000 0.00150000000000 0.00140000000000 0.00160000000000 0.02596480980338 0.03725606976264 0.02665727166587 0.03595683289925 0.00180000000000 0.01861698973155 0.01555512469786 0.01974936868556 
0.01567555347503 0.00690000000000 0.10228854063862 0.06265637511857 0.00160000000000 0.00160000000000 0.00430000000000 0.00460000000000 0.00180000000000 0.00180000000000 0.01745278177950 0.00920000000000 0.00140000000000 0.00140000000000 0.00220000000000 0.00220000000000 0.01460751923782 0.00240000000000 0.12010217301447 0.13013697121794 0.00150000000000 0.00150000000000 0.00320000000000 0.00320000000000 0.00170000000000 0.00160000000000 0.01556012538404 0.00740000000000 0.00130000000000 0.00130000000000 0.00200000000000 0.00200000000000 
0.01455950250476 0.04022139760025 0.00200000000000 0.01731805093221 0.01363619010728 0.01323200236251 0.00440000000000 0.00180000000000 0.03639686647831 0.00200000000000 0.00790000000000 0.00150000000000 0.00620000000000 0.00140000000000 0.00180000000000 0.00120000000000 0.11080075610908 0.01672420603786 0.01730279425875 0.00180000000000 0.00870000000000 0.00150000000000 0.00580000000000 0.00130000000000 0.01493073313936 0.00130000000000 0.00170000000000 0.00120000000000 0.00150000000000 0.00120000000000 0.00130000000000 0.00110000000000 
0.00210000000000 0.02080967698033 0.00180000000000 0.01720701143066 0.02184607049873 0.05997167492572 0.01652406023584 0.03055961843167 0.00170000000000 0.01793447077179 0.00150000000000 0.01524266830881 0.01713485406889 0.02995521902328 0.00750000000000 0.02235111091957 0.00170000000000 0.01784999161191 0.00150000000000 0.01505704355723 0.01729372301360 0.03109953206110 0.00720000000000 0.02266183146837 0.00150000000000 0.01578889956803 0.00140000000000 0.00180000000000 0.01492992641770 0.02296455086856 0.00210000000000 0.01876600478994 
0.02655832173122 0.03830536804436 0.01551341952901 0.01562977419427 0.01649281588350 0.01839394774556 0.02660862830608 0.02391681803536 0.02881117774897 0.02405142214569 0.00160000000000 0.00160000000000 0.10482627832948 0.11133999762966 0.01576582295185 0.01596437096076 0.04096687791598 0.05017051146645 0.02424149595099 0.02312775224879 0.02682455895171 0.02699491540738 0.03826431353132 0.03446572298472 0.04019970904630 0.03602938867607 0.01809650085700 0.01800618983838 0.04414907812552 0.05645418757554 0.02392135529197 0.02369047790406 
0.00150000000000 0.00110000000000 0.00220000000000 0.00130000000000 0.00130000000000 0.00110000000000 0.00160000000000 0.00120000000000 0.01590386531199 0.00120000000000 0.02240702296064 0.00140000000000 0.00140000000000 0.00110000000000 0.01309429871962 0.00120000000000 0.00170000000000 0.00120000000000 0.01483938956773 0.00140000000000 0.00140000000000 0.00110000000000 0.00190000000000 0.00120000000000 0.01805158440520 0.00130000000000 0.02757180445000 0.00160000000000 0.00930000000000 0.00120000000000 0.01597497670671 0.00130000000000 
0.01956659269156 0.00230000000000 0.01636107375621 0.00180000000000 0.02038882595915 0.01447186287332 0.01699148172860 0.00180000000000 0.01859259108616 0.00210000000000 0.01536849191385 0.00170000000000 0.01954345181091 0.00220000000000 0.01599601526449 0.00180000000000 0.02497843911180 0.01482971161533 0.01836138846561 0.00190000000000 0.02696889965792 0.01535788507481 0.01939937016026 0.00190000000000 0.02570161352269 0.00240000000000 0.01702971514272 0.00180000000000 0.03081155400161 0.01437531711964 0.01815889370944 0.00190000000000 
0.00140000000000 0.00110000000000 0.00140000000000 0.00110000000000 0.00140000000000 0.00110000000000 0.00140000000000 0.00110000000000 0.00130000000000 0.00110000000000 0.00130000000000 0.00110000000000 0.00120000000000 0.00110000000000 0.00120000000000 0.00110000000000 0.00170000000000 0.00120000000000 0.00170000000000 0.00120000000000 0.00160000000000 0.00120000000000 0.00160000000000 0.00120000000000 0.00140000000000 0.00110000000000 0.00140000000000 0.00110000000000 0.00140000000000 0.00110000000000 0.00130000000000 0.00110000000000 
0.00150000000000 0.00170000000000 0.00140000000000 0.00150000000000 0.00170000000000 0.01273501329972 0.00150000000000 0.00170000000000 0.00140000000000 0.00150000000000 0.00130000000000 0.00140000000000 0.00150000000000 0.00170000000000 0.00140000000000 0.00150000000000 0.01513905127543 0.01877330924849 0.00200000000000 0.01590098585303 0.01705462536112 0.02044091127072 0.00730000000000 0.01756653006527 0.00200000000000 0.01632103391479 0.00170000000000 0.00200000000000 0.01325312367507 0.01634906749996 0.00200000000000 0.01320316295939 
0.00170000000000 0.00150000000000 0.00140000000000 0.00130000000000 0.01758441363360 0.00220000000000 0.00210000000000 0.00170000000000 0.01577246039528 0.00200000000000 0.00190000000000 0.00160000000000 0.03427588808832 0.04791559742467 0.04226980097403 0.00610000000000 0.01851945893711 0.00190000000000 0.00180000000000 0.00160000000000 0.11071469053211 0.01889387761380 0.01718932646395 0.00280000000000 0.10275893893074 0.01830072445969 0.01681034587382 0.00230000000000 0.07584725719759 0.05953003571215 0.10689807466202 0.01907057075191 
0.01524665283911 0.01782518036107 0.00150000000000 0.00170000000000 0.01470440748258 0.01708813900393 0.00150000000000 0.00170000000000 0.00160000000000 0.00190000000000 0.00130000000000 0.00140000000000 0.00150000000000 0.00180000000000 0.00130000000000 0.00130000000000 0.00140000000000 0.00160000000000 0.00120000000000 0.00130000000000 0.00140000000000 0.00150000000000 0.00120000000000 0.00120000000000 0.00120000000000 0.00130000000000 0.00110000000000 0.00110000000000 0.00120000000000 0.00130000000000 0.00110000000000 0.00110000000000 
0.03211492183370 0.01525144906823 0.00190000000000 0.00140000000000 0.00700000000000 0.00160000000000 0.00140000000000 0.00120000000000 0.01511183300707 0.02050246404673 0.10537946339290 0.00250000000000 0.02172722750527 0.01503980329545 0.00240000000000 0.00160000000000 0.03222094647604 0.01526282056820 0.00190000000000 0.00140000000000 0.00700000000000 0.00160000000000 0.00140000000000 0.00120000000000 0.01530978794875 0.02081307112889 0.10426371774704 0.00250000000000 0.02212963260352 0.01512758573867 0.00230000000000 0.00160000000000 
0.02368314336042 0.00190000000000 0.11351126885949 0.00240000000000 0.00160000000000 0.00120000000000 0.00180000000000 0.00130000000000 0.02269468943603 0.00190000000000 0.10425047560703 0.00250000000000 0.00160000000000 0.00120000000000 0.00180000000000 0.00130000000000 0.00240000000000 0.00140000000000 0.01563203464410 0.00150000000000 0.00130000000000 0.00110000000000 0.00130000000000 0.00110000000000 0.00250000000000 0.00140000000000 0.01500577609364 0.00160000000000 0.00130000000000 0.00110000000000 0.00140000000000 0.00120000000000 
0.01492186946212 0.01461099197860 0.01672377455655 0.01684719029883 0.00710000000000 0.00680000000000 0.01458418703226 0.01469240563812 0.10627209274082 0.10410531285591 0.01995498661203 0.02006005882957 0.10417738203719 0.06221892047950 0.01820401272261 0.01830753429580 0.00210000000000 0.00200000000000 0.02050306548003 0.02081541877775 0.00230000000000 0.00220000000000 0.01727411877512 0.01749001902881 0.03387260197535 0.03120732009525 0.02247276084049 0.02257795622517 0.03203930755276 0.02966769431990 0.02027098794595 0.02037839932498 
0.00170000000000 0.01588501159317 0.00160000000000 0.01705854702812 0.01707606358764 0.04014193591265 0.01822162950727 0.04466374750467 0.00160000000000 0.01523324257138 0.00160000000000 0.01621804224173 0.01633592988576 0.03078898342344 0.01748886066160 0.03271995767920 0.00140000000000 0.00170000000000 0.00130000000000 0.00170000000000 0.00170000000000 0.01676451898064 0.00160000000000 0.01809429985359 0.00130000000000 0.00160000000000 0.00130000000000 0.00160000000000 0.00160000000000 0.01600257017344 0.00160000000000 0.01716324256142 
0.00190000000000 0.00170000000000 0.09721631548487 0.06110360393955 0.00130000000000 0.00130000000000 0.01989452856587 0.02213414847982 0.00140000000000 0.00130000000000 0.01985777865088 0.02322144831099 0.00120000000000 0.00110000000000 0.00170000000000 0.00150000000000 0.03077159845779 0.03290639037500 0.03293877079815 0.04063884998124 0.01692688441706 0.01873773206353 0.09309048974993 0.06892459715657 0.01568218272719 0.01753811244928 0.06210324539192 0.03945626033847 0.00150000000000 0.00140000000000 0.02511233902053 0.02746185549107 
0.01530649302915 0.00350000000000 0.03306695475320 0.01982012874231 0.00140000000000 0.00150000000000 0.01677385990634 0.01494501542304 0.03630214506529 0.01596269140248 0.01898691703496 0.00180000000000 0.01468870218590 0.00210000000000 0.02018931385972 0.01987373158122 0.00130000000000 0.00130000000000 0.00170000000000 0.00180000000000 0.00110000000000 0.00110000000000 0.00120000000000 0.00130000000000 0.00150000000000 0.00170000000000 0.01430366840585 0.00330000000000 0.00120000000000 0.00120000000000 0.00150000000000 0.00150000000000 
0.02255277140174 0.02750042080194 0.00190000000000 0.01502141306819 0.01876292555172 0.00180000000000 0.04709224200793 0.01497170983444 0.01455215886210 0.00150000000000 0.12338214208154 0.00220000000000 0.00140000000000 0.00120000000000 0.00180000000000 0.00130000000000 0.01577494017200 0.02715479463416 0.00150000000000 0.00210000000000 0.02600926637024 0.01351458749246 0.02420959625191 0.02907317844595 0.02197115221771 0.00200000000000 0.01820194637565 0.01685412905048 0.00170000000000 0.00130000000000 0.01422689726095 0.00160000000000 
0.01446998233024 0.01754017815946 0.00150000000000 0.00170000000000 0.04049303018851 0.02255459156052 0.01690023877237 0.02130198718726 0.02399821275500 0.04014955978049 0.01293205615026 0.01729862255457 0.02114063904679 0.01504879028377 0.02588145233784 0.04606458459795 0.01998614659824 0.06700865498041 0.00620000000000 0.01381697233372 0.02266299059935 0.01593272393576 0.02259544932856 0.05308962465055 0.03374542243546 0.01779328459320 0.01703197649197 0.02687356807574 0.01550475101362 0.00160000000000 0.04040475024952 0.02125627269053 
0.02348916979623 0.00170000000000 0.01711038549668 0.00140000000000 0.00240000000000 0.10753130669465 0.01821147220220 0.01857922541208 0.00190000000000 0.00120000000000 0.00150000000000 0.00120000000000 0.03272882492162 0.00200000000000 0.01939721895883 0.00160000000000 0.01504026316862 0.00140000000000 0.00180000000000 0.00120000000000 0.01908708398425 0.01293208000514 0.03090738616873 0.00200000000000 0.00140000000000 0.00110000000000 0.00130000000000 0.00110000000000 0.01810448968372 0.00150000000000 0.01445482635908 0.00130000000000 
0.01908807782565 0.11397638579478 0.00140000000000 0.00190000000000 0.01611627340929 0.02678302356306 0.00130000000000 0.00160000000000 0.01455942749244 0.02175018154356 0.00130000000000 0.00150000000000 0.00190000000000 0.01745968250892 0.00120000000000 0.00140000000000 0.03336033069396 0.01625825968902 0.00650000000000 0.01794472165781 0.04677944225868 0.01957742878585 0.00180000000000 0.01555217146916 0.02932287224443 0.02243886623935 0.00160000000000 0.00680000000000 0.02082650769440 0.03511294516818 0.00140000000000 0.00190000000000 
0.02940572800058 0.00660000000000 0.00610000000000 0.00120000000000 0.03900747287333 0.00210000000000 0.00600000000000 0.00120000000000 0.00760000000000 0.00130000000000 0.00130000000000 0.00110000000000 0.00210000000000 0.00120000000000 0.00120000000000 0.00100000000000 0.03522583986170 0.00170000000000 0.00180000000000 0.00120000000000 0.02686104971641 0.00160000000000 0.00160000000000 0.00110000000000 0.00180000000000 0.00120000000000 0.00120000000000 0.00100000000000 0.00160000000000 0.00120000000000 0.00120000000000 0.00100000000000 
0.04105341211250 0.01633540983386 0.01736628964392 0.10457932271524 0.01578218772288 0.00170000000000 0.10475374952917 0.01648133157049 0.10833408959873 0.01817465511859 0.01451829497968 0.10415303316113 0.01763373290816 0.00200000000000 0.10310584462323 0.01836470257258 0.00210000000000 0.00150000000000 0.01690487088924 0.01492353079227 0.00150000000000 0.00130000000000 0.00250000000000 0.00160000000000 0.00270000000000 0.00160000000000 0.00360000000000 0.01603963027217 0.00160000000000 0.00130000000000 0.00730000000000 0.00180000000000 
0.02164321729158 0.00200000000000 0.03356746656550 0.01548633494987 0.02072539915797 0.00190000000000 0.02945183943832 0.01523117967320 0.08133863694123 0.02358489177197 0.04818062171001 0.03294905533609 0.08813835707702 0.02256787908442 0.05175920991702 0.02999447579417 0.06462775381315 0.01993172190128 0.03305524040899 0.02426840125220 0.04772929411740 0.01942856963687 0.03503023478025 0.02325500900688 0.03104197874428 0.03886951282823 0.02417602550198 0.04186252571119 0.03103406852808 0.03524419021792 0.02421049569113 0.04671034472202 
0.00180000000000 0.00130000000000 0.00140000000000 0.00120000000000 0.00180000000000 0.00130000000000 0.00140000000000 0.00120000000000 0.00170000000000 0.00130000000000 0.00130000000000 0.00120000000000 0.00170000000000 0.00130000000000 0.00130000000000 0.00120000000000 0.00140000000000 0.00120000000000 0.00120000000000 0.00110000000000 0.00140000000000 0.00120000000000 0.00120000000000 0.00110000000000 0.00140000000000 0.00120000000000 0.00120000000000 0.00110000000000 0.00140000000000 0.00120000000000 0.00120000000000 0.00110000000000 
0.01788486737957 0.02058767162569 0.01780052712910 0.02059125350012 0.01944774462871 0.02314918457831 0.01944534495848 0.02343651607791 0.00200000000000 0.01474534872463 0.00200000000000 0.01463965844778 0.00210000000000 0.01523643356489 0.00210000000000 0.01512969324923 0.01699643790356 0.01818973120685 0.01698284895485 0.01816319010288 0.01804561569424 0.01953676741178 0.00260000000000 0.00980000000000 0.00150000000000 0.00170000000000 0.00160000000000 0.00170000000000 0.00160000000000 0.00180000000000 0.00160000000000 0.00180000000000 
0.00150000000000 0.00150000000000 0.00160000000000 0.00160000000000 0.01381848452874 0.01317899541176 0.01528542512771 0.01557959696901 0.00630000000000 0.00590000000000 0.00690000000000 0.00640000000000 0.02494424162848 0.02015496277687 0.02146723066506 0.03612453352823 0.00160000000000 0.00150000000000 0.00160000000000 0.00160000000000 0.01413286003613 0.01568173016192 0.01586922422806 0.01631922495027 0.00640000000000 0.00600000000000 0.00710000000000 0.00660000000000 0.02648084504784 0.02060621528025 0.02344587391680 0.03722666889224 
0.01468249889003 0.01478126115430 0.01934743795970 0.01966053836803 0.00170000000000 0.00170000000000 0.01760664429692 0.01778786763373 0.00240000000000 0.00250000000000 0.01665671753917 0.01686180289005 0.00160000000000 0.00160000000000 0.01511892946459 0.01594313331525 0.02330242738944 0.02483228571431 0.02283133408591 0.02140385803015 0.01770911267646 0.01789241961475 0.02422103226087 0.02512950536296 0.01881946366373 0.01969032586146 0.01806504508239 0.01711324759498 0.00910000000000 0.00940000000000 0.02047640746625 0.02108692252149 
0.00200000000000 0.01419500769880 0.01360479645208 0.01648127418021 0.00190000000000 0.00230000000000 0.00660000000000 0.00770000000000 0.01610106133072 0.02047532627351 0.02552734771043 0.01987359960972 0.00810000000000 0.01589584903293 0.02005788841874 0.01649965735034 0.01849285671392 0.02086331258353 0.04877198023389 0.02404471170817 0.01651152424549 0.01868993243909 0.02837104972136 0.01978685319319 0.02544687833645 0.02041111730744 0.01535591809420 0.01338587716027 0.02015418062812 0.01713944402810 0.00710000000000 0.00640000000000 
0.02306895371098 0.00200000000000 0.02065521705999 0.00190000000000 0.01816302494971 0.00170000000000 0.01678218199701 0.00170000000000 0.02686460260824 0.00580000000000 0.02308413855734 0.00210000000000 0.01949553524322 0.00180000000000 0.01784244526405 0.00170000000000 0.10289314293396 0.00210000000000 0.02627846651954 0.00210000000000 0.02004109879292 0.00180000000000 0.01739543313228 0.00170000000000 0.10656026832654 0.00240000000000 0.10274143510253 0.00220000000000 0.02399598675511 0.00180000000000 0.01913113200819 0.00180000000000 
0.02941491188653 0.02191379433746 0.08719454239367 0.02887954401624 0.01852591876940 0.01550304699765 0.01622718141978 0.00740000000000 0.01538889350538 0.00690000000000 0.01933160591872 0.00890000000000 0.02128224424984 0.01570696292719 0.01699950559768 0.00650000000000 0.02889918169913 0.02162484489855 0.10537147901995 0.02976893411882 0.01853554848884 0.01551517011891 0.01623891928026 0.00740000000000 0.01529620147783 0.00680000000000 0.01894910822565 0.00870000000000 0.02138895327826 0.01572245790093 0.01711320056747 0.00650000000000 
0.01531257859006 0.00160000000000 0.02312396646538 0.01677075253097 0.01608185526300 0.00170000000000 0.02454738364804 0.01730453930279 0.01643973417129 0.00190000000000 0.03391785297615 0.01789391681012 0.01741737250857 0.00600000000000 0.03955335757734 0.01854183743399 0.03160278088558 0.02156992680846 0.01641737771840 0.09733492339872 0.02844812787615 0.02256525632729 0.01632514174492 0.04586772693396 0.02224283246329 0.09039439684589 0.01518481191570 0.03065689080129 0.02157868931101 0.07375433487450 0.01519376969948 0.02860578446248 
0.00140000000000 0.00150000000000 0.00150000000000 0.00160000000000 0.00150000000000 0.00160000000000 0.00160000000000 0.00170000000000 0.00120000000000 0.00120000000000 0.00120000000000 0.00130000000000 0.00120000000000 0.00130000000000 0.00130000000000 0.00130000000000 0.01602038447720 0.01821951379824 0.01788705888328 0.01881264707079 0.01618799437075 0.01681894732419 0.01626424793688 0.01699363501828 0.00180000000000 0.00700000000000 0.00190000000000 0.00210000000000 0.00530000000000 0.00530000000000 0.00560000000000 0.00560000000000 
0.00150000000000 0.00140000000000 0.00150000000000 0.00140000000000 0.00120000000000 0.00120000000000 0.00120000000000 0.00120000000000 0.00140000000000 0.00130000000000 0.00140000000000 0.00130000000000 0.00120000000000 0.00110000000000 0.00120000000000 0.00110000000000 0.00170000000000 0.00160000000000 0.00180000000000 0.00160000000000 0.00130000000000 0.00130000000000 0.00130000000000 0.00130000000000 0.00150000000000 0.00140000000000 0.00150000000000 0.00150000000000 0.00120000000000 0.00120000000000 0.00120000000000 0.00120000000000 
0.02492352615130 0.01970524021832 0.01605640413306 0.01675182699965 0.02752632919185 0.04265498604549 0.01571730959137 0.01631520482600 0.02007646416285 0.01820105253448 0.00930000000000 0.01716618297348 0.03412288571069 0.03135502109802 0.01585660239561 0.01649615758664 0.02195612702789 0.01795745439207 0.00210000000000 0.01578422750182 0.02671878697611 0.04677568084712 0.01518703853737 0.01567732924204 0.01870825645985 0.01700740061944 0.00930000000000 0.01618688789772 0.03611247729411 0.02855944991781 0.01331969607765 0.01596213700675 
0.02759125771376 0.00210000000000 0.02110062088491 0.01503416960276 0.01901829737231 0.00170000000000 0.04636733024430 0.00170000000000 0.03313239340339 0.01871635751873 0.02553656992330 0.01792475959036 0.10510220421039 0.01945628575154 0.10230817736241 0.01825140391708 0.02215475794396 0.00190000000000 0.01928454080684 0.00190000000000 0.01804374152247 0.00160000000000 0.01996054124370 0.00160000000000 0.02810500511561 0.01778568066834 0.02338134721331 0.01728116127782 0.10699556295675 0.01833867961619 0.02840135542016 0.01753491139184 
0.03569970173209 0.03820690619241 0.02718766977178 0.02870163312719 0.04926247445692 0.05424108775266 0.03300369214629 0.03500187488470 0.00180000000000 0.00180000000000 0.00190000000000 0.00190000000000 0.00200000000000 0.00200000000000 0.00220000000000 0.01420859129867 0.11392110683953 0.11100541395209 0.11063240412124 0.10938611828194 0.10949058999302 0.10845541084707 0.10976421313596 0.10875466034700 0.01805169508836 0.01795637184689 0.01777270998290 0.01767446711486 0.01931107265572 0.01920397729709 0.01899467976988 0.01880339734215 
0.00230000000000 0.00150000000000 0.00190000000000 0.00140000000000 0.01446673769038 0.00150000000000 0.00200000000000 0.00140000000000 0.00130000000000 0.00120000000000 0.00120000000000 0.00110000000000 0.00130000000000 0.00120000000000 0.00120000000000 0.00110000000000 0.02279639624707 0.00160000000000 0.02095318247387 0.00150000000000 0.02376111049740 0.00170000000000 0.02460494675891 0.00160000000000 0.00130000000000 0.00120000000000 0.00130000000000 0.00110000000000 0.00140000000000 0.00120000000000 0.00130000000000 0.00120000000000 
0.03474478109437 0.01559876445251 0.01402262761767 0.00160000000000 0.01802077760661 0.00240000000000 0.00170000000000 0.00140000000000 0.01493409154696 0.01567706730792 0.10260312597043 0.01665643346548 0.00240000000000 0.00640000000000 0.02533904338689 0.00270000000000 0.03102807369866 0.01452087891240 0.00220000000000 0.00150000000000 0.01662538912564 0.00230000000000 0.00170000000000 0.00140000000000 0.00660000000000 0.00800000000000 0.10282892547308 0.01525549034604 0.00210000000000 0.00580000000000 0.02106954343270 0.00260000000000 
0.00140000000000 0.00150000000000 0.00170000000000 0.00190000000000 0.00120000000000 0.00120000000000 0.00130000000000 0.00140000000000 0.00140000000000 0.00140000000000 0.00160000000000 0.00160000000000 0.00120000000000 0.00120000000000 0.00130000000000 0.00130000000000 0.00140000000000 0.00150000000000 0.00170000000000 0.00180000000000 0.00120000000000 0.00120000000000 0.00130000000000 0.00140000000000 0.00130000000000 0.00140000000000 0.00150000000000 0.00160000000000 0.00120000000000 0.00120000000000 0.00130000000000 0.00130000000000 
0.01814739708678 0.01776965501366 0.10255845165097 0.10206358427086 0.00170000000000 0.00140000000000 0.01625021296710 0.01416591898886 0.01587761189104 0.10251640516622 0.00170000000000 0.01879844812618 0.06490650455129 0.04453455488507 0.02225021319368 0.06714968557923 0.08652345484148 0.10525574752499 0.07630243608645 0.10664876704176 0.01756256058918 0.01623068643401 0.02647899100507 0.02247624345548 0.02583035811704 0.07053325368222 0.01843765275511 0.03213579530519 0.03200365704125 0.04454476847241 0.02099912828749 0.03165241366275 
M_out
1 1 1 1 1 0 0 0 0 0 0 0 0 0 0 0 0 0 0 0 0 0 0 0 0 0 0 0 0 0 0 0 0 0 0 0 0 0 0 0 0 0 0 0 0 0 0 0 0 0 0 0 0 0 0 0 0 0 0 0 0 0 0 0 0 0 0 0 0 0 0 0 0 0 0 0 0 0 0 0 0 0 0 0 0 0 0 0 0 0 0 0 0 0 0 0 0 0 0 0 
0 1 1 1 1 1 0 0 0 0 0 0 0 0 0 0 0 0 0 0 0 0 0 0 0 0 0 0 0 0 0 0 0 0 0 0 0 0 0 0 0 0 0 0 0 0 0 0 0 0 0 0 0 0 0 0 0 0 0 0 0 0 0 0 0 0 0 0 0 0 0 0 0 0 0 0 0 0 0 0 0 0 0 0 0 0 0 0 0 0 0 0 0 0 0 0 0 0 0 0 
0 0 1 1 1 1 1 0 0 0 0 0 0 0 0 0 0 0 0 0 0 0 0 0 0 0 0 0 0 0 0 0 0 0 0 0 0 0 0 0 0 0 0 0 0 0 0 0 0 0 0 0 0 0 0 0 0 0 0 0 0 0 0 0 0 0 0 0 0 0 0 0 0 0 0 0 0 0 0 0 0 0 0 0 0 0 0 0 0 0 0 0 0 0 0 0 0 0 0 0 
0 0 0 1 1 1 1 1 0 0 0 0 0 0 0 0 0 0 0 0 0 0 0 0 0 0 0 0 0 0 0 0 0 0 0 0 0 0 0 0 0 0 0 0 0 0 0 0 0 0 0 0 0 0 0 0 0 0 0 0 0 0 0 0 0 0 0 0 0 0 0 0 0 0 0 0 0 0 0 0 0 0 0 0 0 0 0 0 0 0 0 0 0 0 0 0 0 0 0 0 
0 0 0 0 1 1 1 1 1 0 0 0 0 0 0 0 0 0 0 0 0 0 0 0 0 0 0 0 0 0 0 0 0 0 0 0 0 0 0 0 0 0 0 0 0 0 0 0 0 0 0 0 0 0 0 0 0 0 0 0 0 0 0 0 0 0 0 0 0 0 0 0 0 0 0 0 0 0 0 0 0 0 0 0 0 0 0 0 0 0 0 0 0 0 0 0 0 0 0 0 
0 0 0 0 0 1 1 1 1 1 0 0 0 0 0 0 0 0 0 0 0 0 0 0 0 0 0 0 0 0 0 0 0 0 0 0 0 0 0 0 0 0 0 0 0 0 0 0 0 0 0 0 0 0 0 0 0 0 0 0 0 0 0 0 0 0 0 0 0 0 0 0 0 0 0 0 0 0 0 0 0 0 0 0 0 0 0 0 0 0 0 0 0 0 0 0 0 0 0 0 
0 0 0 0 0 0 1 1 1 1 1 0 0 0 0 0 0 0 0 0 0 0 0 0 0 0 0 0 0 0 0 0 0 0 0 0 0 0 0 0 0 0 0 0 0 0 0 0 0 0 0 0 0 0 0 0 0 0 0 0 0 0 0 0 0 0 0 0 0 0 0 0 0 0 0 0 0 0 0 0 0 0 0 0 0 0 0 0 0 0 0 0 0 0 0 0 0 0 0 0 
0 0 0 0 0 0 0 1 1 1 1 1 0 0 0 0 0 0 0 0 0 0 0 0 0 0 0 0 0 0 0 0 0 0 0 0 0 0 0 0 0 0 0 0 0 0 0 0 0 0 0 0 0 0 0 0 0 0 0 0 0 0 0 0 0 0 0 0 0 0 0 0 0 0 0 0 0 0 0 0 0 0 0 0 0 0 0 0 0 0 0 0 0 0 0 0 0 0 0 0 
0 0 0 0 0 0 0 0 1 1 1 1 1 0 0 0 0 0 0 0 0 0 0 0 0 0 0 0 0 0 0 0 0 0 0 0 0 0 0 0 0 0 0 0 0 0 0 0 0 0 0 0 0 0 0 0 0 0 0 0 0 0 0 0 0 0 0 0 0 0 0 0 0 0 0 0 0 0 0 0 0 0 0 0 0 0 0 0 0 0 0 0 0 0 0 0 0 0 0 0 
0 0 0 0 0 0 0 0 0 1 1 1 1 1 0 0 0 0 0 0 0 0 0 0 0 0 0 0 0 0 0 0 0 0 0 0 0 0 0 0 0 0 0 0 0 0 0 0 0 0 0 0 0 0 0 0 0 0 0 0 0 0 0 0 0 0 0 0 0 0 0 0 0 0 0 0 0 0 0 0 0 0 0 0 0 0 0 0 0 0 0 0 0 0 0 0 0 0 0 0 
0 0 0 0 0 0 0 0 0 0 1 1 1 1 1 0 0 0 0 0 0 0 0 0 0 0 0 0 0 0 0 0 0 0 0 0 0 0 0 0 0 0 0 0 0 0 0 0 0 0 0 0 0 0 0 0 0 0 0 0 0 0 0 0 0 0 0 0 0 0 0 0 0 0 0 0 0 0 0 0 0 0 0 0 0 0 0 0 0 0 0 0 0 0 0 0 0 0 0 0 
0 0 0 0 0 0 0 0 0 0 0 1 1 1 1 1 0 0 0 0 0 0 0 0 0 0 0 0 0 0 0 0 0 0 0 0 0 0 0 0 0 0 0 0 0 0 0 0 0 0 0 0 0 0 0 0 0 0 0 0 0 0 0 0 0 0 0 0 0 0 0 0 0 0 0 0 0 0 0 0 0 0 0 0 0 0 0 0 0 0 0 0 0 0 0 0 0 0 0 0 
0 0 0 0 0 0 0 0 0 0 0 0 1 1 1 1 1 0 0 0 0 0 0 0 0 0 0 0 0 0 0 0 0 0 0 0 0 0 0 0 0 0 0 0 0 0 0 0 0 0 0 0 0 0 0 0 0 0 0 0 0 0 0 0 0 0 0 0 0 0 0 0 0 0 0 0 0 0 0 0 0 0 0 0 0 0 0 0 0 0 0 0 0 0 0 0 0 0 0 0 
0 0 0 0 0 0 0 0 0 0 0 0 0 1 1 1 1 1 0 0 0 0 0 0 0 0 0 0 0 0 0 0 0 0 0 0 0 0 0 0 0 0 0 0 0 0 0 0 0 0 0 0 0 0 0 0 0 0 0 0 0 0 0 0 0 0 0 0 0 0 0 0 0 0 0 0 0 0 0 0 0 0 0 0 0 0 0 0 0 0 0 0 0 0 0 0 0 0 0 0 
0 0 0 0 0 0 0 0 0 0 0 0 0 0 1 1 1 1 1 0 0 0 0 0 0 0 0 0 0 0 0 0 0 0 0 0 0 0 0 0 0 0 0 0 0 0 0 0 0 0 0 0 0 0 0 0 0 0 0 0 0 0 0 0 0 0 0 0 0 0 0 0 0 0 0 0 0 0 0 0 0 0 0 0 0 0 0 0 0 0 0 0 0 0 0 0 0 0 0 0 
0 0 0 0 0 0 0 0 0 0 0 0 0 0 0 1 1 1 1 1 0 0 0 0 0 0 0 0 0 0 0 0 0 0 0 0 0 0 0 0 0 0 0 0 0 0 0 0 0 0 0 0 0 0 0 0 0 0 0 0 0 0 0 0 0 0 0 0 0 0 0 0 0 0 0 0 0 0 0 0 0 0 0 0 0 0 0 0 0 0 0 0 0 0 0 0 0 0 0 0 
0 0 0 0 0 0 0 0 0 0 0 0 0 0 0 0 1 1 1 1 1 0 0 0 0 0 0 0 0 0 0 0 0 0 0 0 0 0 0 0 0 0 0 0 0 0 0 0 0 0 0 0 0 0 0 0 0 0 0 0 0 0 0 0 0 0 0 0 0 0 0 0 0 0 0 0 0 0 0 0 0 0 0 0 0 0 0 0 0 0 0 0 0 0 0 0 0 0 0 0 
0 0 0 0 0 0 0 0 0 0 0 0 0 0 0 0 0 1 1 1 1 1 0 0 0 0 0 0 0 0 0 0 0 0 0 0 0 0 0 0 0 0 0 0 0 0 0 0 0 0 0 0 0 0 0 0 0 0 0 0 0 0 0 0 0 0 0 0 0 0 0 0 0 0 0 0 0 0 0 0 0 0 0 0 0 0 0 0 0 0 0 0 0 0 0 0 0 0 0 0 
0 0 0 0 0 0 0 0 0 0 0 0 0 0 0 0 0 0 1 1 1 1 1 0 0 0 0 0 0 0 0 0 0 0 0 0 0 0 0 0 0 0 0 0 0 0 0 0 0 0 0 0 0 0 0 0 0 0 0 0 0 0 0 0 0 0 0 0 0 0 0 0 0 0 0 0 0 0 0 0 0 0 0 0 0 0 0 0 0 0 0 0 0 0 0 0 0 0 0 0 
0 0 0 0 0 0 0 0 0 0 0 0 0 0 0 0 0 0 0 1 1 1 1 1 0 0 0 0 0 0 0 0 0 0 0 0 0 0 0 0 0 0 0 0 0 0 0 0 0 0 0 0 0 0 0 0 0 0 0 0 0 0 0 0 0 0 0 0 0 0 0 0 0 0 0 0 0 0 0 0 0 0 0 0 0 0 0 0 0 0 0 0 0 0 0 0 0 0 0 0 
0 0 0 0 0 0 0 0 0 0 0 0 0 0 0 0 0 0 0 0 1 1 1 1 1 0 0 0 0 0 0 0 0 0 0 0 0 0 0 0 0 0 0 0 0 0 0 0 0 0 0 0 0 0 0 0 0 0 0 0 0 0 0 0 0 0 0 0 0 0 0 0 0 0 0 0 0 0 0 0 0 0 0 0 0 0 0 0 0 0 0 0 0 0 0 0 0 0 0 0 
0 0 0 0 0 0 0 0 0 0 0 0 0 0 0 0 0 0 0 0 0 1 1 1 1 1 0 0 0 0 0 0 0 0 0 0 0 0 0 0 0 0 0 0 0 0 0 0 0 0 0 0 0 0 0 0 0 0 0 0 0 0 0 0 0 0 0 0 0 0 0 0 0 0 0 0 0 0 0 0 0 0 0 0 0 0 0 0 0 0 0 0 0 0 0 0 0 0 0 0 
0 0 0 0 0 0 0 0 0 0 0 0 0 0 0 0 0 0 0 0 0 0 1 1 1 1 1 0 0 0 0 0 0 0 0 0 0 0 0 0 0 0 0 0 0 0 0 0 0 0 0 0 0 0 0 0 0 0 0 0 0 0 0 0 0 0 0 0 0 0 0 0 0 0 0 0 0 0 0 0 0 0 0 0 0 0 0 0 0 0 0 0 0 0 0 0 0 0 0 0 
0 0 0 0 0 0 0 0 0 0 0 0 0 0 0 0 0 0 0 0 0 0 0 1 1 1 1 1 0 0 0 0 0 0 0 0 0 0 0 0 0 0 0 0 0 0 0 0 0 0 0 0 0 0 0 0 0 0 0 0 0 0 0 0 0 0 0 0 0 0 0 0 0 0 0 0 0 0 0 0 0 0 0 0 0 0 0 0 0 0 0 0 0 0 0 0 0 0 0 0 
0 0 0 0 0 0 0 0 0 0 0 0 0 0 0 0 0 0 0 0 0 0 0 0 1 1 1 1 1 0 0 0 0 0 0 0 0 0 0 0 0 0 0 0 0 0 0 0 0 0 0 0 0 0 0 0 0 0 0 0 0 0 0 0 0 0 0 0 0 0 0 0 0 0 0 0 0 0 0 0 0 0 0 0 0 0 0 0 0 0 0 0 0 0 0 0 0 0 0 0 
0 0 0 0 0 0 0 0 0 0 0 0 0 0 0 0 0 0 0 0 0 0 0 0 0 1 1 1 1 1 0 0 0 0 0 0 0 0 0 0 0 0 0 0 0 0 0 0 0 0 0 0 0 0 0 0 0 0 0 0 0 0 0 0 0 0 0 0 0 0 0 0 0 0 0 0 0 0 0 0 0 0 0 0 0 0 0 0 0 0 0 0 0 0 0 0 0 0 0 0 
0 0 0 0 0 0 0 0 0 0 0 0 0 0 0 0 0 0 0 0 0 0 0 0 0 0 1 1 1 1 1 0 0 0 0 0 0 0 0 0 0 0 0 0 0 0 0 0 0 0 0 0 0 0 0 0 0 0 0 0 0 0 0 0 0 0 0 0 0 0 0 0 0 0 0 0 0 0 0 0 0 0 0 0 0 0 0 0 0 0 0 0 0 0 0 0 0 0 0 0 
0 0 0 0 0 0 0 0 0 0 0 0 0 0 0 0 0 0 0 0 0 0 0 0 0 0 0 1 1 1 1 1 0 0 0 0 0 0 0 0 0 0 0 0 0 0 0 0 0 0 0 0 0 0 0 0 0 0 0 0 0 0 0 0 0 0 0 0 0 0 0 0 0 0 0 0 0 0 0 0 0 0 0 0 0 0 0 0 0 0 0 0 0 0 0 0 0 0 0 0 
0 0 0 0 0 0 0 0 0 0 0 0 0 0 0 0 0 0 0 0 0 0 0 0 0 0 0 0 1 1 1 1 1 0 0 0 0 0 0 0 0 0 0 0 0 0 0 0 0 0 0 0 0 0 0 0 0 0 0 0 0 0 0 0 0 0 0 0 0 0 0 0 0 0 0 0 0 0 0 0 0 0 0 0 0 0 0 0 0 0 0 0 0 0 0 0 0 0 0 0 
0 0 0 0 0 0 0 0 0 0 0 0 0 0 0 0 0 0 0 0 0 0 0 0 0 0 0 0 0 1 1 1 1 1 0 0 0 0 0 0 0 0 0 0 0 0 0 0 0 0 0 0 0 0 0 0 0 0 0 0 0 0 0 0 0 0 0 0 0 0 0 0 0 0 0 0 0 0 0 0 0 0 0 0 0 0 0 0 0 0 0 0 0 0 0 0 0 0 0 0 
0 0 0 0 0 0 0 0 0 0 0 0 0 0 0 0 0 0 0 0 0 0 0 0 0 0 0 0 0 0 1 1 1 1 1 0 0 0 0 0 0 0 0 0 0 0 0 0 0 0 0 0 0 0 0 0 0 0 0 0 0 0 0 0 0 0 0 0 0 0 0 0 0 0 0 0 0 0 0 0 0 0 0 0 0 0 0 0 0 0 0 0 0 0 0 0 0 0 0 0 
0 0 0 0 0 0 0 0 0 0 0 0 0 0 0 0 0 0 0 0 0 0 0 0 0 0 0 0 0 0 0 1 1 1 1 1 0 0 0 0 0 0 0 0 0 0 0 0 0 0 0 0 0 0 0 0 0 0 0 0 0 0 0 0 0 0 0 0 0 0 0 0 0 0 0 0 0 0 0 0 0 0 0 0 0 0 0 0 0 0 0 0 0 0 0 0 0 0 0 0 
0 0 0 0 0 0 0 0 0 0 0 0 0 0 0 0 0 0 0 0 0 0 0 0 0 0 0 0 0 0 0 0 1 1 1 1 1 0 0 0 0 0 0 0 0 0 0 0 0 0 0 0 0 0 0 0 0 0 0 0 0 0 0 0 0 0 0 0 0 0 0 0 0 0 0 0 0 0 0 0 0 0 0 0 0 0 0 0 0 0 0 0 0 0 0 0 0 0 0 0 
0 0 0 0 0 0 0 0 0 0 0 0 0 0 0 0 0 0 0 0 0 0 0 0 0 0 0 0 0 0 0 0 0 1 1 1 1 1 0 0 0 0 0 0 0 0 0 0 0 0 0 0 0 0 0 0 0 0 0 0 0 0 0 0 0 0 0 0 0 0 0 0 0 0 0 0 0 0 0 0 0 0 0 0 0 0 0 0 0 0 0 0 0 0 0 0 0 0 0 0 
0 0 0 0 0 0 0 0 0 0 0 0 0 0 0 0 0 0 0 0 0 0 0 0 0 0 0 0 0 0 0 0 0 0 1 1 1 1 1 0 0 0 0 0 0 0 0 0 0 0 0 0 0 0 0 0 0 0 0 0 0 0 0 0 0 0 0 0 0 0 0 0 0 0 0 0 0 0 0 0 0 0 0 0 0 0 0 0 0 0 0 0 0 0 0 0 0 0 0 0 
0 0 0 0 0 0 0 0 0 0 0 0 0 0 0 0 0 0 0 0 0 0 0 0 0 0 0 0 0 0 0 0 0 0 0 1 1 1 1 1 0 0 0 0 0 0 0 0 0 0 0 0 0 0 0 0 0 0 0 0 0 0 0 0 0 0 0 0 0 0 0 0 0 0 0 0 0 0 0 0 0 0 0 0 0 0 0 0 0 0 0 0 0 0 0 0 0 0 0 0 
0 0 0 0 0 0 0 0 0 0 0 0 0 0 0 0 0 0 0 0 0 0 0 0 0 0 0 0 0 0 0 0 0 0 0 0 1 1 1 1 1 0 0 0 0 0 0 0 0 0 0 0 0 0 0 0 0 0 0 0 0 0 0 0 0 0 0 0 0 0 0 0 0 0 0 0 0 0 0 0 0 0 0 0 0 0 0 0 0 0 0 0 0 0 0 0 0 0 0 0 
0 0 0 0 0 0 0 0 0 0 0 0 0 0 0 0 0 0 0 0 0 0 0 0 0 0 0 0 0 0 0 0 0 0 0 0 0 1 1 1 1 1 0 0 0 0 0 0 0 0 0 0 0 0 0 0 0 0 0 0 0 0 0 0 0 0 0 0 0 0 0 0 0 0 0 0 0 0 0 0 0 0 0 0 0 0 0 0 0 0 0 0 0 0 0 0 0 0 0 0 
0 0 0 0 0 0 0 0 0 0 0 0 0 0 0 0 0 0 0 0 0 0 0 0 0 0 0 0 0 0 0 0 0 0 0 0 0 0 1 1 1 1 1 0 0 0 0 0 0 0 0 0 0 0 0 0 0 0 0 0 0 0 0 0 0 0 0 0 0 0 0 0 0 0 0 0 0 0 0 0 0 0 0 0 0 0 0 0 0 0 0 0 0 0 0 0 0 0 0 0 
0 0 0 0 0 0 0 0 0 0 0 0 0 0 0 0 0 0 0 0 0 0 0 0 0 0 0 0 0 0 0 0 0 0 0 0 0 0 0 1 1 1 1 1 0 0 0 0 0 0 0 0 0 0 0 0 0 0 0 0 0 0 0 0 0 0 0 0 0 0 0 0 0 0 0 0 0 0 0 0 0 0 0 0 0 0 0 0 0 0 0 0 0 0 0 0 0 0 0 0 
0 0 0 0 0 0 0 0 0 0 0 0 0 0 0 0 0 0 0 0 0 0 0 0 0 0 0 0 0 0 0 0 0 0 0 0 0 0 0 0 1 1 1 1 1 0 0 0 0 0 0 0 0 0 0 0 0 0 0 0 0 0 0 0 0 0 0 0 0 0 0 0 0 0 0 0 0 0 0 0 0 0 0 0 0 0 0 0 0 0 0 0 0 0 0 0 0 0 0 0 
0 0 0 0 0 0 0 0 0 0 0 0 0 0 0 0 0 0 0 0 0 0 0 0 0 0 0 0 0 0 0 0 0 0 0 0 0 0 0 0 0 1 1 1 1 1 0 0 0 0 0 0 0 0 0 0 0 0 0 0 0 0 0 0 0 0 0 0 0 0 0 0 0 0 0 0 0 0 0 0 0 0 0 0 0 0 0 0 0 0 0 0 0 0 0 0 0 0 0 0 
0 0 0 0 0 0 0 0 0 0 0 0 0 0 0 0 0 0 0 0 0 0 0 0 0 0 0 0 0 0 0 0 0 0 0 0 0 0 0 0 0 0 1 1 1 1 1 0 0 0 0 0 0 0 0 0 0 0 0 0 0 0 0 0 0 0 0 0 0 0 0 0 0 0 0 0 0 0 0 0 0 0 0 0 0 0 0 0 0 0 0 0 0 0 0 0 0 0 0 0 
0 0 0 0 0 0 0 0 0 0 0 0 0 0 0 0 0 0 0 0 0 0 0 0 0 0 0 0 0 0 0 0 0 0 0 0 0 0 0 0 0 0 0 1 1 1 1 1 0 0 0 0 0 0 0 0 0 0 0 0 0 0 0 0 0 0 0 0 0 0 0 0 0 0 0 0 0 0 0 0 0 0 0 0 0 0 0 0 0 0 0 0 0 0 0 0 0 0 0 0 
0 0 0 0 0 0 0 0 0 0 0 0 0 0 0 0 0 0 0 0 0 0 0 0 0 0 0 0 0 0 0 0 0 0 0 0 0 0 0 0 0 0 0 0 1 1 1 1 1 0 0 0 0 0 0 0 0 0 0 0 0 0 0 0 0 0 0 0 0 0 0 0 0 0 0 0 0 0 0 0 0 0 0 0 0 0 0 0 0 0 0 0 0 0 0 0 0 0 0 0 
0 0 0 0 0 0 0 0 0 0 0 0 0 0 0 0 0 0 0 0 0 0 0 0 0 0 0 0 0 0 0 0 0 0 0 0 0 0 0 0 0 0 0 0 0 1 1 1 1 1 0 0 0 0 0 0 0 0 0 0 0 0 0 0 0 0 0 0 0 0 0 0 0 0 0 0 0 0 0 0 0 0 0 0 0 0 0 0 0 0 0 0 0 0 0 0 0 0 0 0 
0 0 0 0 0 0 0 0 0 0 0 0 0 0 0 0 0 0 0 0 0 0 0 0 0 0 0 0 0 0 0 0 0 0 0 0 0 0 0 0 0 0 0 0 0 0 1 1 1 1 1 0 0 0 0 0 0 0 0 0 0 0 0 0 0 0 0 0 0 0 0 0 0 0 0 0 0 0 0 0 0 0 0 0 0 0 0 0 0 0 0 0 0 0 0 0 0 0 0 0 
0 0 0 0 0 0 0 0 0 0 0 0 0 0 0 0 0 0 0 0 0 0 0 0 0 0 0 0 0 0 0 0 0 0 0 0 0 0 0 0 0 0 0 0 0 0 0 1 1 1 1 1 0 0 0 0 0 0 0 0 0 0 0 0 0 0 0 0 0 0 0 0 0 0 0 0 0 0 0 0 0 0 0 0 0 0 0 0 0 0 0 0 0 0 0 0 0 0 0 0 
0 0 0 0 0 0 0 0 0 0 0 0 0 0 0 0 0 0 0 0 0 0 0 0 0 0 0 0 0 0 0 0 0 0 0 0 0 0 0 0 0 0 0 0 0 0 0 0 1 1 1 1 1 0 0 0 0 0 0 0 0 0 0 0 0 0 0 0 0 0 0 0 0 0 0 0 0 0 0 0 0 0 0 0 0 0 0 0 0 0 0 0 0 0 0 0 0 0 0 0 
0 0 0 0 0 0 0 0 0 0 0 0 0 0 0 0 0 0 0 0 0 0 0 0 0 0 0 0 0 0 0 0 0 0 0 0 0 0 0 0 0 0 0 0 0 0 0 0 0 1 1 1 1 1 0 0 0 0 0 0 0 0 0 0 0 0 0 0 0 0 0 0 0 0 0 0 0 0 0 0 0 0 0 0 0 0 0 0 0 0 0 0 0 0 0 0 0 0 0 0 
0 0 0 0 0 0 0 0 0 0 0 0 0 0 0 0 0 0 0 0 0 0 0 0 0 0 0 0 0 0 0 0 0 0 0 0 0 0 0 0 0 0 0 0 0 0 0 0 0 0 1 1 1 1 1 0 0 0 0 0 0 0 0 0 0 0 0 0 0 0 0 0 0 0 0 0 0 0 0 0 0 0 0 0 0 0 0 0 0 0 0 0 0 0 0 0 0 0 0 0 
0 0 0 0 0 0 0 0 0 0 0 0 0 0 0 0 0 0 0 0 0 0 0 0 0 0 0 0 0 0 0 0 0 0 0 0 0 0 0 0 0 0 0 0 0 0 0 0 0 0 0 1 1 1 1 1 0 0 0 0 0 0 0 0 0 0 0 0 0 0 0 0 0 0 0 0 0 0 0 0 0 0 0 0 0 0 0 0 0 0 0 0 0 0 0 0 0 0 0 0 
0 0 0 0 0 0 0 0 0 0 0 0 0 0 0 0 0 0 0 0 0 0 0 0 0 0 0 0 0 0 0 0 0 0 0 0 0 0 0 0 0 0 0 0 0 0 0 0 0 0 0 0 1 1 1 1 1 0 0 0 0 0 0 0 0 0 0 0 0 0 0 0 0 0 0 0 0 0 0 0 0 0 0 0 0 0 0 0 0 0 0 0 0 0 0 0 0 0 0 0 
0 0 0 0 0 0 0 0 0 0 0 0 0 0 0 0 0 0 0 0 0 0 0 0 0 0 0 0 0 0 0 0 0 0 0 0 0 0 0 0 0 0 0 0 0 0 0 0 0 0 0 0 0 1 1 1 1 1 0 0 0 0 0 0 0 0 0 0 0 0 0 0 0 0 0 0 0 0 0 0 0 0 0 0 0 0 0 0 0 0 0 0 0 0 0 0 0 0 0 0 
0 0 0 0 0 0 0 0 0 0 0 0 0 0 0 0 0 0 0 0 0 0 0 0 0 0 0 0 0 0 0 0 0 0 0 0 0 0 0 0 0 0 0 0 0 0 0 0 0 0 0 0 0 0 1 1 1 1 1 0 0 0 0 0 0 0 0 0 0 0 0 0 0 0 0 0 0 0 0 0 0 0 0 0 0 0 0 0 0 0 0 0 0 0 0 0 0 0 0 0 
0 0 0 0 0 0 0 0 0 0 0 0 0 0 0 0 0 0 0 0 0 0 0 0 0 0 0 0 0 0 0 0 0 0 0 0 0 0 0 0 0 0 0 0 0 0 0 0 0 0 0 0 0 0 0 1 1 1 1 1 0 0 0 0 0 0 0 0 0 0 0 0 0 0 0 0 0 0 0 0 0 0 0 0 0 0 0 0 0 0 0 0 0 0 0 0 0 0 0 0 
0 0 0 0 0 0 0 0 0 0 0 0 0 0 0 0 0 0 0 0 0 0 0 0 0 0 0 0 0 0 0 0 0 0 0 0 0 0 0 0 0 0 0 0 0 0 0 0 0 0 0 0 0 0 0 0 1 1 1 1 1 0 0 0 0 0 0 0 0 0 0 0 0 0 0 0 0 0 0 0 0 0 0 0 0 0 0 0 0 0 0 0 0 0 0 0 0 0 0 0 
0 0 0 0 0 0 0 0 0 0 0 0 0 0 0 0 0 0 0 0 0 0 0 0 0 0 0 0 0 0 0 0 0 0 0 0 0 0 0 0 0 0 0 0 0 0 0 0 0 0 0 0 0 0 0 0 0 1 1 1 1 1 0 0 0 0 0 0 0 0 0 0 0 0 0 0 0 0 0 0 0 0 0 0 0 0 0 0 0 0 0 0 0 0 0 0 0 0 0 0 
0 0 0 0 0 0 0 0 0 0 0 0 0 0 0 0 0 0 0 0 0 0 0 0 0 0 0 0 0 0 0 0 0 0 0 0 0 0 0 0 0 0 0 0 0 0 0 0 0 0 0 0 0 0 0 0 0 0 1 1 1 1 1 0 0 0 0 0 0 0 0 0 0 0 0 0 0 0 0 0 0 0 0 0 0 0 0 0 0 0 0 0 0 0 0 0 0 0 0 0 
0 0 0 0 0 0 0 0 0 0 0 0 0 0 0 0 0 0 0 0 0 0 0 0 0 0 0 0 0 0 0 0 0 0 0 0 0 0 0 0 0 0 0 0 0 0 0 0 0 0 0 0 0 0 0 0 0 0 0 1 1 1 1 1 0 0 0 0 0 0 0 0 0 0 0 0 0 0 0 0 0 0 0 0 0 0 0 0 0 0 0 0 0 0 0 0 0 0 0 0 
0 0 0 0 0 0 0 0 0 0 0 0 0 0 0 0 0 0 0 0 0 0 0 0 0 0 0 0 0 0 0 0 0 0 0 0 0 0 0 0 0 0 0 0 0 0 0 0 0 0 0 0 0 0 0 0 0 0 0 0 1 1 1 1 1 0 0 0 0 0 0 0 0 0 0 0 0 0 0 0 0 0 0 0 0 0 0 0 0 0 0 0 0 0 0 0 0 0 0 0 
0 0 0 0 0 0 0 0 0 0 0 0 0 0 0 0 0 0 0 0 0 0 0 0 0 0 0 0 0 0 0 0 0 0 0 0 0 0 0 0 0 0 0 0 0 0 0 0 0 0 0 0 0 0 0 0 0 0 0 0 0 1 1 1 1 1 0 0 0 0 0 0 0 0 0 0 0 0 0 0 0 0 0 0 0 0 0 0 0 0 0 0 0 0 0 0 0 0 0 0 
0 0 0 0 0 0 0 0 0 0 0 0 0 0 0 0 0 0 0 0 0 0 0 0 0 0 0 0 0 0 0 0 0 0 0 0 0 0 0 0 0 0 0 0 0 0 0 0 0 0 0 0 0 0 0 0 0 0 0 0 0 0 1 1 1 1 1 0 0 0 0 0 0 0 0 0 0 0 0 0 0 0 0 0 0 0 0 0 0 0 0 0 0 0 0 0 0 0 0 0 
0 0 0 0 0 0 0 0 0 0 0 0 0 0 0 0 0 0 0 0 0 0 0 0 0 0 0 0 0 0 0 0 0 0 0 0 0 0 0 0 0 0 0 0 0 0 0 0 0 0 0 0 0 0 0 0 0 0 0 0 0 0 0 1 1 1 1 1 0 0 0 0 0 0 0 0 0 0 0 0 0 0 0 0 0 0 0 0 0 0 0 0 0 0 0 0 0 0 0 0 
0 0 0 0 0 0 0 0 0 0 0 0 0 0 0 0 0 0 0 0 0 0 0 0 0 0 0 0 0 0 0 0 0 0 0 0 0 0 0 0 0 0 0 0 0 0 0 0 0 0 0 0 0 0 0 0 0 0 0 0 0 0 0 0 1 1 1 1 1 0 0 0 0 0 0 0 0 0 0 0 0 0 0 0 0 0 0 0 0 0 0 0 0 0 0 0 0 0 0 0 
0 0 0 0 0 0 0 0 0 0 0 0 0 0 0 0 0 0 0 0 0 0 0 0 0 0 0 0 0 0 0 0 0 0 0 0 0 0 0 0 0 0 0 0 0 0 0 0 0 0 0 0 0 0 0 0 0 0 0 0 0 0 0 0 0 1 1 1 1 1 0 0 0 0 0 0 0 0 0 0 0 0 0 0 0 0 0 0 0 0 0 0 0 0 0 0 0 0 0 0 
0 0 0 0 0 0 0 0 0 0 0 0 0 0 0 0 0 0 0 0 0 0 0 0 0 0 0 0 0 0 0 0 0 0 0 0 0 0 0 0 0 0 0 0 0 0 0 0 0 0 0 0 0 0 0 0 0 0 0 0 0 0 0 0 0 0 1 1 1 1 1 0 0 0 0 0 0 0 0 0 0 0 0 0 0 0 0 0 0 0 0 0 0 0 0 0 0 0 0 0 
0 0 0 0 0 0 0 0 0 0 0 0 0 0 0 0 0 0 0 0 0 0 0 0 0 0 0 0 0 0 0 0 0 0 0 0 0 0 0 0 0 0 0 0 0 0 0 0 0 0 0 0 0 0 0 0 0 0 0 0 0 0 0 0 0 0 0 1 1 1 1 1 0 0 0 0 0 0 0 0 0 0 0 0 0 0 0 0 0 0 0 0 0 0 0 0 0 0 0 0 
0 0 0 0 0 0 0 0 0 0 0 0 0 0 0 0 0 0 0 0 0 0 0 0 0 0 0 0 0 0 0 0 0 0 0 0 0 0 0 0 0 0 0 0 0 0 0 0 0 0 0 0 0 0 0 0 0 0 0 0 0 0 0 0 0 0 0 0 1 1 1 1 1 0 0 0 0 0 0 0 0 0 0 0 0 0 0 0 0 0 0 0 0 0 0 0 0 0 0 0 
0 0 0 0 0 0 0 0 0 0 0 0 0 0 0 0 0 0 0 0 0 0 0 0 0 0 0 0 0 0 0 0 0 0 0 0 0 0 0 0 0 0 0 0 0 0 0 0 0 0 0 0 0 0 0 0 0 0 0 0 0 0 0 0 0 0 0 0 0 1 1 1 1 1 0 0 0 0 0 0 0 0 0 0 0 0 0 0 0 0 0 0 0 0 0 0 0 0 0 0 
0 0 0 0 0 0 0 0 0 0 0 0 0 0 0 0 0 0 0 0 0 0 0 0 0 0 0 0 0 0 0 0 0 0 0 0 0 0 0 0 0 0 0 0 0 0 0 0 0 0 0 0 0 0 0 0 0 0 0 0 0 0 0 0 0 0 0 0 0 0 1 1 1 1 1 0 0 0 0 0 0 0 0 0 0 0 0 0 0 0 0 0 0 0 0 0 0 0 0 0 
0 0 0 0 0 0 0 0 0 0 0 0 0 0 0 0 0 0 0 0 0 0 0 0 0 0 0 0 0 0 0 0 0 0 0 0 0 0 0 0 0 0 0 0 0 0 0 0 0 0 0 0 0 0 0 0 0 0 0 0 0 0 0 0 0 0 0 0 0 0 0 1 1 1 1 1 0 0 0 0 0 0 0 0 0 0 0 0 0 0 0 0 0 0 0 0 0 0 0 0 
0 0 0 0 0 0 0 0 0 0 0 0 0 0 0 0 0 0 0 0 0 0 0 0 0 0 0 0 0 0 0 0 0 0 0 0 0 0 0 0 0 0 0 0 0 0 0 0 0 0 0 0 0 0 0 0 0 0 0 0 0 0 0 0 0 0 0 0 0 0 0 0 1 1 1 1 1 0 0 0 0 0 0 0 0 0 0 0 0 0 0 0 0 0 0 0 0 0 0 0 
0 0 0 0 0 0 0 0 0 0 0 0 0 0 0 0 0 0 0 0 0 0 0 0 0 0 0 0 0 0 0 0 0 0 0 0 0 0 0 0 0 0 0 0 0 0 0 0 0 0 0 0 0 0 0 0 0 0 0 0 0 0 0 0 0 0 0 0 0 0 0 0 0 1 1 1 1 1 0 0 0 0 0 0 0 0 0 0 0 0 0 0 0 0 0 0 0 0 0 0 
0 0 0 0 0 0 0 0 0 0 0 0 0 0 0 0 0 0 0 0 0 0 0 0 0 0 0 0 0 0 0 0 0 0 0 0 0 0 0 0 0 0 0 0 0 0 0 0 0 0 0 0 0 0 0 0 0 0 0 0 0 0 0 0 0 0 0 0 0 0 0 0 0 0 1 1 1 1 1 0 0 0 0 0 0 0 0 0 0 0 0 0 0 0 0 0 0 0 0 0 
0 0 0 0 0 0 0 0 0 0 0 0 0 0 0 0 0 0 0 0 0 0 0 0 0 0 0 0 0 0 0 0 0 0 0 0 0 0 0 0 0 0 0 0 0 0 0 0 0 0 0 0 0 0 0 0 0 0 0 0 0 0 0 0 0 0 0 0 0 0 0 0 0 0 0 1 1 1 1 1 0 0 0 0 0 0 0 0 0 0 0 0 0 0 0 0 0 0 0 0 
0 0 0 0 0 0 0 0 0 0 0 0 0 0 0 0 0 0 0 0 0 0 0 0 0 0 0 0 0 0 0 0 0 0 0 0 0 0 0 0 0 0 0 0 0 0 0 0 0 0 0 0 0 0 0 0 0 0 0 0 0 0 0 0 0 0 0 0 0 0 0 0 0 0 0 0 1 1 1 1 1 0 0 0 0 0 0 0 0 0 0 0 0 0 0 0 0 0 0 0 
0 0 0 0 0 0 0 0 0 0 0 0 0 0 0 0 0 0 0 0 0 0 0 0 0 0 0 0 0 0 0 0 0 0 0 0 0 0 0 0 0 0 0 0 0 0 0 0 0 0 0 0 0 0 0 0 0 0 0 0 0 0 0 0 0 0 0 0 0 0 0 0 0 0 0 0 0 1 1 1 1 1 0 0 0 0 0 0 0 0 0 0 0 0 0 0 0 0 0 0 
0 0 0 0 0 0 0 0 0 0 0 0 0 0 0 0 0 0 0 0 0 0 0 0 0 0 0 0 0 0 0 0 0 0 0 0 0 0 0 0 0 0 0 0 0 0 0 0 0 0 0 0 0 0 0 0 0 0 0 0 0 0 0 0 0 0 0 0 0 0 0 0 0 0 0 0 0 0 1 1 1 1 1 0 0 0 0 0 0 0 0 0 0 0 0 0 0 0 0 0 
0 0 0 0 0 0 0 0 0 0 0 0 0 0 0 0 0 0 0 0 0 0 0 0 0 0 0 0 0 0 0 0 0 0 0 0 0 0 0 0 0 0 0 0 0 0 0 0 0 0 0 0 0 0 0 0 0 0 0 0 0 0 0 0 0 0 0 0 0 0 0 0 0 0 0 0 0 0 0 1 1 1 1 1 0 0 0 0 0 0 0 0 0 0 0 0 0 0 0 0 
0 0 0 0 0 0 0 0 0 0 0 0 0 0 0 0 0 0 0 0 0 0 0 0 0 0 0 0 0 0 0 0 0 0 0 0 0 0 0 0 0 0 0 0 0 0 0 0 0 0 0 0 0 0 0 0 0 0 0 0 0 0 0 0 0 0 0 0 0 0 0 0 0 0 0 0 0 0 0 0 1 1 1 1 1 0 0 0 0 0 0 0 0 0 0 0 0 0 0 0 
0 0 0 0 0 0 0 0 0 0 0 0 0 0 0 0 0 0 0 0 0 0 0 0 0 0 0 0 0 0 0 0 0 0 0 0 0 0 0 0 0 0 0 0 0 0 0 0 0 0 0 0 0 0 0 0 0 0 0 0 0 0 0 0 0 0 0 0 0 0 0 0 0 0 0 0 0 0 0 0 0 1 1 1 1 1 0 0 0 0 0 0 0 0 0 0 0 0 0 0 
0 0 0 0 0 0 0 0 0 0 0 0 0 0 0 0 0 0 0 0 0 0 0 0 0 0 0 0 0 0 0 0 0 0 0 0 0 0 0 0 0 0 0 0 0 0 0 0 0 0 0 0 0 0 0 0 0 0 0 0 0 0 0 0 0 0 0 0 0 0 0 0 0 0 0 0 0 0 0 0 0 0 1 1 1 1 1 0 0 0 0 0 0 0 0 0 0 0 0 0 
0 0 0 0 0 0 0 0 0 0 0 0 0 0 0 0 0 0 0 0 0 0 0 0 0 0 0 0 0 0 0 0 0 0 0 0 0 0 0 0 0 0 0 0 0 0 0 0 0 0 0 0 0 0 0 0 0 0 0 0 0 0 0 0 0 0 0 0 0 0 0 0 0 0 0 0 0 0 0 0 0 0 0 1 1 1 1 1 0 0 0 0 0 0 0 0 0 0 0 0 
0 0 0 0 0 0 0 0 0 0 0 0 0 0 0 0 0 0 0 0 0 0 0 0 0 0 0 0 0 0 0 0 0 0 0 0 0 0 0 0 0 0 0 0 0 0 0 0 0 0 0 0 0 0 0 0 0 0 0 0 0 0 0 0 0 0 0 0 0 0 0 0 0 0 0 0 0 0 0 0 0 0 0 0 1 1 1 1 1 0 0 0 0 0 0 0 0 0 0 0 
0 0 0 0 0 0 0 0 0 0 0 0 0 0 0 0 0 0 0 0 0 0 0 0 0 0 0 0 0 0 0 0 0 0 0 0 0 0 0 0 0 0 0 0 0 0 0 0 0 0 0 0 0 0 0 0 0 0 0 0 0 0 0 0 0 0 0 0 0 0 0 0 0 0 0 0 0 0 0 0 0 0 0 0 0 1 1 1 1 1 0 0 0 0 0 0 0 0 0 0 
0 0 0 0 0 0 0 0 0 0 0 0 0 0 0 0 0 0 0 0 0 0 0 0 0 0 0 0 0 0 0 0 0 0 0 0 0 0 0 0 0 0 0 0 0 0 0 0 0 0 0 0 0 0 0 0 0 0 0 0 0 0 0 0 0 0 0 0 0 0 0 0 0 0 0 0 0 0 0 0 0 0 0 0 0 0 1 1 1 1 1 0 0 0 0 0 0 0 0 0 
0 0 0 0 0 0 0 0 0 0 0 0 0 0 0 0 0 0 0 0 0 0 0 0 0 0 0 0 0 0 0 0 0 0 0 0 0 0 0 0 0 0 0 0 0 0 0 0 0 0 0 0 0 0 0 0 0 0 0 0 0 0 0 0 0 0 0 0 0 0 0 0 0 0 0 0 0 0 0 0 0 0 0 0 0 0 0 1 1 1 1 1 0 0 0 0 0 0 0 0 
0 0 0 0 0 0 0 0 0 0 0 0 0 0 0 0 0 0 0 0 0 0 0 0 0 0 0 0 0 0 0 0 0 0 0 0 0 0 0 0 0 0 0 0 0 0 0 0 0 0 0 0 0 0 0 0 0 0 0 0 0 0 0 0 0 0 0 0 0 0 0 0 0 0 0 0 0 0 0 0 0 0 0 0 0 0 0 0 1 1 1 1 1 0 0 0 0 0 0 0 
0 0 0 0 0 0 0 0 0 0 0 0 0 0 0 0 0 0 0 0 0 0 0 0 0 0 0 0 0 0 0 0 0 0 0 0 0 0 0 0 0 0 0 0 0 0 0 0 0 0 0 0 0 0 0 0 0 0 0 0 0 0 0 0 0 0 0 0 0 0 0 0 0 0 0 0 0 0 0 0 0 0 0 0 0 0 0 0 0 1 1 1 1 1 0 0 0 0 0 0 
0 0 0 0 0 0 0 0 0 0 0 0 0 0 0 0 0 0 0 0 0 0 0 0 0 0 0 0 0 0 0 0 0 0 0 0 0 0 0 0 0 0 0 0 0 0 0 0 0 0 0 0 0 0 0 0 0 0 0 0 0 0 0 0 0 0 0 0 0 0 0 0 0 0 0 0 0 0 0 0 0 0 0 0 0 0 0 0 0 0 1 1 1 1 1 0 0 0 0 0 
0 0 0 0 0 0 0 0 0 0 0 0 0 0 0 0 0 0 0 0 0 0 0 0 0 0 0 0 0 0 0 0 0 0 0 0 0 0 0 0 0 0 0 0 0 0 0 0 0 0 0 0 0 0 0 0 0 0 0 0 0 0 0 0 0 0 0 0 0 0 0 0 0 0 0 0 0 0 0 0 0 0 0 0 0 0 0 0 0 0 0 1 1 1 1 1 0 0 0 0 
0 0 0 0 0 0 0 0 0 0 0 0 0 0 0 0 0 0 0 0 0 0 0 0 0 0 0 0 0 0 0 0 0 0 0 0 0 0 0 0 0 0 0 0 0 0 0 0 0 0 0 0 0 0 0 0 0 0 0 0 0 0 0 0 0 0 0 0 0 0 0 0 0 0 0 0 0 0 0 0 0 0 0 0 0 0 0 0 0 0 0 0 1 1 1 1 1 0 0 0 
0 0 0 0 0 0 0 0 0 0 0 0 0 0 0 0 0 0 0 0 0 0 0 0 0 0 0 0 0 0 0 0 0 0 0 0 0 0 0 0 0 0 0 0 0 0 0 0 0 0 0 0 0 0 0 0 0 0 0 0 0 0 0 0 0 0 0 0 0 0 0 0 0 0 0 0 0 0 0 0 0 0 0 0 0 0 0 0 0 0 0 0 0 1 1 1 1 1 0 0 
0 0 0 0 0 0 0 0 0 0 0 0 0 0 0 0 0 0 0 0 0 0 0 0 0 0 0 0 0 0 0 0 0 0 0 0 0 0 0 0 0 0 0 0 0 0 0 0 0 0 0 0 0 0 0 0 0 0 0 0 0 0 0 0 0 0 0 0 0 0 0 0 0 0 0 0 0 0 0 0 0 0 0 0 0 0 0 0 0 0 0 0 0 0 1 1 1 1 1 0 
0 0 0 0 0 0 0 0 0 0 0 0 0 0 0 0 0 0 0 0 0 0 0 0 0 0 0 0 0 0 0 0 0 0 0 0 0 0 0 0 0 0 0 0 0 0 0 0 0 0 0 0 0 0 0 0 0 0 0 0 0 0 0 0 0 0 0 0 0 0 0 0 0 0 0 0 0 0 0 0 0 0 0 0 0 0 0 0 0 0 0 0 0 0 0 1 1 1 1 1 
1 0 0 0 0 0 0 0 0 0 0 0 0 0 0 0 0 0 0 0 0 0 0 0 0 0 0 0 0 0 0 0 0 0 0 0 0 0 0 0 0 0 0 0 0 0 0 0 0 0 0 0 0 0 0 0 0 0 0 0 0 0 0 0 0 0 0 0 0 0 0 0 0 0 0 0 0 0 0 0 0 0 0 0 0 0 0 0 0 0 0 0 0 0 0 0 1 1 1 1 
1 1 0 0 0 0 0 0 0 0 0 0 0 0 0 0 0 0 0 0 0 0 0 0 0 0 0 0 0 0 0 0 0 0 0 0 0 0 0 0 0 0 0 0 0 0 0 0 0 0 0 0 0 0 0 0 0 0 0 0 0 0 0 0 0 0 0 0 0 0 0 0 0 0 0 0 0 0 0 0 0 0 0 0 0 0 0 0 0 0 0 0 0 0 0 0 0 1 1 1 
1 1 1 0 0 0 0 0 0 0 0 0 0 0 0 0 0 0 0 0 0 0 0 0 0 0 0 0 0 0 0 0 0 0 0 0 0 0 0 0 0 0 0 0 0 0 0 0 0 0 0 0 0 0 0 0 0 0 0 0 0 0 0 0 0 0 0 0 0 0 0 0 0 0 0 0 0 0 0 0 0 0 0 0 0 0 0 0 0 0 0 0 0 0 0 0 0 0 1 1 
1 1 1 1 0 0 0 0 0 0 0 0 0 0 0 0 0 0 0 0 0 0 0 0 0 0 0 0 0 0 0 0 0 0 0 0 0 0 0 0 0 0 0 0 0 0 0 0 0 0 0 0 0 0 0 0 0 0 0 0 0 0 0 0 0 0 0 0 0 0 0 0 0 0 0 0 0 0 0 0 0 0 0 0 0 0 0 0 0 0 0 0 0 0 0 0 0 0 0 1 
