Parameters
100 4
F_el
0.00180000000000 0.01846130467625 0.00160000000000 0.01542197309175 0.02545087446584 0.01704006796250 0.01997431142744 0.02140340958305 0.01435992639033 0.02650080124038 0.00180000000000 0.02066691374472 0.03669731865613 0.02150783694662 0.02607835974244 0.03029493118492 0.00150000000000 0.00750000000000 0.00140000000000 0.00220000000000 0.01697637457831 0.03607485941393 0.01481162123430 0.11342749225120 0.00160000000000 0.01742957504735 0.00150000000000 0.01494629502087 0.02327857037847 0.09713280876232 0.01919745223489 0.10656343056219 
0.01607195822492 0.00160000000000 0.02910653214401 0.01511370518104 0.00180000000000 0.00130000000000 0.00800000000000 0.00160000000000 0.02213174575825 0.00970000000000 0.02984834510015 0.01862205346750 0.01353267922764 0.00150000000000 0.02076220524802 0.00590000000000 0.01724680956957 0.00160000000000 0.02953367356084 0.01605592154352 0.00190000000000 0.00130000000000 0.01447863669368 0.00160000000000 0.02295947596000 0.00950000000000 0.03988934507689 0.01964282659706 0.01392959219798 0.00160000000000 0.03077089519575 0.00590000000000 
0.00170000000000 0.01610894731822 0.00160000000000 0.00260000000000 0.00140000000000 0.00200000000000 0.00140000000000 0.00180000000000 0.00140000000000 0.00190000000000 0.00140000000000 0.00180000000000 0.00130000000000 0.00150000000000 0.00130000000000 0.00150000000000 0.00170000000000 0.01642189599202 0.00160000000000 0.00280000000000 0.00140000000000 0.00200000000000 0.00140000000000 0.00180000000000 0.00140000000000 0.00190000000000 0.00140000000000 0.00190000000000 0.00130000000000 0.00150000000000 0.00130000000000 0.00150000000000 
0.00190000000000 0.00160000000000 0.00140000000000 0.00130000000000 0.01325986866364 0.00160000000000 0.00140000000000 0.00130000000000 0.01554096113376 0.00210000000000 0.00170000000000 0.00150000000000 0.01843302669183 0.01395149733564 0.00170000000000 0.00150000000000 0.02390153120381 0.01701599588425 0.02004404460245 0.00710000000000 0.08322803294700 0.06832918169734 0.02565459139278 0.01657328142730 0.01597160750366 0.00260000000000 0.03100914262628 0.01821062732876 0.02266264511983 0.01769573776409 0.11693949114077 0.02791088581386 
0.00230000000000 0.00180000000000 0.00160000000000 0.00140000000000 0.00180000000000 0.00160000000000 0.00140000000000 0.00130000000000 0.02384280867034 0.03576005922437 0.01602123202849 0.02161498459258 0.03094835618598 0.07455898153159 0.02544404606749 0.01648825185423 0.00660000000000 0.00190000000000 0.00160000000000 0.00140000000000 0.00180000000000 0.00160000000000 0.00140000000000 0.00130000000000 0.02247657351048 0.03257705222989 0.01609915697947 0.01987617928086 0.02834328752934 0.04342700958164 0.02194273587478 0.01585771335852 
0.01888913584209 0.03557529835043 0.02285676648964 0.06811148684588 0.02719213683158 0.02971103457507 0.02246462339304 0.02593995618281 0.00580000000000 0.03882360621975 0.00640000000000 0.10375765446506 0.01535466518612 0.10369024293966 0.01752511008614 0.10271959520394 0.00200000000000 0.01836977656731 0.00680000000000 0.02047407965345 0.02462048015307 0.07302074052380 0.03871792879787 0.11682686935720 0.00170000000000 0.01501892239526 0.00200000000000 0.04255920985960 0.03048505709090 0.10600277336650 0.06588427342200 0.10892928160620 
0.04629757031685 0.02652410264430 0.00190000000000 0.01584444991294 0.02959853672135 0.01847884927515 0.00600000000000 0.01326490330494 0.03303357569182 0.01983197690334 0.01557505647566 0.01809522709846 0.01961608927515 0.01601120638537 0.01288805795183 0.01682881654083 0.00170000000000 0.00150000000000 0.03530466166961 0.02084857978077 0.00530000000000 0.00160000000000 0.01980640928374 0.01641743650505 0.00150000000000 0.00140000000000 0.02255672161475 0.01751770498115 0.00170000000000 0.00140000000000 0.01692134994949 0.00970000000000 
0.03580711204108 0.02091719577607 0.02242252544627 0.01926333529308 0.01692753680151 0.00170000000000 0.01431708293248 0.00180000000000 0.01672388692271 0.00170000000000 0.01604247766534 0.00190000000000 0.00150000000000 0.00130000000000 0.00160000000000 0.00130000000000 0.00840000000000 0.00280000000000 0.01969134920281 0.00910000000000 0.00210000000000 0.00150000000000 0.00220000000000 0.00150000000000 0.00210000000000 0.00150000000000 0.00230000000000 0.00150000000000 0.00140000000000 0.00120000000000 0.00140000000000 0.00120000000000 
0.01788651817470 0.01731411518282 0.01957725639522 0.01889107853423 0.00210000000000 0.00700000000000 0.01445559295766 0.01366892343913 0.01958569054971 0.01899107133933 0.02174885814296 0.02082266066406 0.01476871802897 0.01334969679294 0.01553230236096 0.01535832119670 0.01675853130627 0.01647348834911 0.01804480705866 0.01764291854334 0.00210000000000 0.00660000000000 0.01375339867274 0.00690000000000 0.01824487733115 0.01784514402674 0.01980853769651 0.01926851917963 0.01438167660137 0.01288604403043 0.01503368457251 0.01326969037330 
0.01735682177356 0.02287344459441 0.00190000000000 0.01488306838053 0.00250000000000 0.01783295296196 0.00160000000000 0.00190000000000 0.01549795897943 0.01816544997759 0.00180000000000 0.01310925449027 0.00220000000000 0.01520821193468 0.00150000000000 0.00180000000000 0.03002778482781 0.04814966357620 0.01617365169022 0.02028511299415 0.02135568241156 0.08230046023659 0.00220000000000 0.01665529228423 0.02039041359913 0.03096991741750 0.01378742584535 0.01701196422097 0.01659823567329 0.02162014476301 0.00200000000000 0.01445451548899 
0.01708572416992 0.02724967358273 0.01718889876289 0.02735434816262 0.01570209099779 0.02548177061196 0.01580587988011 0.02558355117124 0.02265794746296 0.04467964689732 0.02276440920408 0.04658545206139 0.02069917890924 0.10665664769777 0.02080193213293 0.10627541548816 0.01696114821873 0.02644513093691 0.01697555509184 0.02654976537240 0.01549540926596 0.02442586028402 0.01559948494617 0.02453073728302 0.02223651359263 0.04870123436522 0.02234334616061 0.05120541019619 0.02028617809065 0.10576239307727 0.02038949624789 0.10549649615991 
0.02296709359065 0.00300000000000 0.02781149580624 0.00800000000000 0.02286682016697 0.00290000000000 0.01827652609976 0.00240000000000 0.01948333179337 0.00260000000000 0.02233758788169 0.00690000000000 0.02768220747623 0.01436715787518 0.01975058183065 0.00930000000000 0.01798101731571 0.00190000000000 0.01611627472827 0.00180000000000 0.00160000000000 0.00140000000000 0.00160000000000 0.00140000000000 0.01932816611033 0.00210000000000 0.01665753045345 0.00190000000000 0.00170000000000 0.00150000000000 0.00170000000000 0.00140000000000 
0.01750265188712 0.02014928065910 0.01502901320687 0.01704918051241 0.02197945312655 0.02651332720818 0.01768956389309 0.02017990544131 0.01556365901125 0.01770076383012 0.00230000000000 0.01542945997633 0.01846189082257 0.02128314951268 0.01577229032949 0.01780021623834 0.02924535011771 0.05702514417395 0.02079780840003 0.02438586918139 0.10792481109564 0.02819394303072 0.02989859121859 0.04126279271961 0.02204120075099 0.02699310777088 0.01780114460681 0.02024717527359 0.03427706177442 0.04656598406134 0.02259306551308 0.02633017484046 
0.00170000000000 0.00120000000000 0.00200000000000 0.00120000000000 0.00210000000000 0.00120000000000 0.01389824941676 0.00130000000000 0.01382343140182 0.00140000000000 0.01592616688655 0.00140000000000 0.01690163413818 0.00150000000000 0.02035824266386 0.00160000000000 0.01490718541652 0.00130000000000 0.01598984062828 0.00140000000000 0.01683060140340 0.00140000000000 0.01896539383445 0.00150000000000 0.02221485834577 0.00160000000000 0.03564728308315 0.00180000000000 0.04545019410027 0.00180000000000 0.02722434807575 0.00620000000000 
0.00200000000000 0.00190000000000 0.00120000000000 0.00120000000000 0.00200000000000 0.00190000000000 0.00120000000000 0.00120000000000 0.02349127250253 0.02286859370289 0.00150000000000 0.00150000000000 0.02349860219753 0.02287532211681 0.00150000000000 0.00150000000000 0.02873674064449 0.02750119347681 0.00160000000000 0.00160000000000 0.02883358551270 0.02751131734737 0.00160000000000 0.00160000000000 0.02470030403299 0.02576512797020 0.01923402306898 0.01901528403486 0.02469660181148 0.02576126815545 0.01923660159595 0.01901776660112 
0.00180000000000 0.00180000000000 0.00130000000000 0.00130000000000 0.00710000000000 0.00720000000000 0.00140000000000 0.00140000000000 0.00130000000000 0.00130000000000 0.00110000000000 0.00110000000000 0.00140000000000 0.00140000000000 0.00120000000000 0.00120000000000 0.00590000000000 0.00600000000000 0.00130000000000 0.00130000000000 0.01507849035016 0.01508441212468 0.00150000000000 0.00150000000000 0.00130000000000 0.00130000000000 0.00110000000000 0.00110000000000 0.00140000000000 0.00140000000000 0.00120000000000 0.00120000000000 
0.00190000000000 0.00170000000000 0.00130000000000 0.00130000000000 0.00170000000000 0.00160000000000 0.00130000000000 0.00120000000000 0.00170000000000 0.00160000000000 0.00130000000000 0.00120000000000 0.00160000000000 0.00150000000000 0.00120000000000 0.00120000000000 0.00110000000000 0.00110000000000 0.00100000000000 0.00100000000000 0.00110000000000 0.00110000000000 0.00100000000000 0.00100000000000 0.00110000000000 0.00110000000000 0.00100000000000 0.00100000000000 0.00110000000000 0.00110000000000 0.00100000000000 0.00100000000000 
0.01783055539109 0.00170000000000 0.00160000000000 0.00120000000000 0.00280000000000 0.00150000000000 0.00150000000000 0.00120000000000 0.02173587767963 0.02083899195075 0.02449783997954 0.01547868764548 0.01251944131694 0.00990000000000 0.02097294503247 0.00160000000000 0.01551717695841 0.00150000000000 0.00150000000000 0.00120000000000 0.00230000000000 0.00150000000000 0.00140000000000 0.00120000000000 0.01948403390853 0.01767330501082 0.02005280293531 0.00170000000000 0.00290000000000 0.00650000000000 0.00580000000000 0.00150000000000 
0.01482202839964 0.00130000000000 0.00210000000000 0.00130000000000 0.02910597921430 0.01850073780105 0.01828805184844 0.00220000000000 0.01470965182523 0.00130000000000 0.00210000000000 0.00130000000000 0.02858507836689 0.01830340074444 0.01817407906855 0.00210000000000 0.01535215139731 0.00130000000000 0.00220000000000 0.00130000000000 0.02810040824432 0.01901058145811 0.01829642606123 0.01841713209556 0.01514899478175 0.00130000000000 0.00220000000000 0.00130000000000 0.02758923783432 0.01881201608476 0.01818377052442 0.01822073524349 
0.05012810811677 0.11699033368349 0.00150000000000 0.00150000000000 0.10370707621372 0.12479318011758 0.00150000000000 0.00160000000000 0.02605938215979 0.10391984938911 0.01666581982410 0.01700345254749 0.02698470506182 0.10306113404188 0.01728237679003 0.01762585868135 0.02631797058702 0.10553309448349 0.00590000000000 0.00550000000000 0.10424191249326 0.10596375447080 0.00590000000000 0.00550000000000 0.02210712647150 0.10244896925153 0.01782537615148 0.01795580743475 0.02302291858287 0.10309553034123 0.01853745683267 0.01865441811088 
0.01767429970426 0.00200000000000 0.01581674962832 0.00180000000000 0.01778359997121 0.00220000000000 0.01601780744729 0.00180000000000 0.01904376943426 0.00180000000000 0.01723125096475 0.00160000000000 0.01904763299920 0.00180000000000 0.01732556057422 0.00160000000000 0.01925863217417 0.00190000000000 0.01763746614827 0.00160000000000 0.01924840290628 0.00200000000000 0.01757598608615 0.00170000000000 0.02093912003246 0.00160000000000 0.01943194250253 0.00150000000000 0.02074988748815 0.00170000000000 0.01924744087493 0.00150000000000 
0.01444615976099 0.00230000000000 0.01373853221916 0.00240000000000 0.00910000000000 0.01000000000000 0.00970000000000 0.00410000000000 0.00220000000000 0.00200000000000 0.00220000000000 0.00210000000000 0.00910000000000 0.00270000000000 0.00970000000000 0.00290000000000 0.01713454018368 0.01390275070013 0.01670962738649 0.00780000000000 0.02005905137558 0.01718965204009 0.02115345991475 0.01827801210537 0.01661032904485 0.00700000000000 0.01598987315545 0.00710000000000 0.02067236804368 0.01627110425628 0.02086661086246 0.01691620075588 
0.00170000000000 0.00160000000000 0.00160000000000 0.00160000000000 0.00150000000000 0.00150000000000 0.00150000000000 0.00150000000000 0.00170000000000 0.00170000000000 0.00160000000000 0.00160000000000 0.00150000000000 0.00150000000000 0.00150000000000 0.00150000000000 0.00170000000000 0.00170000000000 0.00170000000000 0.00170000000000 0.00160000000000 0.00150000000000 0.00150000000000 0.00150000000000 0.00180000000000 0.00170000000000 0.00170000000000 0.00170000000000 0.00160000000000 0.00160000000000 0.00160000000000 0.00150000000000 
0.01520468770870 0.01599231948613 0.01581918664953 0.01667783156849 0.01510525182880 0.01596892697408 0.01571648905476 0.01664123783477 0.02087081682011 0.01000000000000 0.02149077229479 0.02044471264567 0.02067288048695 0.00990000000000 0.02129078272920 0.01830585367554 0.08888881227649 0.03583536562293 0.03716834703530 0.02851963503727 0.08137966049802 0.03573370487228 0.03716761133620 0.02851282046084 0.10396282967746 0.00530000000000 0.03621906914219 0.00480000000000 0.10422912162004 0.00530000000000 0.03610163105008 0.00480000000000 
0.00150000000000 0.00150000000000 0.00140000000000 0.00150000000000 0.00190000000000 0.00190000000000 0.00180000000000 0.00180000000000 0.02379637628300 0.02521941555067 0.02222167051778 0.02313986220287 0.02771219141309 0.03250439483968 0.03128789252162 0.03765383567986 0.00150000000000 0.00160000000000 0.00150000000000 0.00150000000000 0.00220000000000 0.00220000000000 0.00200000000000 0.00200000000000 0.02804795186978 0.03129477958143 0.02630276472442 0.02921327802167 0.02901204682256 0.02629314096400 0.02299253174186 0.02142766078871 
0.00180000000000 0.00180000000000 0.00190000000000 0.00190000000000 0.04277898022491 0.04181776745812 0.04536395322498 0.04638788905917 0.01772653725765 0.01698871845755 0.01790079976925 0.01733395343536 0.00760000000000 0.00220000000000 0.00710000000000 0.00210000000000 0.00240000000000 0.00230000000000 0.00260000000000 0.00250000000000 0.01521238874894 0.01444603730430 0.01466071061637 0.01376723536212 0.01462807304831 0.00850000000000 0.01402008429132 0.00760000000000 0.00150000000000 0.00140000000000 0.00140000000000 0.00140000000000 
0.01895351214452 0.03148937421197 0.00150000000000 0.00160000000000 0.00150000000000 0.00160000000000 0.00110000000000 0.00120000000000 0.02977112103064 0.05761795900971 0.00210000000000 0.01470053780101 0.00210000000000 0.01436984136069 0.00120000000000 0.00130000000000 0.02097655231784 0.04648499202242 0.00160000000000 0.00180000000000 0.00160000000000 0.00190000000000 0.00120000000000 0.00120000000000 0.02127585313634 0.02102982710025 0.00600000000000 0.01406427756326 0.00590000000000 0.00700000000000 0.00130000000000 0.00140000000000 
0.01751009818313 0.03975762854638 0.01606391494493 0.04193504937586 0.01762023211798 0.03641815288410 0.01333745465697 0.02556066954732 0.02657404682175 0.02926574289190 0.01576899574115 0.10111839096641 0.01659367447668 0.03731556240627 0.01463477234910 0.10265656834463 0.02153020773919 0.00190000000000 0.03784710460825 0.01694208244514 0.03052560285298 0.01759520164484 0.07034030157412 0.02131620598874 0.00820000000000 0.00170000000000 0.03071300632980 0.00510000000000 0.02668188200080 0.00740000000000 0.03673683785229 0.02199044352542 
0.02338161781465 0.02110586144473 0.02059420870920 0.01967266190822 0.00720000000000 0.00680000000000 0.01497413930437 0.01288637903959 0.01682250362698 0.01829898379688 0.02263841078584 0.02558101893332 0.01413925362813 0.01564418698116 0.02688495495873 0.05339280378699 0.00200000000000 0.00180000000000 0.00170000000000 0.00160000000000 0.00180000000000 0.00160000000000 0.00160000000000 0.00150000000000 0.04557139334031 0.12578798172882 0.03659466624418 0.03121415683456 0.01894072465514 0.01766063570473 0.01874354391573 0.01802168460885 
0.02348394853258 0.02137507549412 0.00730000000000 0.00790000000000 0.00240000000000 0.00150000000000 0.00720000000000 0.00160000000000 0.01458289935321 0.00150000000000 0.00660000000000 0.00160000000000 0.00120000000000 0.00110000000000 0.00130000000000 0.00110000000000 0.01455093229220 0.00160000000000 0.00680000000000 0.00170000000000 0.00130000000000 0.00110000000000 0.00130000000000 0.00120000000000 0.00130000000000 0.00110000000000 0.00130000000000 0.00120000000000 0.00110000000000 0.00100000000000 0.00110000000000 0.00100000000000 
0.03314596437889 0.01684123273365 0.02062136846182 0.00770000000000 0.00160000000000 0.00150000000000 0.00140000000000 0.00140000000000 0.01412171970652 0.00700000000000 0.01585937734075 0.01292389652585 0.01832581031109 0.00690000000000 0.01466215181305 0.00590000000000 0.01820833777583 0.00720000000000 0.01514709397807 0.00620000000000 0.00140000000000 0.00140000000000 0.00130000000000 0.00130000000000 0.01630142830639 0.01430691798654 0.02176272726724 0.02640956241274 0.00720000000000 0.00580000000000 0.00600000000000 0.00200000000000 
0.00150000000000 0.01394977127799 0.00170000000000 0.01501815156531 0.01573562567397 0.02718312983659 0.01725058841992 0.04610552123393 0.00640000000000 0.01949274139250 0.01308953082682 0.02731881055282 0.02493155390071 0.02371617887398 0.04086042378682 0.01944947675325 0.00200000000000 0.01873350990261 0.01411243075611 0.02307633450550 0.02255800520725 0.10197622241753 0.02913524493006 0.02591441165084 0.01694334323632 0.03517322818129 0.02070898488988 0.02255252398149 0.10222848028135 0.01572183864835 0.10582513480228 0.00750000000000 
0.00190000000000 0.00120000000000 0.00120000000000 0.00110000000000 0.00180000000000 0.00120000000000 0.00120000000000 0.00110000000000 0.00120000000000 0.00110000000000 0.00110000000000 0.00100000000000 0.00120000000000 0.00100000000000 0.00110000000000 0.00100000000000 0.03731584583801 0.00190000000000 0.00230000000000 0.00120000000000 0.05103403319220 0.00180000000000 0.00210000000000 0.00120000000000 0.01320381371478 0.00120000000000 0.00130000000000 0.00110000000000 0.01306899341199 0.00120000000000 0.00130000000000 0.00110000000000 
0.02688396536666 0.01508457233866 0.02266091945031 0.01455123831170 0.04229529310085 0.01915023754806 0.08727210968545 0.01767205631622 0.01903998436388 0.00200000000000 0.01769009032843 0.00180000000000 0.03164023208260 0.01540760588194 0.02494000805693 0.01484930230661 0.02729888147001 0.01510204269256 0.02287729975057 0.01464961091019 0.04035374945080 0.01935193205547 0.10263784563508 0.01778201909004 0.01915447850296 0.00200000000000 0.01779704441663 0.00180000000000 0.03253562352415 0.01551207421075 0.02534214848412 0.01495099629258 
0.00170000000000 0.00140000000000 0.00230000000000 0.00160000000000 0.01887675212180 0.00620000000000 0.02876288964625 0.00810000000000 0.00120000000000 0.00110000000000 0.00130000000000 0.00120000000000 0.00150000000000 0.00130000000000 0.00170000000000 0.00140000000000 0.00150000000000 0.00130000000000 0.00170000000000 0.00140000000000 0.01780161672548 0.00180000000000 0.02389853502650 0.00700000000000 0.00120000000000 0.00110000000000 0.00120000000000 0.00110000000000 0.00140000000000 0.00120000000000 0.00150000000000 0.00130000000000 
0.01652947454372 0.00160000000000 0.00120000000000 0.00110000000000 0.00130000000000 0.00120000000000 0.00110000000000 0.00100000000000 0.01859044654736 0.00600000000000 0.00140000000000 0.00120000000000 0.00150000000000 0.00120000000000 0.00110000000000 0.00100000000000 0.01708596010428 0.00210000000000 0.00140000000000 0.00120000000000 0.00150000000000 0.00130000000000 0.00110000000000 0.00100000000000 0.00830000000000 0.00390000000000 0.00160000000000 0.00130000000000 0.00190000000000 0.00140000000000 0.00120000000000 0.00110000000000 
0.02627149050444 0.00150000000000 0.01909316700765 0.01576598842453 0.01570686365467 0.00130000000000 0.02612773650695 0.00190000000000 0.02646104005779 0.01761355241297 0.01666198606896 0.03801685880143 0.04924972689657 0.01258787655510 0.01775387809476 0.02046623114339 0.02555371415710 0.00150000000000 0.01868781772506 0.01554288748249 0.01548210995036 0.00130000000000 0.02554228400896 0.00190000000000 0.02615714363775 0.01739111766892 0.01644742877917 0.03730737919270 0.04914098929734 0.00620000000000 0.01754100145757 0.02015810871474 
0.04900886443264 0.01514885701025 0.03456267125161 0.00220000000000 0.03470000396226 0.01504545696880 0.02882896288678 0.00220000000000 0.06146381967947 0.01815786910970 0.04313936633800 0.01771117576207 0.04184691667493 0.01785606707786 0.03476270535139 0.01749899867677 0.04972845802409 0.01514994768619 0.03476466367925 0.00220000000000 0.03490349623243 0.01504645235396 0.02893143282288 0.00220000000000 0.06258783417115 0.01816000471398 0.04354131287553 0.01771288880196 0.04214175839453 0.01785789527492 0.03495778793386 0.01750049195268 
0.02676706142342 0.02179617289849 0.01971202491124 0.01854787382578 0.01790122895162 0.01606667600973 0.01578982181205 0.01499808175392 0.01801708607015 0.10587392373375 0.12389061806422 0.10297187121784 0.00270000000000 0.00960000000000 0.10331756252614 0.02394331341201 0.01660328518075 0.02319554997687 0.02776350300595 0.10649439833375 0.00240000000000 0.01709480360567 0.02072345257344 0.05607736295297 0.00150000000000 0.00180000000000 0.01520827314309 0.02229511706983 0.00140000000000 0.00160000000000 0.00190000000000 0.01519371784230 
0.02021386975706 0.03842944778955 0.02689692032355 0.06193770144005 0.00190000000000 0.00200000000000 0.01492718995720 0.01000000000000 0.01728625023939 0.02047928608868 0.02275053848928 0.03110244900378 0.00160000000000 0.00170000000000 0.00920000000000 0.00990000000000 0.03019602035871 0.01992506600479 0.04234954024395 0.02594558133527 0.01710246479896 0.01656856283682 0.01670289063557 0.01889189477868 0.05495080615164 0.02290753018434 0.05137458033206 0.03149368656674 0.01369723827358 0.01517408307094 0.01611075159002 0.01776519179229 
0.01853166428858 0.01403906285118 0.00160000000000 0.00150000000000 0.02870001241373 0.01844125757327 0.00190000000000 0.00170000000000 0.01421852762485 0.00190000000000 0.00140000000000 0.00130000000000 0.01863289926583 0.00920000000000 0.00150000000000 0.00140000000000 0.01783143474251 0.01408870908558 0.00160000000000 0.00150000000000 0.02598492958552 0.01772252881869 0.00190000000000 0.00170000000000 0.01493400411582 0.00190000000000 0.00140000000000 0.00130000000000 0.01798791055079 0.00290000000000 0.00150000000000 0.00140000000000 
0.02101274070090 0.01500509689357 0.01745529459612 0.00210000000000 0.03372790533589 0.01591208368520 0.02046273091649 0.01378728267967 0.02069825897087 0.01491106040969 0.01727167216484 0.00200000000000 0.03155713276497 0.01572087844646 0.02007163104869 0.01368912963262 0.01821123888290 0.00210000000000 0.01629844471891 0.00170000000000 0.02090932459468 0.01520115222564 0.01753323152364 0.00210000000000 0.01801970315800 0.00210000000000 0.01620667579735 0.00170000000000 0.02059956180740 0.01510488146649 0.01734595732499 0.00210000000000 
0.00170000000000 0.06993959956046 0.00720000000000 0.00670000000000 0.00170000000000 0.10261242466621 0.00720000000000 0.00680000000000 0.00170000000000 0.10445991165353 0.00710000000000 0.00700000000000 0.00170000000000 0.10584585968359 0.00710000000000 0.00710000000000 0.00140000000000 0.01773749021098 0.00180000000000 0.00630000000000 0.00140000000000 0.01792266825766 0.00180000000000 0.00640000000000 0.00130000000000 0.01734458271926 0.00170000000000 0.00660000000000 0.00130000000000 0.01752756174019 0.00170000000000 0.00670000000000 
0.00140000000000 0.00220000000000 0.00130000000000 0.00170000000000 0.00120000000000 0.00150000000000 0.00120000000000 0.00140000000000 0.00130000000000 0.01287713400395 0.00120000000000 0.00150000000000 0.00120000000000 0.00130000000000 0.00110000000000 0.00130000000000 0.00120000000000 0.00150000000000 0.00120000000000 0.00130000000000 0.00110000000000 0.00120000000000 0.00110000000000 0.00120000000000 0.00120000000000 0.00140000000000 0.00110000000000 0.00130000000000 0.00110000000000 0.00120000000000 0.00110000000000 0.00110000000000 
0.00150000000000 0.00150000000000 0.00150000000000 0.00150000000000 0.02077120587306 0.01983582766934 0.02118487759516 0.02022878619515 0.01908642558294 0.01792918726107 0.01959769055918 0.01824827449561 0.03202709591815 0.02811308730919 0.03037962513182 0.02697943718407 0.01705822566183 0.01624047276049 0.01727999435078 0.01644134083886 0.03866176409695 0.03210185137298 0.03574647868253 0.03049227600817 0.02107182766965 0.01886095050364 0.02016527064089 0.01822753296685 0.01680370634895 0.01695008458524 0.01678853525072 0.01686227737665 
0.00190000000000 0.00780000000000 0.02697354733681 0.04406347794073 0.00120000000000 0.00120000000000 0.00160000000000 0.00190000000000 0.01489797632754 0.01670024683610 0.04070046291810 0.02799140137288 0.00120000000000 0.00130000000000 0.00190000000000 0.01584679029631 0.01787440944788 0.03638918256312 0.04450236153970 0.02443447292044 0.00130000000000 0.00150000000000 0.01645637438905 0.01852735865974 0.02451019414732 0.10321905677467 0.03012513188610 0.02135139398066 0.00140000000000 0.00160000000000 0.01871350762429 0.02394788768271 
0.01609954567069 0.01452887540927 0.00140000000000 0.00130000000000 0.02956509873185 0.02070707920849 0.00190000000000 0.00470000000000 0.02171119173527 0.01532773581996 0.00160000000000 0.00460000000000 0.02993412497186 0.02416323377535 0.00610000000000 0.01399288300664 0.01547079486575 0.01453065843078 0.00140000000000 0.00130000000000 0.02688432002184 0.02031464437517 0.00180000000000 0.00470000000000 0.02070175648404 0.01530417334964 0.00160000000000 0.00460000000000 0.02697265266475 0.02356676684180 0.00610000000000 0.01400999896135 
0.00150000000000 0.00130000000000 0.00140000000000 0.00120000000000 0.01600238399328 0.00190000000000 0.00630000000000 0.00160000000000 0.00150000000000 0.00130000000000 0.00140000000000 0.00120000000000 0.01633992440664 0.00200000000000 0.01474475251606 0.00160000000000 0.02089947589908 0.00710000000000 0.01709041484831 0.00200000000000 0.01863619992122 0.03963965446218 0.02268196044367 0.02164367506386 0.03347698419056 0.01748531137552 0.02292892834259 0.01586476799000 0.02682127541636 0.09131964545142 0.10320639745085 0.03092637600467 
0.02174294264316 0.02517027930722 0.00700000000000 0.02219422652572 0.02023079657542 0.02216732345704 0.00650000000000 0.01940304590761 0.03650238958921 0.01922897578184 0.01582932874847 0.10268254967545 0.03180466313068 0.01765922846470 0.01520366312880 0.10267757753898 0.01947065623543 0.03110541694947 0.00200000000000 0.01883562260228 0.01802301793780 0.02429923566256 0.00190000000000 0.01712139410446 0.03002971808346 0.01937031735875 0.01489496497535 0.10626109210932 0.02609154814576 0.01749618364259 0.00720000000000 0.10638661427056 
0.01736407836796 0.02049538759563 0.02288694761995 0.02945685022711 0.02586283103499 0.02072394167123 0.04335612742275 0.02852255825052 0.01710487522268 0.02139826197439 0.02474254451076 0.10339434955086 0.02175115226461 0.01817553274030 0.10251495602690 0.02575883854962 0.02624991493776 0.02172723373962 0.10589329760522 0.02981133821940 0.00180000000000 0.00170000000000 0.00190000000000 0.00170000000000 0.02296232030281 0.01952733852345 0.10201076586462 0.02734230689855 0.00170000000000 0.00160000000000 0.00170000000000 0.00160000000000 
0.01622230742342 0.01472824468756 0.01938833241070 0.01698595150637 0.02887359148132 0.02575046465481 0.05292419926765 0.04630779772664 0.02297002693164 0.01944780009324 0.03962079448123 0.02989162406602 0.03468841846642 0.03032593937163 0.02658022276704 0.02404092819690 0.00140000000000 0.00140000000000 0.00150000000000 0.00150000000000 0.00170000000000 0.00170000000000 0.00190000000000 0.00190000000000 0.00160000000000 0.00160000000000 0.00180000000000 0.00180000000000 0.00720000000000 0.00230000000000 0.01467109486405 0.01430159704576 
0.00160000000000 0.00140000000000 0.00180000000000 0.00150000000000 0.04711127252598 0.02016923086716 0.00690000000000 0.01885140901352 0.00150000000000 0.00130000000000 0.00170000000000 0.00140000000000 0.10302353856099 0.02041865602723 0.01625848600422 0.01858622355651 0.01553522123119 0.00180000000000 0.00760000000000 0.00220000000000 0.02028375199063 0.10412109519903 0.00170000000000 0.00620000000000 0.01621396422461 0.00160000000000 0.00680000000000 0.00190000000000 0.03200863657599 0.10521674878624 0.00210000000000 0.01543830026043 
0.02306825159664 0.02913120785875 0.01938763676467 0.02264871423261 0.00200000000000 0.00650000000000 0.00180000000000 0.00200000000000 0.02905503923108 0.04264537912664 0.02215087116736 0.02729737046495 0.00240000000000 0.01473640198282 0.00200000000000 0.00230000000000 0.01504408997574 0.01721382084781 0.00670000000000 0.01568043833566 0.00160000000000 0.00170000000000 0.00150000000000 0.00150000000000 0.01641862032068 0.01900252210561 0.01501915913573 0.01690249148695 0.00170000000000 0.00180000000000 0.00160000000000 0.00160000000000 
0.01841774253636 0.01759898925874 0.02090041794352 0.12160782687468 0.02298042394484 0.01586203396867 0.10294526360945 0.10650634888144 0.02255620885305 0.00210000000000 0.10397072685426 0.10466255364435 0.04117989251319 0.00170000000000 0.10617597366697 0.03546860448964 0.04316613662380 0.00160000000000 0.10926729683728 0.02681850322361 0.02410082024374 0.00150000000000 0.11384755399776 0.02095918624652 0.02074133618721 0.00140000000000 0.11311794564303 0.01920780361779 0.01707896312961 0.00130000000000 0.12730917336178 0.01703046847129 
0.00150000000000 0.00120000000000 0.01510103246540 0.00170000000000 0.00130000000000 0.00120000000000 0.00190000000000 0.00140000000000 0.00120000000000 0.00110000000000 0.00150000000000 0.00130000000000 0.00110000000000 0.00110000000000 0.00130000000000 0.00120000000000 0.00150000000000 0.00130000000000 0.01422229846766 0.00180000000000 0.00130000000000 0.00120000000000 0.00200000000000 0.00140000000000 0.00120000000000 0.00110000000000 0.00150000000000 0.00130000000000 0.00120000000000 0.00110000000000 0.00140000000000 0.00120000000000 
0.04187266106984 0.03835025364540 0.00740000000000 0.01652937733351 0.00170000000000 0.00150000000000 0.00750000000000 0.00230000000000 0.02411655013422 0.05392167145477 0.00620000000000 0.00750000000000 0.00170000000000 0.00150000000000 0.00740000000000 0.00680000000000 0.02617381094886 0.03100197151841 0.00600000000000 0.00740000000000 0.00160000000000 0.00150000000000 0.00700000000000 0.00210000000000 0.01913458120610 0.03101825124564 0.00220000000000 0.00630000000000 0.00170000000000 0.00150000000000 0.00710000000000 0.00220000000000 
0.00140000000000 0.00130000000000 0.00120000000000 0.00110000000000 0.00150000000000 0.00130000000000 0.00120000000000 0.00110000000000 0.00140000000000 0.00120000000000 0.00120000000000 0.00110000000000 0.00140000000000 0.00130000000000 0.00120000000000 0.00110000000000 0.00130000000000 0.00120000000000 0.00110000000000 0.00110000000000 0.00130000000000 0.00120000000000 0.00110000000000 0.00110000000000 0.00130000000000 0.00120000000000 0.00110000000000 0.00110000000000 0.00130000000000 0.00120000000000 0.00110000000000 0.00110000000000 
0.01470940855211 0.01985514361264 0.01907118807900 0.02189409321435 0.00180000000000 0.00860000000000 0.00200000000000 0.01375672201249 0.11163901446807 0.00150000000000 0.05688725286940 0.00150000000000 0.00820000000000 0.00140000000000 0.01650675546099 0.00140000000000 0.01760386502802 0.01634803276203 0.02770003790161 0.01736634814354 0.00220000000000 0.00220000000000 0.00290000000000 0.00200000000000 0.02070318515087 0.00140000000000 0.01798095692098 0.00130000000000 0.00760000000000 0.00130000000000 0.00740000000000 0.00130000000000 
0.00170000000000 0.00170000000000 0.00170000000000 0.00170000000000 0.00130000000000 0.00130000000000 0.00130000000000 0.00130000000000 0.10490935416329 0.10563020230585 0.10473556878016 0.04067545603290 0.02003548013172 0.01983823829230 0.01945048323006 0.01933598707831 0.00160000000000 0.00160000000000 0.00160000000000 0.00160000000000 0.00130000000000 0.00130000000000 0.00130000000000 0.00130000000000 0.00710000000000 0.00710000000000 0.00710000000000 0.00710000000000 0.03484921497854 0.03488331832519 0.03482026305291 0.03486232003614 
0.00160000000000 0.00140000000000 0.00110000000000 0.00110000000000 0.01802424042477 0.00270000000000 0.00140000000000 0.00130000000000 0.00150000000000 0.00140000000000 0.00110000000000 0.00110000000000 0.01819479626442 0.00240000000000 0.00130000000000 0.00130000000000 0.01746135265742 0.00230000000000 0.00130000000000 0.00130000000000 0.02814675357891 0.00290000000000 0.00210000000000 0.00170000000000 0.01774606831569 0.00220000000000 0.00130000000000 0.00120000000000 0.10636500627634 0.00270000000000 0.00190000000000 0.00170000000000 
0.00140000000000 0.00120000000000 0.01576887173527 0.00140000000000 0.00150000000000 0.00120000000000 0.00630000000000 0.00160000000000 0.00110000000000 0.00100000000000 0.00130000000000 0.00110000000000 0.00110000000000 0.00100000000000 0.00140000000000 0.00110000000000 0.00130000000000 0.00110000000000 0.01390764581738 0.00130000000000 0.00140000000000 0.00110000000000 0.00600000000000 0.00140000000000 0.00110000000000 0.00100000000000 0.00130000000000 0.00110000000000 0.00110000000000 0.00100000000000 0.00130000000000 0.00110000000000 
0.00210000000000 0.03252922020484 0.00630000000000 0.02086517568617 0.03688168915384 0.00160000000000 0.02130616486936 0.00160000000000 0.00120000000000 0.00190000000000 0.00120000000000 0.00610000000000 0.00220000000000 0.00950000000000 0.00650000000000 0.00670000000000 0.00730000000000 0.00210000000000 0.00760000000000 0.00230000000000 0.00190000000000 0.00120000000000 0.00200000000000 0.00120000000000 0.00130000000000 0.00300000000000 0.00140000000000 0.00700000000000 0.00760000000000 0.00180000000000 0.01295614747175 0.00180000000000 
0.01736215012500 0.01741107942401 0.01785056215886 0.01529097251741 0.04897113447239 0.02922938008981 0.00160000000000 0.00180000000000 0.01736609040834 0.01707794533632 0.08124931594123 0.05026435250603 0.02510190305648 0.02565300259276 0.02455125184906 0.02060971981112 0.01984699255010 0.01603638013637 0.04896496187559 0.03806257287685 0.02649735035397 0.02733243168136 0.02684366552359 0.01987973876553 0.00910000000000 0.00850000000000 0.03923898030995 0.03437765002668 0.01858208571947 0.01792161501029 0.03521894645968 0.02881505601399 
0.01750794000266 0.00150000000000 0.02119347392175 0.00180000000000 0.00170000000000 0.00130000000000 0.00210000000000 0.00140000000000 0.01588479677757 0.00150000000000 0.01786543558203 0.00170000000000 0.00170000000000 0.00120000000000 0.00190000000000 0.00130000000000 0.02118918807620 0.00150000000000 0.03068649610403 0.00170000000000 0.00170000000000 0.00130000000000 0.00200000000000 0.00130000000000 0.01903294625259 0.00150000000000 0.02365306990623 0.00160000000000 0.00160000000000 0.00120000000000 0.00190000000000 0.00130000000000 
0.01554064993357 0.00200000000000 0.01588673503266 0.00180000000000 0.01756054821810 0.00190000000000 0.01753207713234 0.00170000000000 0.01415884436842 0.00190000000000 0.01453297802911 0.00170000000000 0.01628232200746 0.00170000000000 0.01635230779950 0.00160000000000 0.12073231227932 0.09728185651741 0.07573169903885 0.02666040494913 0.03483768717938 0.02665104074061 0.02936097268117 0.02457427921254 0.04341842222453 0.02416416144853 0.03025516882208 0.02234491533769 0.02984285120314 0.02371567933072 0.02633141926270 0.02241313409788 
0.00160000000000 0.00170000000000 0.00140000000000 0.00150000000000 0.00150000000000 0.00160000000000 0.00130000000000 0.00140000000000 0.01777470644276 0.01790362587721 0.01574312332884 0.01611053145493 0.01448299821347 0.01439110771223 0.00930000000000 0.00960000000000 0.02205665155683 0.02544808097589 0.01744814925684 0.02142395374668 0.01643632487197 0.01727970301241 0.01446167461193 0.01494851187299 0.03438851572116 0.02422592079685 0.03347976102788 0.03657673024694 0.02415361297127 0.01887790176908 0.02679016559267 0.03014387807380 
0.01600247999237 0.02316555822616 0.02264848926593 0.07129833574601 0.01576537803558 0.02142119595611 0.02159178887089 0.03393585889673 0.03903087573739 0.11058018768507 0.10536022171787 0.10788909562729 0.02907730151902 0.11954620663201 0.10357812612131 0.11357780195005 0.02257365007307 0.11494673128987 0.10245430897492 0.10910366389856 0.01979534165428 0.10491916365175 0.10229635644166 0.10622944078660 0.10260034711735 0.10339587432464 0.10948513194949 0.10357076406967 0.10745075095339 0.10469248948701 0.11011694065116 0.10502312804519 
0.03051031051776 0.04115737543812 0.04452516376275 0.10903955740175 0.02174593515869 0.02638544847311 0.02568573440093 0.03272901589478 0.00200000000000 0.00220000000000 0.00220000000000 0.01576511401173 0.00170000000000 0.00180000000000 0.00180000000000 0.00200000000000 0.01735523381692 0.01986632074738 0.01914988811713 0.02215193630494 0.01539699928562 0.01734079224229 0.01658184601808 0.01891304979558 0.00150000000000 0.00160000000000 0.00160000000000 0.00170000000000 0.00140000000000 0.00150000000000 0.00150000000000 0.00150000000000 
0.03448767340750 0.04425075327694 0.01597038024660 0.01483276125613 0.01810774808536 0.01831840639279 0.03900956534651 0.03170741202713 0.01524581840149 0.01535848130782 0.10354768257877 0.10244879404240 0.00170000000000 0.00170000000000 0.02257034279728 0.02339109978267 0.02205651559055 0.01935867564595 0.00170000000000 0.00160000000000 0.02441018423121 0.02582016763683 0.02008146407861 0.01853054013464 0.02172463320901 0.02314276216291 0.01699680510109 0.01543620902208 0.01604579076335 0.01607154383683 0.06843572907787 0.05557497070486 
0.00220000000000 0.00120000000000 0.00170000000000 0.00110000000000 0.00210000000000 0.00120000000000 0.00170000000000 0.00110000000000 0.00150000000000 0.00110000000000 0.00140000000000 0.00110000000000 0.00150000000000 0.00110000000000 0.00140000000000 0.00110000000000 0.02143080360215 0.00140000000000 0.01765528239930 0.00130000000000 0.02072042863320 0.00130000000000 0.01733655757559 0.00120000000000 0.01545127197085 0.00120000000000 0.01462263058881 0.00120000000000 0.01514654009897 0.00120000000000 0.01260309217975 0.00110000000000 
0.02123059932760 0.01828917487048 0.01553889295966 0.01866000471363 0.06781518206008 0.02543293813385 0.00180000000000 0.01499610030430 0.06890806550009 0.03448780302159 0.01554380351295 0.01748993209421 0.02432952791120 0.03478460261234 0.00160000000000 0.01512226924303 0.01575864295942 0.01502757982681 0.01953169060910 0.02789544826834 0.02168295005799 0.01791082547458 0.01476459100698 0.01786854592047 0.03138961796548 0.02164810089996 0.01765402793666 0.02048361504033 0.12949425884384 0.10755015859524 0.01498548542941 0.01691832615919 
0.03263532421534 0.03071364770180 0.03565916977662 0.01936463988974 0.01674447676704 0.02502371121229 0.02164440984142 0.04106383505821 0.02376422438346 0.01761540024145 0.01772488919688 0.01416563848604 0.02972143329319 0.02156344565572 0.02298936830274 0.01470185970022 0.01524436062296 0.01968644575229 0.01793881736833 0.10261212809759 0.00600000000000 0.00750000000000 0.00670000000000 0.01598689082070 0.02234881494006 0.08303785196717 0.05051653347610 0.02339750082649 0.00880000000000 0.01903821267559 0.01736340439817 0.03101452739035 
0.00160000000000 0.01639359225722 0.00160000000000 0.01630225912122 0.00160000000000 0.01608021312455 0.00160000000000 0.01607407886442 0.00190000000000 0.01957350311203 0.00190000000000 0.01937283699943 0.00180000000000 0.01904636318668 0.00180000000000 0.01885088887265 0.00180000000000 0.01853927980305 0.00180000000000 0.01843483706201 0.00170000000000 0.01813234323691 0.00170000000000 0.01803128183494 0.01347145545131 0.02295437567834 0.01347450659168 0.02263966540226 0.01334716945231 0.02213521109726 0.01327652161748 0.02183265800299 
0.00170000000000 0.00130000000000 0.01463975316790 0.00150000000000 0.00260000000000 0.00140000000000 0.01981629298966 0.00190000000000 0.00150000000000 0.00120000000000 0.00230000000000 0.00140000000000 0.00190000000000 0.00130000000000 0.00580000000000 0.00170000000000 0.01492344409776 0.00140000000000 0.02807531944691 0.00190000000000 0.03085811956865 0.00180000000000 0.00700000000000 0.00610000000000 0.00200000000000 0.00130000000000 0.02167303130334 0.00170000000000 0.00600000000000 0.00160000000000 0.01812812422827 0.00240000000000 
0.01610296316309 0.00180000000000 0.00780000000000 0.00170000000000 0.00150000000000 0.00130000000000 0.00150000000000 0.00130000000000 0.03007197114317 0.01603870648951 0.02214697311037 0.00740000000000 0.00240000000000 0.00160000000000 0.00210000000000 0.00150000000000 0.03344251531420 0.01904994226911 0.02567410169583 0.01677021834477 0.01914955617505 0.00190000000000 0.01815424101115 0.00180000000000 0.03108203903305 0.10278519123699 0.05208778974784 0.10341515813065 0.02885259857684 0.01988136382469 0.02454477124969 0.01859881400391 
0.01578337562798 0.02032740571032 0.00200000000000 0.01515034082884 0.02318457379694 0.01706574097493 0.03851960256409 0.02135922286500 0.03282224951562 0.04998152043092 0.02328881217873 0.03430976337146 0.01906105975873 0.01622728667781 0.02301506498070 0.01886235378938 0.00120000000000 0.00130000000000 0.00120000000000 0.00120000000000 0.00200000000000 0.01429141941870 0.00160000000000 0.00170000000000 0.00160000000000 0.00180000000000 0.00140000000000 0.00150000000000 0.02105257323188 0.02953931760542 0.01861106653162 0.02213081108038 
0.00160000000000 0.00170000000000 0.01476764675742 0.01522652991112 0.00160000000000 0.00160000000000 0.01480330745019 0.01523395345456 0.01966998927506 0.02066840765397 0.04837488618948 0.03829990515697 0.01855806676711 0.01917266888158 0.03198592512958 0.03504507651640 0.00120000000000 0.00130000000000 0.00140000000000 0.00150000000000 0.00120000000000 0.00120000000000 0.00140000000000 0.00140000000000 0.00180000000000 0.00190000000000 0.01726483548683 0.01779336996287 0.00180000000000 0.00190000000000 0.01694404755785 0.01738255022804 
0.02225570785611 0.01455993726319 0.01826745361693 0.01454025840741 0.01529994124622 0.00130000000000 0.01580795472160 0.00130000000000 0.04258224879966 0.00190000000000 0.02643863536592 0.00200000000000 0.00200000000000 0.00120000000000 0.00200000000000 0.00120000000000 0.00700000000000 0.00650000000000 0.00600000000000 0.00680000000000 0.00660000000000 0.00130000000000 0.00690000000000 0.00130000000000 0.00930000000000 0.00610000000000 0.00730000000000 0.00640000000000 0.00620000000000 0.00120000000000 0.00650000000000 0.00130000000000 
0.08171129954143 0.02325724345419 0.01590721071430 0.01674455523773 0.02983084572393 0.06226293630354 0.01480859044196 0.00250000000000 0.02586793147565 0.01569841318630 0.01461624816233 0.01466120021125 0.02988193411202 0.01985198329844 0.01373156898828 0.01349763271585 0.02328765060404 0.01568842353116 0.02084981908928 0.10720922013330 0.03974146426008 0.01919334202253 0.01733707904320 0.02170458422191 0.01654666240054 0.00610000000000 0.01818507407351 0.02500846941636 0.02036023562381 0.00750000000000 0.01557706150338 0.01615184753234 
0.00150000000000 0.00110000000000 0.00750000000000 0.00120000000000 0.00150000000000 0.00110000000000 0.01463505491821 0.00120000000000 0.00110000000000 0.00100000000000 0.00120000000000 0.00100000000000 0.00110000000000 0.00100000000000 0.00120000000000 0.00100000000000 0.00180000000000 0.00110000000000 0.01577994967727 0.00120000000000 0.00170000000000 0.00110000000000 0.01723709287863 0.00120000000000 0.00120000000000 0.00100000000000 0.00130000000000 0.00110000000000 0.00120000000000 0.00100000000000 0.00130000000000 0.00100000000000 
0.02615226024044 0.00710000000000 0.10794508426548 0.01801383103437 0.00170000000000 0.00140000000000 0.00180000000000 0.00140000000000 0.04971203166577 0.01559853900703 0.10794152534378 0.02087599065443 0.00210000000000 0.00150000000000 0.01534376564148 0.00150000000000 0.02585441710407 0.01403336345497 0.05121355822577 0.01490183497914 0.00170000000000 0.00130000000000 0.00170000000000 0.00130000000000 0.04100517512553 0.01661818217253 0.10443486042417 0.02116861492267 0.00190000000000 0.00140000000000 0.00210000000000 0.00140000000000 
0.00200000000000 0.00210000000000 0.03426306154495 0.03807046279637 0.00130000000000 0.00130000000000 0.01670846389454 0.01472692272256 0.00220000000000 0.00690000000000 0.10476924305819 0.10359727540698 0.00130000000000 0.00130000000000 0.01575051726799 0.01890136324355 0.00530000000000 0.00560000000000 0.01976459191914 0.02471910334395 0.00120000000000 0.00120000000000 0.00580000000000 0.01481190142048 0.00520000000000 0.00540000000000 0.01854230965502 0.02380356679458 0.00120000000000 0.00120000000000 0.00560000000000 0.00700000000000 
0.01724214942948 0.01556573867253 0.00160000000000 0.03698787925740 0.01975043195026 0.01463279038357 0.00180000000000 0.03714989968925 0.00160000000000 0.02649905884939 0.00130000000000 0.00220000000000 0.00180000000000 0.00590000000000 0.00130000000000 0.01000000000000 0.00150000000000 0.02470673302093 0.00120000000000 0.00190000000000 0.00160000000000 0.02704650039534 0.00120000000000 0.00650000000000 0.00120000000000 0.00190000000000 0.00110000000000 0.00130000000000 0.00120000000000 0.00220000000000 0.00110000000000 0.00140000000000 
0.01460688830467 0.01612496137419 0.00700000000000 0.01557094230265 0.00620000000000 0.01000000000000 0.00650000000000 0.01882320141634 0.00120000000000 0.00130000000000 0.00120000000000 0.00130000000000 0.00130000000000 0.00140000000000 0.00130000000000 0.00140000000000 0.02175058344656 0.03275668781497 0.02139452293043 0.10866149667267 0.00730000000000 0.00610000000000 0.00700000000000 0.00610000000000 0.00130000000000 0.00140000000000 0.00140000000000 0.00140000000000 0.00150000000000 0.00160000000000 0.00150000000000 0.00160000000000 
0.01950278919377 0.00900000000000 0.01507758382125 0.00730000000000 0.02955714157445 0.02107233196159 0.01719635570290 0.00890000000000 0.10760817441838 0.01888298770339 0.01970965378505 0.01000000000000 0.10381566614051 0.01458024232458 0.02962240049976 0.02169791470186 0.02343987582657 0.01527937138785 0.01679572440134 0.00700000000000 0.10245388204205 0.01669177491590 0.01961877465655 0.00840000000000 0.10635052391014 0.01908730939886 0.02402750425757 0.01637190362525 0.11731112100816 0.02443588492717 0.10273064031595 0.01926606638691 
0.00190000000000 0.00200000000000 0.00190000000000 0.00200000000000 0.00200000000000 0.00210000000000 0.00190000000000 0.00200000000000 0.00610000000000 0.00650000000000 0.00600000000000 0.00630000000000 0.00630000000000 0.00680000000000 0.00620000000000 0.00650000000000 0.00180000000000 0.00200000000000 0.00180000000000 0.00190000000000 0.00190000000000 0.00200000000000 0.00180000000000 0.00200000000000 0.00250000000000 0.00310000000000 0.00240000000000 0.00300000000000 0.00270000000000 0.00340000000000 0.00250000000000 0.00320000000000 
0.00180000000000 0.03591383876526 0.00150000000000 0.02647453675576 0.00150000000000 0.01986341481843 0.00130000000000 0.01488228673376 0.00150000000000 0.02532201872890 0.00130000000000 0.01408384060558 0.00130000000000 0.00330000000000 0.00120000000000 0.00190000000000 0.01315960057727 0.01621097454402 0.00190000000000 0.02450001538490 0.00190000000000 0.01618261921404 0.00150000000000 0.01994035110183 0.00190000000000 0.00620000000000 0.00150000000000 0.01796861916581 0.00150000000000 0.00790000000000 0.00130000000000 0.00700000000000 
0.00170000000000 0.00180000000000 0.00130000000000 0.00130000000000 0.01653168751062 0.01706621914903 0.00150000000000 0.00150000000000 0.00660000000000 0.00680000000000 0.00150000000000 0.00150000000000 0.01684061349854 0.01859989463239 0.00190000000000 0.00600000000000 0.02235415766532 0.02482965423296 0.00210000000000 0.00250000000000 0.03140431806783 0.03538457311982 0.01624232788811 0.01698933854571 0.04032938287603 0.03299204307147 0.00700000000000 0.01000000000000 0.06493729204729 0.03985647342535 0.01870195963519 0.02018933074525 
0.00150000000000 0.01741135233520 0.00160000000000 0.02013167474715 0.00150000000000 0.01752709146503 0.00170000000000 0.02014962468351 0.00110000000000 0.00130000000000 0.00120000000000 0.00130000000000 0.00120000000000 0.00130000000000 0.00120000000000 0.00140000000000 0.00130000000000 0.00160000000000 0.00130000000000 0.01616764100028 0.00130000000000 0.00160000000000 0.00140000000000 0.01627242462046 0.00110000000000 0.00120000000000 0.00110000000000 0.00120000000000 0.00110000000000 0.00120000000000 0.00110000000000 0.00120000000000 
0.00230000000000 0.01478763636141 0.00170000000000 0.00180000000000 0.00130000000000 0.00130000000000 0.00120000000000 0.00120000000000 0.00120000000000 0.00120000000000 0.00120000000000 0.00120000000000 0.00110000000000 0.00110000000000 0.00100000000000 0.00100000000000 0.00180000000000 0.00190000000000 0.00160000000000 0.00160000000000 0.00120000000000 0.00120000000000 0.00120000000000 0.00120000000000 0.00120000000000 0.00120000000000 0.00110000000000 0.00110000000000 0.00100000000000 0.00100000000000 0.00100000000000 0.00100000000000 
0.01589141837025 0.03229248394778 0.02324176202149 0.11667088367499 0.00150000000000 0.00180000000000 0.00180000000000 0.01739642508637 0.02045863243241 0.12177284679782 0.02421553966865 0.10336092647725 0.00190000000000 0.01490688420129 0.00580000000000 0.03315010403470 0.01522931796622 0.03421468164604 0.02764452120564 0.02114254428208 0.00170000000000 0.00240000000000 0.00230000000000 0.01479699604204 0.07521015081570 0.02400669449976 0.01462888668282 0.00210000000000 0.00270000000000 0.00770000000000 0.00730000000000 0.07813602461954 
0.01694111381428 0.01830770955958 0.00150000000000 0.00160000000000 0.00130000000000 0.00140000000000 0.00110000000000 0.00110000000000 0.01439304632266 0.01522884081315 0.00140000000000 0.00150000000000 0.00130000000000 0.00130000000000 0.00110000000000 0.00110000000000 0.01630336486930 0.01577360888422 0.02472979497967 0.03009221486332 0.01558106351111 0.01706231670574 0.00160000000000 0.00160000000000 0.01582216519341 0.01529204664764 0.01801838089464 0.01991774451311 0.00690000000000 0.01328039210191 0.00140000000000 0.00150000000000 
0.00170000000000 0.00130000000000 0.00150000000000 0.00120000000000 0.01569639806288 0.00140000000000 0.00180000000000 0.00130000000000 0.01469039729717 0.00150000000000 0.00190000000000 0.00130000000000 0.02200535867949 0.00170000000000 0.01643379329109 0.00150000000000 0.00170000000000 0.00130000000000 0.00150000000000 0.00120000000000 0.01545696838836 0.00140000000000 0.00170000000000 0.00130000000000 0.01436243763857 0.00140000000000 0.00190000000000 0.00130000000000 0.02136285150908 0.00170000000000 0.01600379819724 0.00150000000000 
0.01596406502083 0.02627389601814 0.01712354198863 0.03127583636281 0.01694338345790 0.01543281899117 0.01724129063276 0.01573959268389 0.02090543319049 0.03773513817407 0.02254489538097 0.04722321892135 0.02194885862051 0.01535861541785 0.02214329803990 0.01528231506001 0.00180000000000 0.01681534698071 0.00190000000000 0.01798698364197 0.03033086044611 0.01957462249793 0.03065024949789 0.01996424020902 0.01608409582759 0.02173368531656 0.01684275488261 0.02336845970305 0.03861816119384 0.02431013740752 0.03711724399093 0.02480390132025 
0.02021155391732 0.02086775357014 0.00140000000000 0.00140000000000 0.02286632995907 0.02326935467076 0.00150000000000 0.00140000000000 0.02710168683149 0.11257194835124 0.00220000000000 0.00190000000000 0.03315226505722 0.11419346584014 0.01502755257876 0.01561679246230 0.01632912541229 0.01936113353115 0.01733987145855 0.01774359947240 0.01855096617406 0.02206461820601 0.01933865997964 0.01959326292203 0.00170000000000 0.00180000000000 0.03364582820010 0.07310635176670 0.00180000000000 0.01467052013102 0.04363061280004 0.06747526321517 
0.00730000000000 0.01944372935506 0.00200000000000 0.01790548369133 0.01471169128714 0.01883177495448 0.00210000000000 0.01316430219000 0.00140000000000 0.04019386197946 0.00140000000000 0.03115458377201 0.00140000000000 0.11083033944813 0.00140000000000 0.10164621558955 0.00120000000000 0.00750000000000 0.00120000000000 0.00210000000000 0.00120000000000 0.01482290745031 0.00120000000000 0.00220000000000 0.00110000000000 0.00150000000000 0.00110000000000 0.00140000000000 0.00110000000000 0.00150000000000 0.00110000000000 0.00140000000000 
0.01906018696456 0.01758056258407 0.01946346209504 0.01789216158756 0.00150000000000 0.00140000000000 0.00150000000000 0.00150000000000 0.01607993703750 0.01532277371416 0.01638833415069 0.01553805616556 0.00140000000000 0.00130000000000 0.00140000000000 0.00140000000000 0.01898132535070 0.02175998774933 0.01929914262352 0.02216397116090 0.01577946066403 0.01463320884708 0.01619276554956 0.01494490773835 0.02452328047882 0.03240324281556 0.02493270500424 0.03282438791174 0.00700000000000 0.00670000000000 0.00700000000000 0.00670000000000 
0.00170000000000 0.00140000000000 0.00120000000000 0.00110000000000 0.00180000000000 0.00140000000000 0.00120000000000 0.00110000000000 0.00120000000000 0.00110000000000 0.00110000000000 0.00100000000000 0.00120000000000 0.00110000000000 0.00110000000000 0.00100000000000 0.00150000000000 0.00130000000000 0.00120000000000 0.00110000000000 0.00150000000000 0.00130000000000 0.00120000000000 0.00110000000000 0.00120000000000 0.00110000000000 0.00100000000000 0.00100000000000 0.00120000000000 0.00110000000000 0.00110000000000 0.00100000000000 
0.00150000000000 0.01592518265129 0.00200000000000 0.10988486783727 0.00150000000000 0.01469023519150 0.00190000000000 0.07770702154965 0.02202279731586 0.01633708316723 0.10379432935105 0.00170000000000 0.02015599812962 0.01692719696259 0.10874408728774 0.00180000000000 0.00170000000000 0.02274254130203 0.00250000000000 0.02406363149172 0.00160000000000 0.01926693172975 0.00220000000000 0.02773537352842 0.03537992458601 0.00710000000000 0.02896089468515 0.00160000000000 0.02793115542702 0.01480070228523 0.10173782636937 0.00160000000000 
0.00190000000000 0.02049830412744 0.02009018930510 0.03307062324403 0.00130000000000 0.00160000000000 0.00180000000000 0.01738172932952 0.00170000000000 0.00360000000000 0.00660000000000 0.01521466309011 0.00130000000000 0.00160000000000 0.00170000000000 0.00300000000000 0.00120000000000 0.00140000000000 0.00150000000000 0.00660000000000 0.00110000000000 0.00120000000000 0.00120000000000 0.00140000000000 0.00120000000000 0.00140000000000 0.00140000000000 0.00200000000000 0.00110000000000 0.00120000000000 0.00120000000000 0.00130000000000 
M_out
1 1 1 1 1 0 0 0 0 0 0 0 0 0 0 0 0 0 0 0 0 0 0 0 0 0 0 0 0 0 0 0 0 0 0 0 0 0 0 0 0 0 0 0 0 0 0 0 0 0 0 0 0 0 0 0 0 0 0 0 0 0 0 0 0 0 0 0 0 0 0 0 0 0 0 0 0 0 0 0 0 0 0 0 0 0 0 0 0 0 0 0 0 0 0 0 0 0 0 0 
0 1 1 1 1 1 0 0 0 0 0 0 0 0 0 0 0 0 0 0 0 0 0 0 0 0 0 0 0 0 0 0 0 0 0 0 0 0 0 0 0 0 0 0 0 0 0 0 0 0 0 0 0 0 0 0 0 0 0 0 0 0 0 0 0 0 0 0 0 0 0 0 0 0 0 0 0 0 0 0 0 0 0 0 0 0 0 0 0 0 0 0 0 0 0 0 0 0 0 0 
0 0 1 1 1 1 1 0 0 0 0 0 0 0 0 0 0 0 0 0 0 0 0 0 0 0 0 0 0 0 0 0 0 0 0 0 0 0 0 0 0 0 0 0 0 0 0 0 0 0 0 0 0 0 0 0 0 0 0 0 0 0 0 0 0 0 0 0 0 0 0 0 0 0 0 0 0 0 0 0 0 0 0 0 0 0 0 0 0 0 0 0 0 0 0 0 0 0 0 0 
0 0 0 1 1 1 1 1 0 0 0 0 0 0 0 0 0 0 0 0 0 0 0 0 0 0 0 0 0 0 0 0 0 0 0 0 0 0 0 0 0 0 0 0 0 0 0 0 0 0 0 0 0 0 0 0 0 0 0 0 0 0 0 0 0 0 0 0 0 0 0 0 0 0 0 0 0 0 0 0 0 0 0 0 0 0 0 0 0 0 0 0 0 0 0 0 0 0 0 0 
0 0 0 0 1 1 1 1 1 0 0 0 0 0 0 0 0 0 0 0 0 0 0 0 0 0 0 0 0 0 0 0 0 0 0 0 0 0 0 0 0 0 0 0 0 0 0 0 0 0 0 0 0 0 0 0 0 0 0 0 0 0 0 0 0 0 0 0 0 0 0 0 0 0 0 0 0 0 0 0 0 0 0 0 0 0 0 0 0 0 0 0 0 0 0 0 0 0 0 0 
0 0 0 0 0 1 1 1 1 1 0 0 0 0 0 0 0 0 0 0 0 0 0 0 0 0 0 0 0 0 0 0 0 0 0 0 0 0 0 0 0 0 0 0 0 0 0 0 0 0 0 0 0 0 0 0 0 0 0 0 0 0 0 0 0 0 0 0 0 0 0 0 0 0 0 0 0 0 0 0 0 0 0 0 0 0 0 0 0 0 0 0 0 0 0 0 0 0 0 0 
0 0 0 0 0 0 1 1 1 1 1 0 0 0 0 0 0 0 0 0 0 0 0 0 0 0 0 0 0 0 0 0 0 0 0 0 0 0 0 0 0 0 0 0 0 0 0 0 0 0 0 0 0 0 0 0 0 0 0 0 0 0 0 0 0 0 0 0 0 0 0 0 0 0 0 0 0 0 0 0 0 0 0 0 0 0 0 0 0 0 0 0 0 0 0 0 0 0 0 0 
0 0 0 0 0 0 0 1 1 1 1 1 0 0 0 0 0 0 0 0 0 0 0 0 0 0 0 0 0 0 0 0 0 0 0 0 0 0 0 0 0 0 0 0 0 0 0 0 0 0 0 0 0 0 0 0 0 0 0 0 0 0 0 0 0 0 0 0 0 0 0 0 0 0 0 0 0 0 0 0 0 0 0 0 0 0 0 0 0 0 0 0 0 0 0 0 0 0 0 0 
0 0 0 0 0 0 0 0 1 1 1 1 1 0 0 0 0 0 0 0 0 0 0 0 0 0 0 0 0 0 0 0 0 0 0 0 0 0 0 0 0 0 0 0 0 0 0 0 0 0 0 0 0 0 0 0 0 0 0 0 0 0 0 0 0 0 0 0 0 0 0 0 0 0 0 0 0 0 0 0 0 0 0 0 0 0 0 0 0 0 0 0 0 0 0 0 0 0 0 0 
0 0 0 0 0 0 0 0 0 1 1 1 1 1 0 0 0 0 0 0 0 0 0 0 0 0 0 0 0 0 0 0 0 0 0 0 0 0 0 0 0 0 0 0 0 0 0 0 0 0 0 0 0 0 0 0 0 0 0 0 0 0 0 0 0 0 0 0 0 0 0 0 0 0 0 0 0 0 0 0 0 0 0 0 0 0 0 0 0 0 0 0 0 0 0 0 0 0 0 0 
0 0 0 0 0 0 0 0 0 0 1 1 1 1 1 0 0 0 0 0 0 0 0 0 0 0 0 0 0 0 0 0 0 0 0 0 0 0 0 0 0 0 0 0 0 0 0 0 0 0 0 0 0 0 0 0 0 0 0 0 0 0 0 0 0 0 0 0 0 0 0 0 0 0 0 0 0 0 0 0 0 0 0 0 0 0 0 0 0 0 0 0 0 0 0 0 0 0 0 0 
0 0 0 0 0 0 0 0 0 0 0 1 1 1 1 1 0 0 0 0 0 0 0 0 0 0 0 0 0 0 0 0 0 0 0 0 0 0 0 0 0 0 0 0 0 0 0 0 0 0 0 0 0 0 0 0 0 0 0 0 0 0 0 0 0 0 0 0 0 0 0 0 0 0 0 0 0 0 0 0 0 0 0 0 0 0 0 0 0 0 0 0 0 0 0 0 0 0 0 0 
0 0 0 0 0 0 0 0 0 0 0 0 1 1 1 1 1 0 0 0 0 0 0 0 0 0 0 0 0 0 0 0 0 0 0 0 0 0 0 0 0 0 0 0 0 0 0 0 0 0 0 0 0 0 0 0 0 0 0 0 0 0 0 0 0 0 0 0 0 0 0 0 0 0 0 0 0 0 0 0 0 0 0 0 0 0 0 0 0 0 0 0 0 0 0 0 0 0 0 0 
0 0 0 0 0 0 0 0 0 0 0 0 0 1 1 1 1 1 0 0 0 0 0 0 0 0 0 0 0 0 0 0 0 0 0 0 0 0 0 0 0 0 0 0 0 0 0 0 0 0 0 0 0 0 0 0 0 0 0 0 0 0 0 0 0 0 0 0 0 0 0 0 0 0 0 0 0 0 0 0 0 0 0 0 0 0 0 0 0 0 0 0 0 0 0 0 0 0 0 0 
0 0 0 0 0 0 0 0 0 0 0 0 0 0 1 1 1 1 1 0 0 0 0 0 0 0 0 0 0 0 0 0 0 0 0 0 0 0 0 0 0 0 0 0 0 0 0 0 0 0 0 0 0 0 0 0 0 0 0 0 0 0 0 0 0 0 0 0 0 0 0 0 0 0 0 0 0 0 0 0 0 0 0 0 0 0 0 0 0 0 0 0 0 0 0 0 0 0 0 0 
0 0 0 0 0 0 0 0 0 0 0 0 0 0 0 1 1 1 1 1 0 0 0 0 0 0 0 0 0 0 0 0 0 0 0 0 0 0 0 0 0 0 0 0 0 0 0 0 0 0 0 0 0 0 0 0 0 0 0 0 0 0 0 0 0 0 0 0 0 0 0 0 0 0 0 0 0 0 0 0 0 0 0 0 0 0 0 0 0 0 0 0 0 0 0 0 0 0 0 0 
0 0 0 0 0 0 0 0 0 0 0 0 0 0 0 0 1 1 1 1 1 0 0 0 0 0 0 0 0 0 0 0 0 0 0 0 0 0 0 0 0 0 0 0 0 0 0 0 0 0 0 0 0 0 0 0 0 0 0 0 0 0 0 0 0 0 0 0 0 0 0 0 0 0 0 0 0 0 0 0 0 0 0 0 0 0 0 0 0 0 0 0 0 0 0 0 0 0 0 0 
0 0 0 0 0 0 0 0 0 0 0 0 0 0 0 0 0 1 1 1 1 1 0 0 0 0 0 0 0 0 0 0 0 0 0 0 0 0 0 0 0 0 0 0 0 0 0 0 0 0 0 0 0 0 0 0 0 0 0 0 0 0 0 0 0 0 0 0 0 0 0 0 0 0 0 0 0 0 0 0 0 0 0 0 0 0 0 0 0 0 0 0 0 0 0 0 0 0 0 0 
0 0 0 0 0 0 0 0 0 0 0 0 0 0 0 0 0 0 1 1 1 1 1 0 0 0 0 0 0 0 0 0 0 0 0 0 0 0 0 0 0 0 0 0 0 0 0 0 0 0 0 0 0 0 0 0 0 0 0 0 0 0 0 0 0 0 0 0 0 0 0 0 0 0 0 0 0 0 0 0 0 0 0 0 0 0 0 0 0 0 0 0 0 0 0 0 0 0 0 0 
0 0 0 0 0 0 0 0 0 0 0 0 0 0 0 0 0 0 0 1 1 1 1 1 0 0 0 0 0 0 0 0 0 0 0 0 0 0 0 0 0 0 0 0 0 0 0 0 0 0 0 0 0 0 0 0 0 0 0 0 0 0 0 0 0 0 0 0 0 0 0 0 0 0 0 0 0 0 0 0 0 0 0 0 0 0 0 0 0 0 0 0 0 0 0 0 0 0 0 0 
0 0 0 0 0 0 0 0 0 0 0 0 0 0 0 0 0 0 0 0 1 1 1 1 1 0 0 0 0 0 0 0 0 0 0 0 0 0 0 0 0 0 0 0 0 0 0 0 0 0 0 0 0 0 0 0 0 0 0 0 0 0 0 0 0 0 0 0 0 0 0 0 0 0 0 0 0 0 0 0 0 0 0 0 0 0 0 0 0 0 0 0 0 0 0 0 0 0 0 0 
0 0 0 0 0 0 0 0 0 0 0 0 0 0 0 0 0 0 0 0 0 1 1 1 1 1 0 0 0 0 0 0 0 0 0 0 0 0 0 0 0 0 0 0 0 0 0 0 0 0 0 0 0 0 0 0 0 0 0 0 0 0 0 0 0 0 0 0 0 0 0 0 0 0 0 0 0 0 0 0 0 0 0 0 0 0 0 0 0 0 0 0 0 0 0 0 0 0 0 0 
0 0 0 0 0 0 0 0 0 0 0 0 0 0 0 0 0 0 0 0 0 0 1 1 1 1 1 0 0 0 0 0 0 0 0 0 0 0 0 0 0 0 0 0 0 0 0 0 0 0 0 0 0 0 0 0 0 0 0 0 0 0 0 0 0 0 0 0 0 0 0 0 0 0 0 0 0 0 0 0 0 0 0 0 0 0 0 0 0 0 0 0 0 0 0 0 0 0 0 0 
0 0 0 0 0 0 0 0 0 0 0 0 0 0 0 0 0 0 0 0 0 0 0 1 1 1 1 1 0 0 0 0 0 0 0 0 0 0 0 0 0 0 0 0 0 0 0 0 0 0 0 0 0 0 0 0 0 0 0 0 0 0 0 0 0 0 0 0 0 0 0 0 0 0 0 0 0 0 0 0 0 0 0 0 0 0 0 0 0 0 0 0 0 0 0 0 0 0 0 0 
0 0 0 0 0 0 0 0 0 0 0 0 0 0 0 0 0 0 0 0 0 0 0 0 1 1 1 1 1 0 0 0 0 0 0 0 0 0 0 0 0 0 0 0 0 0 0 0 0 0 0 0 0 0 0 0 0 0 0 0 0 0 0 0 0 0 0 0 0 0 0 0 0 0 0 0 0 0 0 0 0 0 0 0 0 0 0 0 0 0 0 0 0 0 0 0 0 0 0 0 
0 0 0 0 0 0 0 0 0 0 0 0 0 0 0 0 0 0 0 0 0 0 0 0 0 1 1 1 1 1 0 0 0 0 0 0 0 0 0 0 0 0 0 0 0 0 0 0 0 0 0 0 0 0 0 0 0 0 0 0 0 0 0 0 0 0 0 0 0 0 0 0 0 0 0 0 0 0 0 0 0 0 0 0 0 0 0 0 0 0 0 0 0 0 0 0 0 0 0 0 
0 0 0 0 0 0 0 0 0 0 0 0 0 0 0 0 0 0 0 0 0 0 0 0 0 0 1 1 1 1 1 0 0 0 0 0 0 0 0 0 0 0 0 0 0 0 0 0 0 0 0 0 0 0 0 0 0 0 0 0 0 0 0 0 0 0 0 0 0 0 0 0 0 0 0 0 0 0 0 0 0 0 0 0 0 0 0 0 0 0 0 0 0 0 0 0 0 0 0 0 
0 0 0 0 0 0 0 0 0 0 0 0 0 0 0 0 0 0 0 0 0 0 0 0 0 0 0 1 1 1 1 1 0 0 0 0 0 0 0 0 0 0 0 0 0 0 0 0 0 0 0 0 0 0 0 0 0 0 0 0 0 0 0 0 0 0 0 0 0 0 0 0 0 0 0 0 0 0 0 0 0 0 0 0 0 0 0 0 0 0 0 0 0 0 0 0 0 0 0 0 
0 0 0 0 0 0 0 0 0 0 0 0 0 0 0 0 0 0 0 0 0 0 0 0 0 0 0 0 1 1 1 1 1 0 0 0 0 0 0 0 0 0 0 0 0 0 0 0 0 0 0 0 0 0 0 0 0 0 0 0 0 0 0 0 0 0 0 0 0 0 0 0 0 0 0 0 0 0 0 0 0 0 0 0 0 0 0 0 0 0 0 0 0 0 0 0 0 0 0 0 
0 0 0 0 0 0 0 0 0 0 0 0 0 0 0 0 0 0 0 0 0 0 0 0 0 0 0 0 0 1 1 1 1 1 0 0 0 0 0 0 0 0 0 0 0 0 0 0 0 0 0 0 0 0 0 0 0 0 0 0 0 0 0 0 0 0 0 0 0 0 0 0 0 0 0 0 0 0 0 0 0 0 0 0 0 0 0 0 0 0 0 0 0 0 0 0 0 0 0 0 
0 0 0 0 0 0 0 0 0 0 0 0 0 0 0 0 0 0 0 0 0 0 0 0 0 0 0 0 0 0 1 1 1 1 1 0 0 0 0 0 0 0 0 0 0 0 0 0 0 0 0 0 0 0 0 0 0 0 0 0 0 0 0 0 0 0 0 0 0 0 0 0 0 0 0 0 0 0 0 0 0 0 0 0 0 0 0 0 0 0 0 0 0 0 0 0 0 0 0 0 
0 0 0 0 0 0 0 0 0 0 0 0 0 0 0 0 0 0 0 0 0 0 0 0 0 0 0 0 0 0 0 1 1 1 1 1 0 0 0 0 0 0 0 0 0 0 0 0 0 0 0 0 0 0 0 0 0 0 0 0 0 0 0 0 0 0 0 0 0 0 0 0 0 0 0 0 0 0 0 0 0 0 0 0 0 0 0 0 0 0 0 0 0 0 0 0 0 0 0 0 
0 0 0 0 0 0 0 0 0 0 0 0 0 0 0 0 0 0 0 0 0 0 0 0 0 0 0 0 0 0 0 0 1 1 1 1 1 0 0 0 0 0 0 0 0 0 0 0 0 0 0 0 0 0 0 0 0 0 0 0 0 0 0 0 0 0 0 0 0 0 0 0 0 0 0 0 0 0 0 0 0 0 0 0 0 0 0 0 0 0 0 0 0 0 0 0 0 0 0 0 
0 0 0 0 0 0 0 0 0 0 0 0 0 0 0 0 0 0 0 0 0 0 0 0 0 0 0 0 0 0 0 0 0 1 1 1 1 1 0 0 0 0 0 0 0 0 0 0 0 0 0 0 0 0 0 0 0 0 0 0 0 0 0 0 0 0 0 0 0 0 0 0 0 0 0 0 0 0 0 0 0 0 0 0 0 0 0 0 0 0 0 0 0 0 0 0 0 0 0 0 
0 0 0 0 0 0 0 0 0 0 0 0 0 0 0 0 0 0 0 0 0 0 0 0 0 0 0 0 0 0 0 0 0 0 1 1 1 1 1 0 0 0 0 0 0 0 0 0 0 0 0 0 0 0 0 0 0 0 0 0 0 0 0 0 0 0 0 0 0 0 0 0 0 0 0 0 0 0 0 0 0 0 0 0 0 0 0 0 0 0 0 0 0 0 0 0 0 0 0 0 
0 0 0 0 0 0 0 0 0 0 0 0 0 0 0 0 0 0 0 0 0 0 0 0 0 0 0 0 0 0 0 0 0 0 0 1 1 1 1 1 0 0 0 0 0 0 0 0 0 0 0 0 0 0 0 0 0 0 0 0 0 0 0 0 0 0 0 0 0 0 0 0 0 0 0 0 0 0 0 0 0 0 0 0 0 0 0 0 0 0 0 0 0 0 0 0 0 0 0 0 
0 0 0 0 0 0 0 0 0 0 0 0 0 0 0 0 0 0 0 0 0 0 0 0 0 0 0 0 0 0 0 0 0 0 0 0 1 1 1 1 1 0 0 0 0 0 0 0 0 0 0 0 0 0 0 0 0 0 0 0 0 0 0 0 0 0 0 0 0 0 0 0 0 0 0 0 0 0 0 0 0 0 0 0 0 0 0 0 0 0 0 0 0 0 0 0 0 0 0 0 
0 0 0 0 0 0 0 0 0 0 0 0 0 0 0 0 0 0 0 0 0 0 0 0 0 0 0 0 0 0 0 0 0 0 0 0 0 1 1 1 1 1 0 0 0 0 0 0 0 0 0 0 0 0 0 0 0 0 0 0 0 0 0 0 0 0 0 0 0 0 0 0 0 0 0 0 0 0 0 0 0 0 0 0 0 0 0 0 0 0 0 0 0 0 0 0 0 0 0 0 
0 0 0 0 0 0 0 0 0 0 0 0 0 0 0 0 0 0 0 0 0 0 0 0 0 0 0 0 0 0 0 0 0 0 0 0 0 0 1 1 1 1 1 0 0 0 0 0 0 0 0 0 0 0 0 0 0 0 0 0 0 0 0 0 0 0 0 0 0 0 0 0 0 0 0 0 0 0 0 0 0 0 0 0 0 0 0 0 0 0 0 0 0 0 0 0 0 0 0 0 
0 0 0 0 0 0 0 0 0 0 0 0 0 0 0 0 0 0 0 0 0 0 0 0 0 0 0 0 0 0 0 0 0 0 0 0 0 0 0 1 1 1 1 1 0 0 0 0 0 0 0 0 0 0 0 0 0 0 0 0 0 0 0 0 0 0 0 0 0 0 0 0 0 0 0 0 0 0 0 0 0 0 0 0 0 0 0 0 0 0 0 0 0 0 0 0 0 0 0 0 
0 0 0 0 0 0 0 0 0 0 0 0 0 0 0 0 0 0 0 0 0 0 0 0 0 0 0 0 0 0 0 0 0 0 0 0 0 0 0 0 1 1 1 1 1 0 0 0 0 0 0 0 0 0 0 0 0 0 0 0 0 0 0 0 0 0 0 0 0 0 0 0 0 0 0 0 0 0 0 0 0 0 0 0 0 0 0 0 0 0 0 0 0 0 0 0 0 0 0 0 
0 0 0 0 0 0 0 0 0 0 0 0 0 0 0 0 0 0 0 0 0 0 0 0 0 0 0 0 0 0 0 0 0 0 0 0 0 0 0 0 0 1 1 1 1 1 0 0 0 0 0 0 0 0 0 0 0 0 0 0 0 0 0 0 0 0 0 0 0 0 0 0 0 0 0 0 0 0 0 0 0 0 0 0 0 0 0 0 0 0 0 0 0 0 0 0 0 0 0 0 
0 0 0 0 0 0 0 0 0 0 0 0 0 0 0 0 0 0 0 0 0 0 0 0 0 0 0 0 0 0 0 0 0 0 0 0 0 0 0 0 0 0 1 1 1 1 1 0 0 0 0 0 0 0 0 0 0 0 0 0 0 0 0 0 0 0 0 0 0 0 0 0 0 0 0 0 0 0 0 0 0 0 0 0 0 0 0 0 0 0 0 0 0 0 0 0 0 0 0 0 
0 0 0 0 0 0 0 0 0 0 0 0 0 0 0 0 0 0 0 0 0 0 0 0 0 0 0 0 0 0 0 0 0 0 0 0 0 0 0 0 0 0 0 1 1 1 1 1 0 0 0 0 0 0 0 0 0 0 0 0 0 0 0 0 0 0 0 0 0 0 0 0 0 0 0 0 0 0 0 0 0 0 0 0 0 0 0 0 0 0 0 0 0 0 0 0 0 0 0 0 
0 0 0 0 0 0 0 0 0 0 0 0 0 0 0 0 0 0 0 0 0 0 0 0 0 0 0 0 0 0 0 0 0 0 0 0 0 0 0 0 0 0 0 0 1 1 1 1 1 0 0 0 0 0 0 0 0 0 0 0 0 0 0 0 0 0 0 0 0 0 0 0 0 0 0 0 0 0 0 0 0 0 0 0 0 0 0 0 0 0 0 0 0 0 0 0 0 0 0 0 
0 0 0 0 0 0 0 0 0 0 0 0 0 0 0 0 0 0 0 0 0 0 0 0 0 0 0 0 0 0 0 0 0 0 0 0 0 0 0 0 0 0 0 0 0 1 1 1 1 1 0 0 0 0 0 0 0 0 0 0 0 0 0 0 0 0 0 0 0 0 0 0 0 0 0 0 0 0 0 0 0 0 0 0 0 0 0 0 0 0 0 0 0 0 0 0 0 0 0 0 
0 0 0 0 0 0 0 0 0 0 0 0 0 0 0 0 0 0 0 0 0 0 0 0 0 0 0 0 0 0 0 0 0 0 0 0 0 0 0 0 0 0 0 0 0 0 1 1 1 1 1 0 0 0 0 0 0 0 0 0 0 0 0 0 0 0 0 0 0 0 0 0 0 0 0 0 0 0 0 0 0 0 0 0 0 0 0 0 0 0 0 0 0 0 0 0 0 0 0 0 
0 0 0 0 0 0 0 0 0 0 0 0 0 0 0 0 0 0 0 0 0 0 0 0 0 0 0 0 0 0 0 0 0 0 0 0 0 0 0 0 0 0 0 0 0 0 0 1 1 1 1 1 0 0 0 0 0 0 0 0 0 0 0 0 0 0 0 0 0 0 0 0 0 0 0 0 0 0 0 0 0 0 0 0 0 0 0 0 0 0 0 0 0 0 0 0 0 0 0 0 
0 0 0 0 0 0 0 0 0 0 0 0 0 0 0 0 0 0 0 0 0 0 0 0 0 0 0 0 0 0 0 0 0 0 0 0 0 0 0 0 0 0 0 0 0 0 0 0 1 1 1 1 1 0 0 0 0 0 0 0 0 0 0 0 0 0 0 0 0 0 0 0 0 0 0 0 0 0 0 0 0 0 0 0 0 0 0 0 0 0 0 0 0 0 0 0 0 0 0 0 
0 0 0 0 0 0 0 0 0 0 0 0 0 0 0 0 0 0 0 0 0 0 0 0 0 0 0 0 0 0 0 0 0 0 0 0 0 0 0 0 0 0 0 0 0 0 0 0 0 1 1 1 1 1 0 0 0 0 0 0 0 0 0 0 0 0 0 0 0 0 0 0 0 0 0 0 0 0 0 0 0 0 0 0 0 0 0 0 0 0 0 0 0 0 0 0 0 0 0 0 
0 0 0 0 0 0 0 0 0 0 0 0 0 0 0 0 0 0 0 0 0 0 0 0 0 0 0 0 0 0 0 0 0 0 0 0 0 0 0 0 0 0 0 0 0 0 0 0 0 0 1 1 1 1 1 0 0 0 0 0 0 0 0 0 0 0 0 0 0 0 0 0 0 0 0 0 0 0 0 0 0 0 0 0 0 0 0 0 0 0 0 0 0 0 0 0 0 0 0 0 
0 0 0 0 0 0 0 0 0 0 0 0 0 0 0 0 0 0 0 0 0 0 0 0 0 0 0 0 0 0 0 0 0 0 0 0 0 0 0 0 0 0 0 0 0 0 0 0 0 0 0 1 1 1 1 1 0 0 0 0 0 0 0 0 0 0 0 0 0 0 0 0 0 0 0 0 0 0 0 0 0 0 0 0 0 0 0 0 0 0 0 0 0 0 0 0 0 0 0 0 
0 0 0 0 0 0 0 0 0 0 0 0 0 0 0 0 0 0 0 0 0 0 0 0 0 0 0 0 0 0 0 0 0 0 0 0 0 0 0 0 0 0 0 0 0 0 0 0 0 0 0 0 1 1 1 1 1 0 0 0 0 0 0 0 0 0 0 0 0 0 0 0 0 0 0 0 0 0 0 0 0 0 0 0 0 0 0 0 0 0 0 0 0 0 0 0 0 0 0 0 
0 0 0 0 0 0 0 0 0 0 0 0 0 0 0 0 0 0 0 0 0 0 0 0 0 0 0 0 0 0 0 0 0 0 0 0 0 0 0 0 0 0 0 0 0 0 0 0 0 0 0 0 0 1 1 1 1 1 0 0 0 0 0 0 0 0 0 0 0 0 0 0 0 0 0 0 0 0 0 0 0 0 0 0 0 0 0 0 0 0 0 0 0 0 0 0 0 0 0 0 
0 0 0 0 0 0 0 0 0 0 0 0 0 0 0 0 0 0 0 0 0 0 0 0 0 0 0 0 0 0 0 0 0 0 0 0 0 0 0 0 0 0 0 0 0 0 0 0 0 0 0 0 0 0 1 1 1 1 1 0 0 0 0 0 0 0 0 0 0 0 0 0 0 0 0 0 0 0 0 0 0 0 0 0 0 0 0 0 0 0 0 0 0 0 0 0 0 0 0 0 
0 0 0 0 0 0 0 0 0 0 0 0 0 0 0 0 0 0 0 0 0 0 0 0 0 0 0 0 0 0 0 0 0 0 0 0 0 0 0 0 0 0 0 0 0 0 0 0 0 0 0 0 0 0 0 1 1 1 1 1 0 0 0 0 0 0 0 0 0 0 0 0 0 0 0 0 0 0 0 0 0 0 0 0 0 0 0 0 0 0 0 0 0 0 0 0 0 0 0 0 
0 0 0 0 0 0 0 0 0 0 0 0 0 0 0 0 0 0 0 0 0 0 0 0 0 0 0 0 0 0 0 0 0 0 0 0 0 0 0 0 0 0 0 0 0 0 0 0 0 0 0 0 0 0 0 0 1 1 1 1 1 0 0 0 0 0 0 0 0 0 0 0 0 0 0 0 0 0 0 0 0 0 0 0 0 0 0 0 0 0 0 0 0 0 0 0 0 0 0 0 
0 0 0 0 0 0 0 0 0 0 0 0 0 0 0 0 0 0 0 0 0 0 0 0 0 0 0 0 0 0 0 0 0 0 0 0 0 0 0 0 0 0 0 0 0 0 0 0 0 0 0 0 0 0 0 0 0 1 1 1 1 1 0 0 0 0 0 0 0 0 0 0 0 0 0 0 0 0 0 0 0 0 0 0 0 0 0 0 0 0 0 0 0 0 0 0 0 0 0 0 
0 0 0 0 0 0 0 0 0 0 0 0 0 0 0 0 0 0 0 0 0 0 0 0 0 0 0 0 0 0 0 0 0 0 0 0 0 0 0 0 0 0 0 0 0 0 0 0 0 0 0 0 0 0 0 0 0 0 1 1 1 1 1 0 0 0 0 0 0 0 0 0 0 0 0 0 0 0 0 0 0 0 0 0 0 0 0 0 0 0 0 0 0 0 0 0 0 0 0 0 
0 0 0 0 0 0 0 0 0 0 0 0 0 0 0 0 0 0 0 0 0 0 0 0 0 0 0 0 0 0 0 0 0 0 0 0 0 0 0 0 0 0 0 0 0 0 0 0 0 0 0 0 0 0 0 0 0 0 0 1 1 1 1 1 0 0 0 0 0 0 0 0 0 0 0 0 0 0 0 0 0 0 0 0 0 0 0 0 0 0 0 0 0 0 0 0 0 0 0 0 
0 0 0 0 0 0 0 0 0 0 0 0 0 0 0 0 0 0 0 0 0 0 0 0 0 0 0 0 0 0 0 0 0 0 0 0 0 0 0 0 0 0 0 0 0 0 0 0 0 0 0 0 0 0 0 0 0 0 0 0 1 1 1 1 1 0 0 0 0 0 0 0 0 0 0 0 0 0 0 0 0 0 0 0 0 0 0 0 0 0 0 0 0 0 0 0 0 0 0 0 
0 0 0 0 0 0 0 0 0 0 0 0 0 0 0 0 0 0 0 0 0 0 0 0 0 0 0 0 0 0 0 0 0 0 0 0 0 0 0 0 0 0 0 0 0 0 0 0 0 0 0 0 0 0 0 0 0 0 0 0 0 1 1 1 1 1 0 0 0 0 0 0 0 0 0 0 0 0 0 0 0 0 0 0 0 0 0 0 0 0 0 0 0 0 0 0 0 0 0 0 
0 0 0 0 0 0 0 0 0 0 0 0 0 0 0 0 0 0 0 0 0 0 0 0 0 0 0 0 0 0 0 0 0 0 0 0 0 0 0 0 0 0 0 0 0 0 0 0 0 0 0 0 0 0 0 0 0 0 0 0 0 0 1 1 1 1 1 0 0 0 0 0 0 0 0 0 0 0 0 0 0 0 0 0 0 0 0 0 0 0 0 0 0 0 0 0 0 0 0 0 
0 0 0 0 0 0 0 0 0 0 0 0 0 0 0 0 0 0 0 0 0 0 0 0 0 0 0 0 0 0 0 0 0 0 0 0 0 0 0 0 0 0 0 0 0 0 0 0 0 0 0 0 0 0 0 0 0 0 0 0 0 0 0 1 1 1 1 1 0 0 0 0 0 0 0 0 0 0 0 0 0 0 0 0 0 0 0 0 0 0 0 0 0 0 0 0 0 0 0 0 
0 0 0 0 0 0 0 0 0 0 0 0 0 0 0 0 0 0 0 0 0 0 0 0 0 0 0 0 0 0 0 0 0 0 0 0 0 0 0 0 0 0 0 0 0 0 0 0 0 0 0 0 0 0 0 0 0 0 0 0 0 0 0 0 1 1 1 1 1 0 0 0 0 0 0 0 0 0 0 0 0 0 0 0 0 0 0 0 0 0 0 0 0 0 0 0 0 0 0 0 
0 0 0 0 0 0 0 0 0 0 0 0 0 0 0 0 0 0 0 0 0 0 0 0 0 0 0 0 0 0 0 0 0 0 0 0 0 0 0 0 0 0 0 0 0 0 0 0 0 0 0 0 0 0 0 0 0 0 0 0 0 0 0 0 0 1 1 1 1 1 0 0 0 0 0 0 0 0 0 0 0 0 0 0 0 0 0 0 0 0 0 0 0 0 0 0 0 0 0 0 
0 0 0 0 0 0 0 0 0 0 0 0 0 0 0 0 0 0 0 0 0 0 0 0 0 0 0 0 0 0 0 0 0 0 0 0 0 0 0 0 0 0 0 0 0 0 0 0 0 0 0 0 0 0 0 0 0 0 0 0 0 0 0 0 0 0 1 1 1 1 1 0 0 0 0 0 0 0 0 0 0 0 0 0 0 0 0 0 0 0 0 0 0 0 0 0 0 0 0 0 
0 0 0 0 0 0 0 0 0 0 0 0 0 0 0 0 0 0 0 0 0 0 0 0 0 0 0 0 0 0 0 0 0 0 0 0 0 0 0 0 0 0 0 0 0 0 0 0 0 0 0 0 0 0 0 0 0 0 0 0 0 0 0 0 0 0 0 1 1 1 1 1 0 0 0 0 0 0 0 0 0 0 0 0 0 0 0 0 0 0 0 0 0 0 0 0 0 0 0 0 
0 0 0 0 0 0 0 0 0 0 0 0 0 0 0 0 0 0 0 0 0 0 0 0 0 0 0 0 0 0 0 0 0 0 0 0 0 0 0 0 0 0 0 0 0 0 0 0 0 0 0 0 0 0 0 0 0 0 0 0 0 0 0 0 0 0 0 0 1 1 1 1 1 0 0 0 0 0 0 0 0 0 0 0 0 0 0 0 0 0 0 0 0 0 0 0 0 0 0 0 
0 0 0 0 0 0 0 0 0 0 0 0 0 0 0 0 0 0 0 0 0 0 0 0 0 0 0 0 0 0 0 0 0 0 0 0 0 0 0 0 0 0 0 0 0 0 0 0 0 0 0 0 0 0 0 0 0 0 0 0 0 0 0 0 0 0 0 0 0 1 1 1 1 1 0 0 0 0 0 0 0 0 0 0 0 0 0 0 0 0 0 0 0 0 0 0 0 0 0 0 
0 0 0 0 0 0 0 0 0 0 0 0 0 0 0 0 0 0 0 0 0 0 0 0 0 0 0 0 0 0 0 0 0 0 0 0 0 0 0 0 0 0 0 0 0 0 0 0 0 0 0 0 0 0 0 0 0 0 0 0 0 0 0 0 0 0 0 0 0 0 1 1 1 1 1 0 0 0 0 0 0 0 0 0 0 0 0 0 0 0 0 0 0 0 0 0 0 0 0 0 
0 0 0 0 0 0 0 0 0 0 0 0 0 0 0 0 0 0 0 0 0 0 0 0 0 0 0 0 0 0 0 0 0 0 0 0 0 0 0 0 0 0 0 0 0 0 0 0 0 0 0 0 0 0 0 0 0 0 0 0 0 0 0 0 0 0 0 0 0 0 0 1 1 1 1 1 0 0 0 0 0 0 0 0 0 0 0 0 0 0 0 0 0 0 0 0 0 0 0 0 
0 0 0 0 0 0 0 0 0 0 0 0 0 0 0 0 0 0 0 0 0 0 0 0 0 0 0 0 0 0 0 0 0 0 0 0 0 0 0 0 0 0 0 0 0 0 0 0 0 0 0 0 0 0 0 0 0 0 0 0 0 0 0 0 0 0 0 0 0 0 0 0 1 1 1 1 1 0 0 0 0 0 0 0 0 0 0 0 0 0 0 0 0 0 0 0 0 0 0 0 
0 0 0 0 0 0 0 0 0 0 0 0 0 0 0 0 0 0 0 0 0 0 0 0 0 0 0 0 0 0 0 0 0 0 0 0 0 0 0 0 0 0 0 0 0 0 0 0 0 0 0 0 0 0 0 0 0 0 0 0 0 0 0 0 0 0 0 0 0 0 0 0 0 1 1 1 1 1 0 0 0 0 0 0 0 0 0 0 0 0 0 0 0 0 0 0 0 0 0 0 
0 0 0 0 0 0 0 0 0 0 0 0 0 0 0 0 0 0 0 0 0 0 0 0 0 0 0 0 0 0 0 0 0 0 0 0 0 0 0 0 0 0 0 0 0 0 0 0 0 0 0 0 0 0 0 0 0 0 0 0 0 0 0 0 0 0 0 0 0 0 0 0 0 0 1 1 1 1 1 0 0 0 0 0 0 0 0 0 0 0 0 0 0 0 0 0 0 0 0 0 
0 0 0 0 0 0 0 0 0 0 0 0 0 0 0 0 0 0 0 0 0 0 0 0 0 0 0 0 0 0 0 0 0 0 0 0 0 0 0 0 0 0 0 0 0 0 0 0 0 0 0 0 0 0 0 0 0 0 0 0 0 0 0 0 0 0 0 0 0 0 0 0 0 0 0 1 1 1 1 1 0 0 0 0 0 0 0 0 0 0 0 0 0 0 0 0 0 0 0 0 
0 0 0 0 0 0 0 0 0 0 0 0 0 0 0 0 0 0 0 0 0 0 0 0 0 0 0 0 0 0 0 0 0 0 0 0 0 0 0 0 0 0 0 0 0 0 0 0 0 0 0 0 0 0 0 0 0 0 0 0 0 0 0 0 0 0 0 0 0 0 0 0 0 0 0 0 1 1 1 1 1 0 0 0 0 0 0 0 0 0 0 0 0 0 0 0 0 0 0 0 
0 0 0 0 0 0 0 0 0 0 0 0 0 0 0 0 0 0 0 0 0 0 0 0 0 0 0 0 0 0 0 0 0 0 0 0 0 0 0 0 0 0 0 0 0 0 0 0 0 0 0 0 0 0 0 0 0 0 0 0 0 0 0 0 0 0 0 0 0 0 0 0 0 0 0 0 0 1 1 1 1 1 0 0 0 0 0 0 0 0 0 0 0 0 0 0 0 0 0 0 
0 0 0 0 0 0 0 0 0 0 0 0 0 0 0 0 0 0 0 0 0 0 0 0 0 0 0 0 0 0 0 0 0 0 0 0 0 0 0 0 0 0 0 0 0 0 0 0 0 0 0 0 0 0 0 0 0 0 0 0 0 0 0 0 0 0 0 0 0 0 0 0 0 0 0 0 0 0 1 1 1 1 1 0 0 0 0 0 0 0 0 0 0 0 0 0 0 0 0 0 
0 0 0 0 0 0 0 0 0 0 0 0 0 0 0 0 0 0 0 0 0 0 0 0 0 0 0 0 0 0 0 0 0 0 0 0 0 0 0 0 0 0 0 0 0 0 0 0 0 0 0 0 0 0 0 0 0 0 0 0 0 0 0 0 0 0 0 0 0 0 0 0 0 0 0 0 0 0 0 1 1 1 1 1 0 0 0 0 0 0 0 0 0 0 0 0 0 0 0 0 
0 0 0 0 0 0 0 0 0 0 0 0 0 0 0 0 0 0 0 0 0 0 0 0 0 0 0 0 0 0 0 0 0 0 0 0 0 0 0 0 0 0 0 0 0 0 0 0 0 0 0 0 0 0 0 0 0 0 0 0 0 0 0 0 0 0 0 0 0 0 0 0 0 0 0 0 0 0 0 0 1 1 1 1 1 0 0 0 0 0 0 0 0 0 0 0 0 0 0 0 
0 0 0 0 0 0 0 0 0 0 0 0 0 0 0 0 0 0 0 0 0 0 0 0 0 0 0 0 0 0 0 0 0 0 0 0 0 0 0 0 0 0 0 0 0 0 0 0 0 0 0 0 0 0 0 0 0 0 0 0 0 0 0 0 0 0 0 0 0 0 0 0 0 0 0 0 0 0 0 0 0 1 1 1 1 1 0 0 0 0 0 0 0 0 0 0 0 0 0 0 
0 0 0 0 0 0 0 0 0 0 0 0 0 0 0 0 0 0 0 0 0 0 0 0 0 0 0 0 0 0 0 0 0 0 0 0 0 0 0 0 0 0 0 0 0 0 0 0 0 0 0 0 0 0 0 0 0 0 0 0 0 0 0 0 0 0 0 0 0 0 0 0 0 0 0 0 0 0 0 0 0 0 1 1 1 1 1 0 0 0 0 0 0 0 0 0 0 0 0 0 
0 0 0 0 0 0 0 0 0 0 0 0 0 0 0 0 0 0 0 0 0 0 0 0 0 0 0 0 0 0 0 0 0 0 0 0 0 0 0 0 0 0 0 0 0 0 0 0 0 0 0 0 0 0 0 0 0 0 0 0 0 0 0 0 0 0 0 0 0 0 0 0 0 0 0 0 0 0 0 0 0 0 0 1 1 1 1 1 0 0 0 0 0 0 0 0 0 0 0 0 
0 0 0 0 0 0 0 0 0 0 0 0 0 0 0 0 0 0 0 0 0 0 0 0 0 0 0 0 0 0 0 0 0 0 0 0 0 0 0 0 0 0 0 0 0 0 0 0 0 0 0 0 0 0 0 0 0 0 0 0 0 0 0 0 0 0 0 0 0 0 0 0 0 0 0 0 0 0 0 0 0 0 0 0 1 1 1 1 1 0 0 0 0 0 0 0 0 0 0 0 
0 0 0 0 0 0 0 0 0 0 0 0 0 0 0 0 0 0 0 0 0 0 0 0 0 0 0 0 0 0 0 0 0 0 0 0 0 0 0 0 0 0 0 0 0 0 0 0 0 0 0 0 0 0 0 0 0 0 0 0 0 0 0 0 0 0 0 0 0 0 0 0 0 0 0 0 0 0 0 0 0 0 0 0 0 1 1 1 1 1 0 0 0 0 0 0 0 0 0 0 
0 0 0 0 0 0 0 0 0 0 0 0 0 0 0 0 0 0 0 0 0 0 0 0 0 0 0 0 0 0 0 0 0 0 0 0 0 0 0 0 0 0 0 0 0 0 0 0 0 0 0 0 0 0 0 0 0 0 0 0 0 0 0 0 0 0 0 0 0 0 0 0 0 0 0 0 0 0 0 0 0 0 0 0 0 0 1 1 1 1 1 0 0 0 0 0 0 0 0 0 
0 0 0 0 0 0 0 0 0 0 0 0 0 0 0 0 0 0 0 0 0 0 0 0 0 0 0 0 0 0 0 0 0 0 0 0 0 0 0 0 0 0 0 0 0 0 0 0 0 0 0 0 0 0 0 0 0 0 0 0 0 0 0 0 0 0 0 0 0 0 0 0 0 0 0 0 0 0 0 0 0 0 0 0 0 0 0 1 1 1 1 1 0 0 0 0 0 0 0 0 
0 0 0 0 0 0 0 0 0 0 0 0 0 0 0 0 0 0 0 0 0 0 0 0 0 0 0 0 0 0 0 0 0 0 0 0 0 0 0 0 0 0 0 0 0 0 0 0 0 0 0 0 0 0 0 0 0 0 0 0 0 0 0 0 0 0 0 0 0 0 0 0 0 0 0 0 0 0 0 0 0 0 0 0 0 0 0 0 1 1 1 1 1 0 0 0 0 0 0 0 
0 0 0 0 0 0 0 0 0 0 0 0 0 0 0 0 0 0 0 0 0 0 0 0 0 0 0 0 0 0 0 0 0 0 0 0 0 0 0 0 0 0 0 0 0 0 0 0 0 0 0 0 0 0 0 0 0 0 0 0 0 0 0 0 0 0 0 0 0 0 0 0 0 0 0 0 0 0 0 0 0 0 0 0 0 0 0 0 0 1 1 1 1 1 0 0 0 0 0 0 
0 0 0 0 0 0 0 0 0 0 0 0 0 0 0 0 0 0 0 0 0 0 0 0 0 0 0 0 0 0 0 0 0 0 0 0 0 0 0 0 0 0 0 0 0 0 0 0 0 0 0 0 0 0 0 0 0 0 0 0 0 0 0 0 0 0 0 0 0 0 0 0 0 0 0 0 0 0 0 0 0 0 0 0 0 0 0 0 0 0 1 1 1 1 1 0 0 0 0 0 
0 0 0 0 0 0 0 0 0 0 0 0 0 0 0 0 0 0 0 0 0 0 0 0 0 0 0 0 0 0 0 0 0 0 0 0 0 0 0 0 0 0 0 0 0 0 0 0 0 0 0 0 0 0 0 0 0 0 0 0 0 0 0 0 0 0 0 0 0 0 0 0 0 0 0 0 0 0 0 0 0 0 0 0 0 0 0 0 0 0 0 1 1 1 1 1 0 0 0 0 
0 0 0 0 0 0 0 0 0 0 0 0 0 0 0 0 0 0 0 0 0 0 0 0 0 0 0 0 0 0 0 0 0 0 0 0 0 0 0 0 0 0 0 0 0 0 0 0 0 0 0 0 0 0 0 0 0 0 0 0 0 0 0 0 0 0 0 0 0 0 0 0 0 0 0 0 0 0 0 0 0 0 0 0 0 0 0 0 0 0 0 0 1 1 1 1 1 0 0 0 
0 0 0 0 0 0 0 0 0 0 0 0 0 0 0 0 0 0 0 0 0 0 0 0 0 0 0 0 0 0 0 0 0 0 0 0 0 0 0 0 0 0 0 0 0 0 0 0 0 0 0 0 0 0 0 0 0 0 0 0 0 0 0 0 0 0 0 0 0 0 0 0 0 0 0 0 0 0 0 0 0 0 0 0 0 0 0 0 0 0 0 0 0 1 1 1 1 1 0 0 
0 0 0 0 0 0 0 0 0 0 0 0 0 0 0 0 0 0 0 0 0 0 0 0 0 0 0 0 0 0 0 0 0 0 0 0 0 0 0 0 0 0 0 0 0 0 0 0 0 0 0 0 0 0 0 0 0 0 0 0 0 0 0 0 0 0 0 0 0 0 0 0 0 0 0 0 0 0 0 0 0 0 0 0 0 0 0 0 0 0 0 0 0 0 1 1 1 1 1 0 
0 0 0 0 0 0 0 0 0 0 0 0 0 0 0 0 0 0 0 0 0 0 0 0 0 0 0 0 0 0 0 0 0 0 0 0 0 0 0 0 0 0 0 0 0 0 0 0 0 0 0 0 0 0 0 0 0 0 0 0 0 0 0 0 0 0 0 0 0 0 0 0 0 0 0 0 0 0 0 0 0 0 0 0 0 0 0 0 0 0 0 0 0 0 0 1 1 1 1 1 
1 0 0 0 0 0 0 0 0 0 0 0 0 0 0 0 0 0 0 0 0 0 0 0 0 0 0 0 0 0 0 0 0 0 0 0 0 0 0 0 0 0 0 0 0 0 0 0 0 0 0 0 0 0 0 0 0 0 0 0 0 0 0 0 0 0 0 0 0 0 0 0 0 0 0 0 0 0 0 0 0 0 0 0 0 0 0 0 0 0 0 0 0 0 0 0 1 1 1 1 
1 1 0 0 0 0 0 0 0 0 0 0 0 0 0 0 0 0 0 0 0 0 0 0 0 0 0 0 0 0 0 0 0 0 0 0 0 0 0 0 0 0 0 0 0 0 0 0 0 0 0 0 0 0 0 0 0 0 0 0 0 0 0 0 0 0 0 0 0 0 0 0 0 0 0 0 0 0 0 0 0 0 0 0 0 0 0 0 0 0 0 0 0 0 0 0 0 1 1 1 
1 1 1 0 0 0 0 0 0 0 0 0 0 0 0 0 0 0 0 0 0 0 0 0 0 0 0 0 0 0 0 0 0 0 0 0 0 0 0 0 0 0 0 0 0 0 0 0 0 0 0 0 0 0 0 0 0 0 0 0 0 0 0 0 0 0 0 0 0 0 0 0 0 0 0 0 0 0 0 0 0 0 0 0 0 0 0 0 0 0 0 0 0 0 0 0 0 0 1 1 
1 1 1 1 0 0 0 0 0 0 0 0 0 0 0 0 0 0 0 0 0 0 0 0 0 0 0 0 0 0 0 0 0 0 0 0 0 0 0 0 0 0 0 0 0 0 0 0 0 0 0 0 0 0 0 0 0 0 0 0 0 0 0 0 0 0 0 0 0 0 0 0 0 0 0 0 0 0 0 0 0 0 0 0 0 0 0 0 0 0 0 0 0 0 0 0 0 0 0 1 
