Parameters
100 4
F_el
0.03132503083254 0.03152773989864 0.10968978020148 0.11047606165315 0.01751383973296 0.01741254087318 0.01953668527316 0.01941546503975 0.00200000000000 0.00200000000000 0.01405341971810 0.01403840304061 0.00150000000000 0.00150000000000 0.00160000000000 0.00160000000000 0.02656504380207 0.02656545830346 0.06114545817381 0.06538403094759 0.01690751623323 0.01679822877744 0.01866306716340 0.01854769774905 0.00210000000000 0.00210000000000 0.01437772594449 0.01331633103371 0.00140000000000 0.00140000000000 0.00160000000000 0.00160000000000 
0.00140000000000 0.00190000000000 0.01293140615142 0.02160812301645 0.00160000000000 0.00640000000000 0.01608004020850 0.03280636451868 0.00140000000000 0.00190000000000 0.01305529008176 0.02252593930608 0.00160000000000 0.00650000000000 0.01646716624121 0.04247143697199 0.00140000000000 0.00190000000000 0.01299278687656 0.02201575833654 0.00160000000000 0.00640000000000 0.01613464499117 0.03281552276463 0.00140000000000 0.00190000000000 0.01311295282114 0.02302200616884 0.00160000000000 0.00660000000000 0.01652374850644 0.04232906758945 
0.01599774289948 0.02574455563006 0.00120000000000 0.00130000000000 0.02026261978094 0.07264004800886 0.00140000000000 0.00150000000000 0.00750000000000 0.02062564072341 0.00120000000000 0.00130000000000 0.01831165452717 0.04315449882205 0.00140000000000 0.00150000000000 0.05205277473586 0.01948976655880 0.00160000000000 0.00190000000000 0.02891454315574 0.01878047815418 0.00840000000000 0.01605632777986 0.05725877063774 0.01770009584163 0.00160000000000 0.00190000000000 0.02686039636728 0.01750055047050 0.00590000000000 0.01521524214752 
0.01545226943296 0.02204231744198 0.01579867028082 0.02164780906809 0.01610374350426 0.02296837852301 0.01654081486163 0.02255776438436 0.00150000000000 0.10571899281000 0.00150000000000 0.10696765375714 0.00150000000000 0.10720793107732 0.00150000000000 0.08169085880795 0.00180000000000 0.10964550054125 0.00190000000000 0.10329228589986 0.00180000000000 0.11868248494933 0.00190000000000 0.10613107850175 0.00130000000000 0.04119205604678 0.00130000000000 0.06571007592662 0.00130000000000 0.02235178152686 0.00130000000000 0.02096667851723 
0.07369460241379 0.04808659009343 0.06803422140928 0.04586298318589 0.01708215812368 0.01708332552771 0.01666810850228 0.01667198524592 0.04639461961456 0.03821568671617 0.04396655227757 0.03661330355997 0.01665671747524 0.01666210687105 0.01624875567762 0.01633619922941 0.01725205549804 0.01723956943009 0.01671512903353 0.01671419627752 0.00200000000000 0.00620000000000 0.00200000000000 0.00610000000000 0.01670095503599 0.01661536732718 0.01617581324630 0.01618342175353 0.00190000000000 0.00200000000000 0.00190000000000 0.00190000000000 
0.00170000000000 0.00170000000000 0.00130000000000 0.00130000000000 0.00180000000000 0.00180000000000 0.00130000000000 0.00130000000000 0.00210000000000 0.00210000000000 0.00140000000000 0.00140000000000 0.00210000000000 0.00220000000000 0.00140000000000 0.00140000000000 0.00130000000000 0.00130000000000 0.00110000000000 0.00110000000000 0.00130000000000 0.00130000000000 0.00110000000000 0.00110000000000 0.00140000000000 0.00140000000000 0.00110000000000 0.00120000000000 0.00140000000000 0.00140000000000 0.00120000000000 0.00120000000000 
0.01402209321116 0.00150000000000 0.04023105857788 0.01598185800186 0.00120000000000 0.00110000000000 0.00160000000000 0.00130000000000 0.00150000000000 0.00120000000000 0.01522107529828 0.00160000000000 0.00110000000000 0.00110000000000 0.00130000000000 0.00120000000000 0.01626322392373 0.00190000000000 0.10476836123618 0.01977110269329 0.00140000000000 0.00120000000000 0.00210000000000 0.00150000000000 0.00180000000000 0.00140000000000 0.02703172762154 0.00210000000000 0.00120000000000 0.00110000000000 0.00150000000000 0.00120000000000 
0.03242046317920 0.03932693541113 0.03078104073458 0.03520106457002 0.03304969534403 0.04063954378814 0.03129076572157 0.03590127379434 0.02307954763723 0.02512883819710 0.02347946554312 0.02513953780154 0.02328494630331 0.02543391164934 0.02359388725321 0.02543984560776 0.01566821569910 0.01599340724141 0.01610027889009 0.01643016529470 0.01576334642854 0.01599888206452 0.01610555431058 0.01643612878366 0.00200000000000 0.00220000000000 0.00200000000000 0.01512152292233 0.00200000000000 0.00230000000000 0.00200000000000 0.01512555255895 
0.01631936072837 0.02276048999789 0.01492782708344 0.00310000000000 0.00180000000000 0.00230000000000 0.00150000000000 0.00180000000000 0.01940014041804 0.01680978159284 0.01655645343284 0.03158173627173 0.00230000000000 0.00350000000000 0.00180000000000 0.00220000000000 0.00280000000000 0.00260000000000 0.00200000000000 0.01423248199286 0.00170000000000 0.00290000000000 0.00150000000000 0.00200000000000 0.01653075814473 0.00200000000000 0.00270000000000 0.00310000000000 0.00210000000000 0.00370000000000 0.00170000000000 0.00260000000000 
0.00160000000000 0.00120000000000 0.01462315216163 0.00140000000000 0.00150000000000 0.00120000000000 0.00210000000000 0.00140000000000 0.00150000000000 0.00120000000000 0.00210000000000 0.00140000000000 0.00150000000000 0.00120000000000 0.00200000000000 0.00140000000000 0.00150000000000 0.00120000000000 0.01603178545620 0.00130000000000 0.00140000000000 0.00120000000000 0.01587257509973 0.00130000000000 0.00140000000000 0.00120000000000 0.00190000000000 0.00130000000000 0.00140000000000 0.00120000000000 0.00180000000000 0.00130000000000 
0.00240000000000 0.00140000000000 0.00130000000000 0.00110000000000 0.01460582780929 0.00140000000000 0.00130000000000 0.00110000000000 0.00240000000000 0.00150000000000 0.00140000000000 0.00120000000000 0.00630000000000 0.00150000000000 0.00140000000000 0.00120000000000 0.01702142768366 0.00150000000000 0.00140000000000 0.00120000000000 0.01743823668113 0.00150000000000 0.00140000000000 0.00120000000000 0.01537242800399 0.00160000000000 0.00140000000000 0.00120000000000 0.01638700624165 0.00160000000000 0.00140000000000 0.00120000000000 
0.01959041350331 0.01811358687704 0.01960695596347 0.01884724727564 0.01959358070456 0.01831524746552 0.01969401592741 0.01905013552636 0.00230000000000 0.02356875689653 0.00240000000000 0.02270245449200 0.00230000000000 0.02327745374177 0.00240000000000 0.02258709473460 0.02092657139444 0.01981602035336 0.02093520048778 0.02061410731923 0.02092748359336 0.02001216103177 0.02093600721219 0.02073300483679 0.00620000000000 0.02721088585818 0.00630000000000 0.02672623700145 0.00620000000000 0.02701958782741 0.00630000000000 0.02663186746561 
0.01460232278479 0.00760000000000 0.00590000000000 0.00310000000000 0.01865594514326 0.01864342924377 0.01702501327877 0.01682249938800 0.00200000000000 0.00200000000000 0.00250000000000 0.00250000000000 0.00280000000000 0.00270000000000 0.00340000000000 0.00340000000000 0.00210000000000 0.00210000000000 0.00280000000000 0.00280000000000 0.00270000000000 0.00270000000000 0.00480000000000 0.00500000000000 0.00200000000000 0.00200000000000 0.00270000000000 0.00270000000000 0.00240000000000 0.00240000000000 0.00620000000000 0.00520000000000 
0.11398033920550 0.01968213169613 0.02900384203891 0.01833804415819 0.12106166963525 0.01656271055754 0.02665615051729 0.01297849705643 0.03629114729811 0.07354530948059 0.06033899155865 0.10487752917713 0.05718074356619 0.02415928681084 0.10355269030104 0.11348712655282 0.01813856139829 0.00880000000000 0.01772038667708 0.00880000000000 0.01602037854308 0.00560000000000 0.01614305732927 0.00570000000000 0.02502011840522 0.02042226006165 0.02297736346363 0.01981790812984 0.03160224985273 0.02156167214646 0.02771457687462 0.01987505263028 
0.00140000000000 0.00130000000000 0.00150000000000 0.00130000000000 0.00150000000000 0.00130000000000 0.00160000000000 0.00130000000000 0.00130000000000 0.00120000000000 0.00130000000000 0.00120000000000 0.00130000000000 0.00120000000000 0.00130000000000 0.00120000000000 0.00140000000000 0.00120000000000 0.00150000000000 0.00130000000000 0.00140000000000 0.00130000000000 0.00480000000000 0.00130000000000 0.00120000000000 0.00120000000000 0.00130000000000 0.00120000000000 0.00130000000000 0.00120000000000 0.00130000000000 0.00120000000000 
0.00150000000000 0.00160000000000 0.00150000000000 0.00160000000000 0.00120000000000 0.00120000000000 0.00120000000000 0.00120000000000 0.00160000000000 0.00170000000000 0.00160000000000 0.00170000000000 0.00120000000000 0.00120000000000 0.00120000000000 0.00120000000000 0.00140000000000 0.00140000000000 0.00140000000000 0.00140000000000 0.00110000000000 0.00110000000000 0.00110000000000 0.00110000000000 0.00150000000000 0.00150000000000 0.00150000000000 0.00150000000000 0.00120000000000 0.00120000000000 0.00120000000000 0.00120000000000 
0.02319383247677 0.01803369779937 0.00830000000000 0.00510000000000 0.00180000000000 0.00160000000000 0.00140000000000 0.00130000000000 0.02561875669465 0.02122371929305 0.01457667448126 0.00800000000000 0.00200000000000 0.00170000000000 0.00480000000000 0.00140000000000 0.00140000000000 0.00140000000000 0.00130000000000 0.00120000000000 0.00120000000000 0.00110000000000 0.00110000000000 0.00110000000000 0.00160000000000 0.00140000000000 0.00140000000000 0.00130000000000 0.00120000000000 0.00120000000000 0.00110000000000 0.00110000000000 
0.01414761057988 0.00620000000000 0.01574160259349 0.01301173988959 0.01792855564917 0.01515776125362 0.01934885764690 0.01521748066634 0.00120000000000 0.00120000000000 0.00130000000000 0.00120000000000 0.00130000000000 0.00120000000000 0.00130000000000 0.00130000000000 0.00210000000000 0.00580000000000 0.01461310641963 0.00580000000000 0.01564068307062 0.00890000000000 0.01565183258004 0.00860000000000 0.00120000000000 0.00120000000000 0.00120000000000 0.00120000000000 0.00120000000000 0.00120000000000 0.00130000000000 0.00130000000000 
0.00190000000000 0.01369547893578 0.00170000000000 0.00180000000000 0.00190000000000 0.01413964761441 0.00170000000000 0.00190000000000 0.00160000000000 0.00170000000000 0.00150000000000 0.00160000000000 0.00160000000000 0.00180000000000 0.00150000000000 0.00160000000000 0.01974279565342 0.02095099297928 0.01697545339739 0.01897567880268 0.01996072756286 0.02126488146274 0.01738959147390 0.01939348465998 0.01471365046433 0.01468211475242 0.00580000000000 0.01000000000000 0.01476897785770 0.01474704082629 0.00580000000000 0.01536290309702 
0.02575198349611 0.02318073289491 0.00150000000000 0.00140000000000 0.02125018278687 0.01831621364878 0.00140000000000 0.00140000000000 0.03736694966737 0.04992822356071 0.01680441991057 0.01530661086633 0.03254530841731 0.03593405895514 0.01486779573537 0.01469305222217 0.01693878502223 0.01458132218558 0.00140000000000 0.00130000000000 0.01577064298303 0.01385714799429 0.00130000000000 0.00130000000000 0.02897599153024 0.02986445576065 0.00950000000000 0.00560000000000 0.02572507997464 0.02567280513470 0.00510000000000 0.00530000000000 
0.01493409957279 0.01799847993435 0.01602204001944 0.01630346174209 0.02399598837095 0.02563348191957 0.02604385298273 0.02214163979205 0.01927561535755 0.00570000000000 0.02291293875376 0.00540000000000 0.10554423308437 0.01514143668845 0.05443803456719 0.00920000000000 0.00810000000000 0.01291123022435 0.00990000000000 0.00940000000000 0.02052922284235 0.02016715737340 0.02283381414374 0.01830752615450 0.02082096010665 0.00490000000000 0.02890312724479 0.00470000000000 0.03518900608977 0.00810000000000 0.04126744768678 0.00790000000000 
0.02009386928877 0.01758435104738 0.01894441551219 0.01673084541454 0.01639196314532 0.01513750355281 0.01555190908766 0.01451522414134 0.01757250962982 0.01591313269304 0.01662338447755 0.01527694625012 0.01504725525060 0.01275003448002 0.01450553639677 0.00620000000000 0.03055586345518 0.02206533342037 0.02820601686785 0.02071433097023 0.02059909928409 0.01736668377253 0.01902353139070 0.01640800037235 0.02381174243917 0.01894890840768 0.02176914096143 0.01779472110103 0.01747517926259 0.01577094325158 0.01650361436345 0.01504847138417 
0.01649432673243 0.01520834251734 0.00190000000000 0.00170000000000 0.01875753704838 0.01736931944273 0.00190000000000 0.00180000000000 0.01576246062175 0.01468889268400 0.00180000000000 0.00170000000000 0.01783840573306 0.01667428761205 0.00180000000000 0.00170000000000 0.00680000000000 0.00300000000000 0.00180000000000 0.00170000000000 0.00700000000000 0.00330000000000 0.00190000000000 0.00180000000000 0.00640000000000 0.00260000000000 0.00170000000000 0.00170000000000 0.00330000000000 0.00290000000000 0.00180000000000 0.00170000000000 
0.00170000000000 0.00200000000000 0.00170000000000 0.00200000000000 0.01763141916488 0.02843666462922 0.01608916765595 0.02485699010878 0.00170000000000 0.00700000000000 0.00170000000000 0.00660000000000 0.01786837647341 0.02128709229515 0.01720697406757 0.02024462620075 0.01561333019128 0.02085656153396 0.01459946783319 0.01924478349355 0.07212385903331 0.00620000000000 0.03421688227051 0.01478773151141 0.01449560103745 0.01911323743638 0.01398260915935 0.01839496303119 0.03140848087248 0.00570000000000 0.02898615629617 0.02369711077848 
0.01584204804859 0.01681938581074 0.00130000000000 0.00130000000000 0.01414324134882 0.01464582794812 0.00130000000000 0.00130000000000 0.00120000000000 0.00120000000000 0.00110000000000 0.00110000000000 0.00120000000000 0.00120000000000 0.00110000000000 0.00110000000000 0.01847033737510 0.01494440416248 0.01917263118982 0.02009218953264 0.02213651783084 0.01614232727537 0.01650092274973 0.01719715183406 0.01791262462130 0.01861298231223 0.00140000000000 0.00140000000000 0.01605875312009 0.01667978790258 0.00150000000000 0.00150000000000 
0.07126322118642 0.01654997815484 0.01670924860720 0.01394685613312 0.00160000000000 0.01746535353087 0.00150000000000 0.00580000000000 0.00150000000000 0.00120000000000 0.00150000000000 0.00120000000000 0.02891634898347 0.00220000000000 0.01565260687688 0.00210000000000 0.02250553602584 0.01297459541586 0.02095616096908 0.00640000000000 0.00620000000000 0.01939104080024 0.00170000000000 0.00680000000000 0.00140000000000 0.00120000000000 0.00140000000000 0.00120000000000 0.01618408449070 0.00190000000000 0.00760000000000 0.00190000000000 
0.00160000000000 0.00160000000000 0.00130000000000 0.00130000000000 0.00190000000000 0.00200000000000 0.00150000000000 0.00150000000000 0.00150000000000 0.00150000000000 0.00130000000000 0.00130000000000 0.00180000000000 0.00190000000000 0.00150000000000 0.00150000000000 0.00160000000000 0.00160000000000 0.00130000000000 0.00130000000000 0.00190000000000 0.00190000000000 0.00150000000000 0.00150000000000 0.00150000000000 0.00150000000000 0.00130000000000 0.00130000000000 0.00180000000000 0.00180000000000 0.00150000000000 0.00150000000000 
0.00150000000000 0.00110000000000 0.00120000000000 0.00100000000000 0.00150000000000 0.00110000000000 0.00120000000000 0.00100000000000 0.00150000000000 0.00110000000000 0.00120000000000 0.00100000000000 0.00150000000000 0.00110000000000 0.00120000000000 0.00100000000000 0.01522124483549 0.00120000000000 0.00140000000000 0.00110000000000 0.01828350166161 0.00120000000000 0.00150000000000 0.00110000000000 0.00260000000000 0.00120000000000 0.00140000000000 0.00110000000000 0.01889200251419 0.00120000000000 0.00150000000000 0.00110000000000 
0.00150000000000 0.01996986359542 0.00150000000000 0.02037872932772 0.00150000000000 0.01938541913443 0.00150000000000 0.01979240604584 0.00120000000000 0.00150000000000 0.00120000000000 0.00150000000000 0.00120000000000 0.00150000000000 0.00120000000000 0.00150000000000 0.00170000000000 0.02807609603375 0.00170000000000 0.02969166201706 0.00170000000000 0.02786455024921 0.00170000000000 0.02970435444101 0.00120000000000 0.00170000000000 0.00120000000000 0.00170000000000 0.00120000000000 0.00170000000000 0.00120000000000 0.00170000000000 
0.00180000000000 0.00180000000000 0.00190000000000 0.00200000000000 0.00120000000000 0.00130000000000 0.00120000000000 0.00120000000000 0.00190000000000 0.00190000000000 0.00570000000000 0.00580000000000 0.00130000000000 0.00130000000000 0.00130000000000 0.00130000000000 0.00130000000000 0.00130000000000 0.00130000000000 0.00130000000000 0.00110000000000 0.00110000000000 0.00110000000000 0.00110000000000 0.00140000000000 0.00140000000000 0.00140000000000 0.00140000000000 0.00110000000000 0.00110000000000 0.00110000000000 0.00110000000000 
0.00160000000000 0.00180000000000 0.00120000000000 0.00120000000000 0.00130000000000 0.00130000000000 0.00110000000000 0.00110000000000 0.10976519290855 0.02578757035073 0.00170000000000 0.00200000000000 0.01644090479350 0.00930000000000 0.00130000000000 0.00130000000000 0.02049003232936 0.01485316872061 0.00140000000000 0.00140000000000 0.00180000000000 0.00500000000000 0.00120000000000 0.00120000000000 0.03246183093678 0.01973531962689 0.01937701606300 0.01721501793509 0.03600448277752 0.02976808891218 0.00190000000000 0.00500000000000 
0.00150000000000 0.00240000000000 0.00160000000000 0.00310000000000 0.00180000000000 0.00530000000000 0.00210000000000 0.02086498385952 0.00150000000000 0.00270000000000 0.00170000000000 0.00380000000000 0.00190000000000 0.01941977913908 0.00230000000000 0.01642473423628 0.00160000000000 0.00290000000000 0.00180000000000 0.00410000000000 0.00200000000000 0.01617923074777 0.00260000000000 0.01451734462591 0.00170000000000 0.00340000000000 0.00190000000000 0.00630000000000 0.00210000000000 0.01418607890995 0.00290000000000 0.00300000000000 
0.00150000000000 0.00160000000000 0.00120000000000 0.00120000000000 0.00180000000000 0.00690000000000 0.00120000000000 0.00130000000000 0.00150000000000 0.00170000000000 0.00120000000000 0.00120000000000 0.00210000000000 0.01338712978125 0.00130000000000 0.00130000000000 0.00110000000000 0.00120000000000 0.00100000000000 0.00110000000000 0.00120000000000 0.00130000000000 0.00110000000000 0.00110000000000 0.00120000000000 0.00120000000000 0.00100000000000 0.00110000000000 0.00120000000000 0.00130000000000 0.00110000000000 0.00110000000000 
0.00160000000000 0.01604639439697 0.00140000000000 0.00180000000000 0.00160000000000 0.01617518044667 0.00140000000000 0.00180000000000 0.01905732162817 0.10977598549358 0.01405138905344 0.02365198898917 0.01917505843198 0.09538782378144 0.01409689717153 0.02374041415822 0.00120000000000 0.00140000000000 0.00110000000000 0.00130000000000 0.00120000000000 0.00140000000000 0.00110000000000 0.00130000000000 0.00160000000000 0.01735169774488 0.00140000000000 0.00190000000000 0.00160000000000 0.01738345182657 0.00140000000000 0.00190000000000 
0.00200000000000 0.01667190729209 0.00170000000000 0.01551134794285 0.01521802148849 0.02047465992709 0.00220000000000 0.02094297005181 0.01500244653454 0.02036194733823 0.00220000000000 0.02080954079731 0.01779657612337 0.02906330332895 0.01637273893232 0.08286929828385 0.01773722546088 0.02294391488002 0.01653525819264 0.02241131979815 0.02088721405703 0.02912616475783 0.01983176550098 0.03037114524453 0.02079036813713 0.02941453204172 0.01963754941875 0.03088524320407 0.02577171543764 0.04714880289962 0.02512481543144 0.10752589719655 
0.01772142976108 0.01772173431530 0.03439814177592 0.03439983251826 0.09335908350888 0.09397168354432 0.01616845953404 0.01616811433286 0.01794779647439 0.01794812511652 0.03615173371644 0.03615315999027 0.06183595195477 0.06203574892998 0.01660862414952 0.01660828930851 0.03904821969457 0.03904949994694 0.01832027360824 0.01832009640898 0.02007553462670 0.02007546279509 0.00190000000000 0.00190000000000 0.04094916024377 0.04095010175803 0.01862174774143 0.01862158655423 0.02029395208943 0.02029387738686 0.01275158156940 0.01275120872987 
0.01515019618077 0.01492470629893 0.03559485057040 0.03037241337099 0.00260000000000 0.00250000000000 0.01440557634081 0.01473669303077 0.03665386625165 0.04500467331763 0.01995310500957 0.02037201361353 0.01700049721989 0.01718044675420 0.00170000000000 0.00180000000000 0.01982697714481 0.01899842360365 0.02648062170993 0.02970471993069 0.02194579452406 0.00830000000000 0.00210000000000 0.00220000000000 0.02225184965679 0.02299313544128 0.01768590432412 0.01799078863064 0.01828577393355 0.01920862868294 0.00140000000000 0.00140000000000 
0.01584247520383 0.00150000000000 0.00140000000000 0.00120000000000 0.01704721891531 0.00160000000000 0.00150000000000 0.00120000000000 0.00130000000000 0.00110000000000 0.00110000000000 0.00100000000000 0.00140000000000 0.00120000000000 0.00110000000000 0.00100000000000 0.03851180494146 0.01476820714331 0.00190000000000 0.00130000000000 0.11805425182554 0.01527563971778 0.00220000000000 0.00140000000000 0.00170000000000 0.00120000000000 0.00120000000000 0.00110000000000 0.00190000000000 0.00130000000000 0.00130000000000 0.00110000000000 
0.01769058754764 0.00170000000000 0.01966892916275 0.00180000000000 0.00130000000000 0.00120000000000 0.00140000000000 0.00120000000000 0.11125074954289 0.01438099291094 0.10863682892489 0.01541501945597 0.00170000000000 0.00130000000000 0.00190000000000 0.00140000000000 0.02626984167058 0.00210000000000 0.04731957946657 0.00240000000000 0.00150000000000 0.00120000000000 0.00160000000000 0.00130000000000 0.02970631899232 0.01782489523070 0.02303832871870 0.00910000000000 0.00760000000000 0.00150000000000 0.01342299577131 0.00150000000000 
0.00170000000000 0.05194655993348 0.00110000000000 0.00160000000000 0.02298657622422 0.01531762101154 0.00150000000000 0.02351320984752 0.01664348624642 0.02460038701930 0.00130000000000 0.01811274955813 0.01854421601751 0.00860000000000 0.00210000000000 0.02367471890613 0.00140000000000 0.02030006446782 0.00110000000000 0.00140000000000 0.00280000000000 0.02037158806269 0.00130000000000 0.00280000000000 0.00190000000000 0.04669073323804 0.00120000000000 0.00190000000000 0.03132468210186 0.01519738159030 0.00160000000000 0.04180517735357 
0.00700000000000 0.00120000000000 0.00140000000000 0.00110000000000 0.00200000000000 0.00120000000000 0.00140000000000 0.00110000000000 0.01898035538457 0.00130000000000 0.01519558981355 0.00110000000000 0.01705741278847 0.00130000000000 0.00170000000000 0.00110000000000 0.01462150864740 0.00120000000000 0.00140000000000 0.00110000000000 0.00670000000000 0.00120000000000 0.00140000000000 0.00110000000000 0.01909902908050 0.00140000000000 0.01542553849120 0.00110000000000 0.01728630796063 0.00130000000000 0.00570000000000 0.00110000000000 
0.01531855006015 0.00200000000000 0.02930406562717 0.03999113454344 0.02099341547674 0.02603604121119 0.00150000000000 0.00160000000000 0.01486550637075 0.00200000000000 0.03069837421836 0.03562685346092 0.02098932307274 0.02659766723260 0.00150000000000 0.00160000000000 0.02039587935334 0.01576226249130 0.01683905910809 0.01933063158497 0.01613166713460 0.01715393304156 0.00130000000000 0.00140000000000 0.01934939299191 0.01511396676656 0.01682318603387 0.01932175209535 0.01613005407025 0.01713552670206 0.00130000000000 0.00140000000000 
0.02070294095396 0.01727634432781 0.02451905598819 0.01588510472211 0.02246507503781 0.01748094744321 0.02695782790857 0.01610330394690 0.00200000000000 0.02861322140860 0.00240000000000 0.05721034160481 0.01525310794146 0.03319397706855 0.01611037185596 0.10723279121777 0.02390610830061 0.01556055320394 0.03100984789486 0.01459715065584 0.02635820526212 0.01578394987292 0.03519445665457 0.01482656240907 0.00220000000000 0.05689658306189 0.01616070128441 0.03646469218220 0.01578370006243 0.10308418832395 0.01674421800741 0.03315488166835 
0.00170000000000 0.00150000000000 0.00150000000000 0.00140000000000 0.00180000000000 0.00160000000000 0.00170000000000 0.00150000000000 0.00210000000000 0.00180000000000 0.00190000000000 0.00160000000000 0.01370754443162 0.00200000000000 0.00210000000000 0.00180000000000 0.00150000000000 0.00140000000000 0.00150000000000 0.00140000000000 0.00170000000000 0.00150000000000 0.00150000000000 0.00140000000000 0.00190000000000 0.00160000000000 0.00170000000000 0.00150000000000 0.00220000000000 0.00180000000000 0.00180000000000 0.00160000000000 
0.00200000000000 0.00190000000000 0.00140000000000 0.00140000000000 0.00130000000000 0.00130000000000 0.00120000000000 0.00120000000000 0.00250000000000 0.00230000000000 0.00150000000000 0.00150000000000 0.00140000000000 0.00140000000000 0.00120000000000 0.00120000000000 0.01460250465794 0.01418056875846 0.00160000000000 0.00160000000000 0.00140000000000 0.00140000000000 0.00120000000000 0.00120000000000 0.01596758335184 0.01531590027309 0.00180000000000 0.00180000000000 0.00160000000000 0.00150000000000 0.00130000000000 0.00130000000000 
0.03031197414874 0.01872830473270 0.09698869165734 0.02121773219364 0.01822041769540 0.01575666576265 0.01989834999735 0.01642256355720 0.00200000000000 0.01578216543988 0.00170000000000 0.00240000000000 0.01839959772708 0.03128561025150 0.01592029583121 0.02216357048399 0.11819505800582 0.02925155816313 0.10382127700954 0.11222923209384 0.02505953002560 0.01946555333408 0.03067460420523 0.02101270764273 0.00170000000000 0.01701613309566 0.00160000000000 0.00190000000000 0.01924244032733 0.02884565124617 0.01691085833456 0.02212405434358 
0.01949628926331 0.02443756398379 0.01458535458504 0.11442260677664 0.02092998774054 0.02298319680889 0.01512981296450 0.10640621042473 0.02133577151085 0.10800670757576 0.00190000000000 0.10396725741573 0.02301792326083 0.10655710280249 0.00200000000000 0.10523096031740 0.03689181243970 0.01773524805852 0.01605630957031 0.02585260412780 0.10403824687327 0.01730299803008 0.01708020039999 0.02242820947472 0.05076324174862 0.06158239872726 0.01891494713918 0.11690601166038 0.05739854681915 0.05603284407529 0.02043669524592 0.11004668362612 
0.00170000000000 0.00180000000000 0.00120000000000 0.00120000000000 0.00160000000000 0.00170000000000 0.00110000000000 0.00120000000000 0.01648617450078 0.01698750572380 0.00130000000000 0.00130000000000 0.01536196414756 0.01583703477377 0.00130000000000 0.00130000000000 0.00140000000000 0.00140000000000 0.00110000000000 0.00110000000000 0.00130000000000 0.00140000000000 0.00110000000000 0.00110000000000 0.00170000000000 0.00180000000000 0.00120000000000 0.00120000000000 0.00160000000000 0.00170000000000 0.00110000000000 0.00120000000000 
0.00170000000000 0.00120000000000 0.00140000000000 0.00110000000000 0.01489717196811 0.00120000000000 0.00170000000000 0.00120000000000 0.00200000000000 0.00120000000000 0.00150000000000 0.00110000000000 0.01734821793422 0.00130000000000 0.00190000000000 0.00120000000000 0.00170000000000 0.00110000000000 0.00140000000000 0.00110000000000 0.01463006838203 0.00120000000000 0.00160000000000 0.00110000000000 0.00200000000000 0.00120000000000 0.00150000000000 0.00110000000000 0.01734676499953 0.00130000000000 0.00190000000000 0.00120000000000 
0.01489017691024 0.00190000000000 0.00160000000000 0.00140000000000 0.01597004470844 0.00210000000000 0.00170000000000 0.00150000000000 0.00600000000000 0.00170000000000 0.00150000000000 0.00130000000000 0.01603324284916 0.00180000000000 0.00160000000000 0.00140000000000 0.01644002453049 0.00190000000000 0.00170000000000 0.00140000000000 0.01749159095572 0.00220000000000 0.00180000000000 0.00150000000000 0.01299086546659 0.00170000000000 0.00150000000000 0.00130000000000 0.01636365489614 0.00200000000000 0.00170000000000 0.00140000000000 
0.00180000000000 0.00160000000000 0.00120000000000 0.00110000000000 0.00170000000000 0.00150000000000 0.00120000000000 0.00110000000000 0.00180000000000 0.00160000000000 0.00120000000000 0.00110000000000 0.00170000000000 0.00150000000000 0.00120000000000 0.00110000000000 0.00140000000000 0.00130000000000 0.00110000000000 0.00110000000000 0.00140000000000 0.00130000000000 0.00110000000000 0.00110000000000 0.00140000000000 0.00130000000000 0.00110000000000 0.00110000000000 0.00140000000000 0.00130000000000 0.00110000000000 0.00110000000000 
0.00150000000000 0.01473542518985 0.00130000000000 0.00160000000000 0.00150000000000 0.01644159581290 0.00130000000000 0.00170000000000 0.01442278549362 0.02540925485148 0.00150000000000 0.01635062668896 0.01571836853501 0.03017323509463 0.00150000000000 0.01745722265532 0.00170000000000 0.02006613933255 0.00140000000000 0.00190000000000 0.00180000000000 0.02252465601788 0.00140000000000 0.00200000000000 0.01816551496195 0.04738575358451 0.00170000000000 0.02131192840924 0.01967199317716 0.06967962183550 0.00170000000000 0.02405768520917 
0.00200000000000 0.01648311970921 0.01428320884766 0.02368019900416 0.02965153098156 0.05655206834323 0.07492027618559 0.03987499659722 0.01523329529278 0.01953219964957 0.02026117190548 0.03046347658359 0.04084130778804 0.04985466812313 0.05104473794699 0.03493343452402 0.00150000000000 0.00210000000000 0.00160000000000 0.01377179473291 0.01868458461167 0.02640577962798 0.02582607998897 0.03630137651561 0.00160000000000 0.00660000000000 0.00170000000000 0.01753761162646 0.02190390443876 0.03540735801764 0.03133882668608 0.04455314705286 
0.00190000000000 0.00190000000000 0.00150000000000 0.00150000000000 0.01568440827517 0.01568457560355 0.01415134108526 0.01415148517588 0.00180000000000 0.00180000000000 0.00150000000000 0.00150000000000 0.01578487729785 0.01578502408831 0.01383510002239 0.01383524088287 0.00220000000000 0.00220000000000 0.00170000000000 0.00170000000000 0.01654391527100 0.01654408970103 0.01434771613899 0.01434786256717 0.00210000000000 0.00210000000000 0.00160000000000 0.00160000000000 0.01661699695473 0.01661714979533 0.01395285100557 0.01395299647867 
0.02420613954764 0.03569373296339 0.12025886933203 0.10958597505216 0.01808936507280 0.02172078090290 0.04871555843271 0.10734981169765 0.01471350229833 0.01654288231581 0.02346496833446 0.02851535484819 0.00180000000000 0.00210000000000 0.01921872874479 0.02159145350321 0.00130000000000 0.00140000000000 0.00160000000000 0.00190000000000 0.00130000000000 0.00130000000000 0.00140000000000 0.00150000000000 0.00120000000000 0.00120000000000 0.00130000000000 0.00140000000000 0.00110000000000 0.00120000000000 0.00120000000000 0.00130000000000 
0.01958080893473 0.02151324270764 0.01869174594499 0.02052258349428 0.02256231365933 0.02434799831582 0.02068723175204 0.02273079888547 0.00140000000000 0.00140000000000 0.00140000000000 0.00140000000000 0.00150000000000 0.00150000000000 0.00140000000000 0.00150000000000 0.02293882085720 0.02386066293935 0.02180567399434 0.02301198583217 0.02539130442166 0.02590486478242 0.02373907427811 0.02455763886271 0.00500000000000 0.00820000000000 0.00470000000000 0.00460000000000 0.00510000000000 0.00830000000000 0.00480000000000 0.00790000000000 
0.02101888056386 0.01654149027705 0.03346538712178 0.00240000000000 0.02029703767737 0.03016580035137 0.03830180496926 0.01000000000000 0.02121913612755 0.03613560025160 0.03459202874426 0.00250000000000 0.02049790586229 0.03367702232011 0.03982292798361 0.01000000000000 0.01880051165043 0.00200000000000 0.00660000000000 0.00150000000000 0.01962461068100 0.00210000000000 0.00680000000000 0.00150000000000 0.01922112612183 0.00210000000000 0.00670000000000 0.00150000000000 0.02013935597557 0.00210000000000 0.00690000000000 0.00150000000000 
0.00200000000000 0.00160000000000 0.01877776353956 0.01546609724387 0.01545154958549 0.00180000000000 0.02277059793980 0.01827417890576 0.02342528754192 0.01531712821137 0.03673175571169 0.04526853669795 0.02907025015860 0.02111018099251 0.03479873765223 0.08263599966445 0.00630000000000 0.00180000000000 0.01693631853897 0.01499300375957 0.01489524303653 0.00600000000000 0.01956110504035 0.01693037052998 0.01974251859242 0.01675231977039 0.03272421300463 0.02739518548623 0.02296231011878 0.01905561273472 0.03163781399886 0.03473318320053 
0.03374674321787 0.02245930652925 0.03312052284665 0.02462923925529 0.01944530160042 0.03142137889076 0.01996311688210 0.03122844739559 0.03133489580705 0.02086541560140 0.03112986855792 0.02268692879089 0.01885654947213 0.03016444446551 0.01936947716056 0.03015775598829 0.02829965442716 0.01869368581762 0.03068805677386 0.01864605017287 0.03522241494812 0.03026569067626 0.03469022449828 0.03291509920650 0.02624925080178 0.01820032248814 0.02807025737734 0.01815276947758 0.03419007343706 0.02804504331974 0.03367535852550 0.03004363283012 
0.01771700205403 0.02812090449502 0.01899220053576 0.03110634643135 0.02142817957617 0.04471891271928 0.02416274799000 0.04944947600613 0.01709176499046 0.02504520049028 0.01816370234212 0.02692506989860 0.01936529854346 0.02565279848590 0.02101780015282 0.02764439949224 0.01542759551866 0.02343335746428 0.01630497348935 0.02515176952092 0.00230000000000 0.03077582670072 0.00260000000000 0.03585843343553 0.01523589588395 0.02194896081035 0.01588826860919 0.02307306273275 0.01681496762481 0.02273932938881 0.01799222719775 0.02290988697275 
0.00180000000000 0.04341578379112 0.00170000000000 0.03855708338205 0.00180000000000 0.00940000000000 0.00180000000000 0.00790000000000 0.00670000000000 0.03987251544406 0.00200000000000 0.09581907037726 0.00220000000000 0.01654379124258 0.00200000000000 0.00640000000000 0.00120000000000 0.00180000000000 0.00120000000000 0.00170000000000 0.00130000000000 0.00180000000000 0.00130000000000 0.00170000000000 0.00130000000000 0.01376127564659 0.00130000000000 0.00200000000000 0.00130000000000 0.00220000000000 0.00130000000000 0.00200000000000 
0.00170000000000 0.00160000000000 0.01287503452382 0.01317889161908 0.00140000000000 0.00140000000000 0.00520000000000 0.00530000000000 0.00130000000000 0.00130000000000 0.00150000000000 0.00140000000000 0.00120000000000 0.00120000000000 0.00130000000000 0.00130000000000 0.00190000000000 0.00180000000000 0.01420938067698 0.00250000000000 0.00150000000000 0.00150000000000 0.00990000000000 0.00180000000000 0.00140000000000 0.00140000000000 0.00160000000000 0.00150000000000 0.00130000000000 0.00120000000000 0.00140000000000 0.00130000000000 
0.00170000000000 0.00130000000000 0.00180000000000 0.00140000000000 0.02276695729139 0.00220000000000 0.02964846417922 0.00240000000000 0.00160000000000 0.00130000000000 0.00160000000000 0.00130000000000 0.01656553202475 0.00190000000000 0.01730295035658 0.00210000000000 0.00170000000000 0.00130000000000 0.00170000000000 0.00130000000000 0.02276293018111 0.00210000000000 0.02534033284064 0.00230000000000 0.00510000000000 0.00120000000000 0.00180000000000 0.00130000000000 0.01841409594284 0.01446616083890 0.01905178136335 0.01457251593848 
0.00180000000000 0.01820918489552 0.03383230071415 0.01845595168546 0.00160000000000 0.01700134721478 0.10642329826928 0.01940124723145 0.00180000000000 0.01924698077511 0.03173517283420 0.01866010879158 0.00160000000000 0.01786865169069 0.10308430494556 0.01960140311618 0.00180000000000 0.01883203187613 0.03051314713068 0.01826995945802 0.00160000000000 0.01742591525183 0.06637337013421 0.01918869302572 0.00180000000000 0.01993794151785 0.02931437884729 0.01855445857834 0.00160000000000 0.01837793375808 0.04652051056069 0.01939240905835 
0.01767202850620 0.00150000000000 0.01882130725477 0.00150000000000 0.01966653061089 0.00140000000000 0.02047823881202 0.00150000000000 0.00180000000000 0.00130000000000 0.00190000000000 0.00130000000000 0.00170000000000 0.00120000000000 0.00170000000000 0.00120000000000 0.03795535358549 0.01523043973251 0.05534629355796 0.01554163440107 0.02693464716781 0.01457599110360 0.02759117593308 0.01477043098691 0.02151024958997 0.00150000000000 0.02276016380179 0.00150000000000 0.02168135215216 0.00150000000000 0.02249543979455 0.00150000000000 
0.02039474624973 0.01513673345214 0.01962904671354 0.00620000000000 0.00910000000000 0.01321569690210 0.00340000000000 0.00230000000000 0.05479239587761 0.02258089372395 0.01874531346613 0.03747251716643 0.03014284528482 0.01956162863316 0.07728844803525 0.01751751704797 0.02090896134368 0.01510642044693 0.01900876650205 0.00630000000000 0.00910000000000 0.01325799430638 0.00350000000000 0.00240000000000 0.05520142942935 0.02298195310726 0.01862533059961 0.05021189868354 0.03105565432486 0.01976415513651 0.03917624096967 0.01791654173178 
0.00140000000000 0.00150000000000 0.00130000000000 0.00140000000000 0.00130000000000 0.00140000000000 0.00120000000000 0.00130000000000 0.00140000000000 0.00150000000000 0.00130000000000 0.00140000000000 0.00130000000000 0.00130000000000 0.00120000000000 0.00130000000000 0.00140000000000 0.00150000000000 0.00130000000000 0.00140000000000 0.00130000000000 0.00140000000000 0.00120000000000 0.00130000000000 0.00140000000000 0.00140000000000 0.00130000000000 0.00140000000000 0.00130000000000 0.00130000000000 0.00120000000000 0.00130000000000 
0.00150000000000 0.00150000000000 0.00140000000000 0.00140000000000 0.00150000000000 0.00150000000000 0.00140000000000 0.00140000000000 0.00150000000000 0.00150000000000 0.00140000000000 0.00140000000000 0.00150000000000 0.00150000000000 0.00140000000000 0.00140000000000 0.00160000000000 0.00160000000000 0.00150000000000 0.00150000000000 0.00150000000000 0.00150000000000 0.00150000000000 0.00150000000000 0.00160000000000 0.00160000000000 0.00150000000000 0.00150000000000 0.00160000000000 0.00160000000000 0.00150000000000 0.00150000000000 
0.01542120821407 0.02286213266038 0.02568794225816 0.04661868521475 0.01705820605100 0.02336316238410 0.02558934245553 0.04079551600730 0.01402200408038 0.01942375717447 0.02028184189548 0.03329510271071 0.01553463213293 0.02069512001942 0.02153103251534 0.03279700708723 0.00220000000000 0.02179699560693 0.02297635577898 0.04499412050516 0.00230000000000 0.02236118844795 0.02358255527519 0.03946777147427 0.00180000000000 0.01892275427740 0.01887156026589 0.03328321361289 0.00190000000000 0.01994897425937 0.02036226226355 0.03043548962967 
0.00200000000000 0.00500000000000 0.00200000000000 0.00500000000000 0.00140000000000 0.00140000000000 0.00140000000000 0.00140000000000 0.00190000000000 0.00470000000000 0.00190000000000 0.00470000000000 0.00140000000000 0.00140000000000 0.00140000000000 0.00140000000000 0.00660000000000 0.00510000000000 0.00240000000000 0.00510000000000 0.00150000000000 0.00150000000000 0.00150000000000 0.00150000000000 0.00220000000000 0.00480000000000 0.00210000000000 0.00470000000000 0.00150000000000 0.00140000000000 0.00150000000000 0.00140000000000 
0.01883669042584 0.02159063411883 0.02028786685551 0.02253689900883 0.01860660431069 0.02135135998195 0.01985589020984 0.02220367207608 0.04351367232508 0.03060487531703 0.06186611231363 0.03358431633705 0.03711248933825 0.02950815662045 0.05141072708072 0.03180270793826 0.01831014399891 0.02116604876718 0.01956742847351 0.02209835450090 0.01809310204794 0.02092905559610 0.01923070197140 0.02177004780649 0.03664154084739 0.02929671111646 0.05630030090142 0.03188520242894 0.03300071790738 0.02831874873923 0.04140478672943 0.03040372981138 
0.00150000000000 0.00130000000000 0.00140000000000 0.00130000000000 0.00130000000000 0.00120000000000 0.00130000000000 0.00120000000000 0.00130000000000 0.00120000000000 0.00120000000000 0.00110000000000 0.00110000000000 0.00110000000000 0.00110000000000 0.00110000000000 0.00700000000000 0.00170000000000 0.00590000000000 0.00160000000000 0.00160000000000 0.00140000000000 0.00160000000000 0.00130000000000 0.00490000000000 0.00130000000000 0.00170000000000 0.00130000000000 0.00130000000000 0.00120000000000 0.00130000000000 0.00120000000000 
0.00170000000000 0.00150000000000 0.00210000000000 0.00180000000000 0.00190000000000 0.00160000000000 0.00270000000000 0.00210000000000 0.00170000000000 0.00150000000000 0.00210000000000 0.00180000000000 0.00180000000000 0.00160000000000 0.00250000000000 0.00200000000000 0.03848747819050 0.01680266383803 0.01934580863147 0.02286772623398 0.02143659536755 0.02109467503509 0.01632726390508 0.02021188796871 0.04261546520317 0.01659800985671 0.01967455492592 0.02217814895084 0.02193769045251 0.02068227753794 0.01653499983062 0.02044600432030 
0.00200000000000 0.00140000000000 0.02089099437308 0.00210000000000 0.01967090967890 0.00160000000000 0.02934523414600 0.01559453593039 0.11100322312808 0.01714462759579 0.01779985053671 0.10673015106533 0.00260000000000 0.01735110218067 0.00170000000000 0.00860000000000 0.02246792173411 0.00210000000000 0.02288906608796 0.06467378437864 0.02764627918290 0.02957971083963 0.01587050631889 0.01781894328305 0.01799302366836 0.10490285902175 0.00560000000000 0.01598579763756 0.00150000000000 0.00220000000000 0.00130000000000 0.00160000000000 
0.01692610948835 0.00150000000000 0.02280351933600 0.00160000000000 0.00150000000000 0.00120000000000 0.00160000000000 0.00120000000000 0.00150000000000 0.00120000000000 0.00170000000000 0.00120000000000 0.00120000000000 0.00110000000000 0.00120000000000 0.00110000000000 0.01572692517931 0.00140000000000 0.01911465835796 0.00150000000000 0.00140000000000 0.00110000000000 0.00150000000000 0.00120000000000 0.00140000000000 0.00120000000000 0.00160000000000 0.00120000000000 0.00120000000000 0.00110000000000 0.00120000000000 0.00110000000000 
0.02287968452275 0.02504928105389 0.02092169117304 0.02246317549617 0.01833962332658 0.01788590785374 0.01938359954404 0.01883835670930 0.00790000000000 0.00720000000000 0.01496623718816 0.00830000000000 0.00150000000000 0.00140000000000 0.00150000000000 0.00150000000000 0.02645007296865 0.02831251362954 0.02467657180286 0.02622894174406 0.03129223729940 0.03117885031675 0.03515295639374 0.03525323090055 0.02101383951951 0.02068678730174 0.02224791858671 0.02182932171708 0.00160000000000 0.00150000000000 0.00160000000000 0.00160000000000 
0.02019347336929 0.00140000000000 0.00160000000000 0.00110000000000 0.00160000000000 0.00110000000000 0.00120000000000 0.00100000000000 0.01587311004214 0.00140000000000 0.00150000000000 0.00110000000000 0.00150000000000 0.00110000000000 0.00120000000000 0.00100000000000 0.00180000000000 0.00120000000000 0.00120000000000 0.00110000000000 0.00120000000000 0.00110000000000 0.00110000000000 0.00100000000000 0.00170000000000 0.00120000000000 0.00120000000000 0.00110000000000 0.00120000000000 0.00110000000000 0.00110000000000 0.00100000000000 
0.00200000000000 0.00120000000000 0.00140000000000 0.00110000000000 0.00210000000000 0.00120000000000 0.00140000000000 0.00110000000000 0.01732012200573 0.00140000000000 0.00160000000000 0.00120000000000 0.02097131503688 0.00140000000000 0.00170000000000 0.00120000000000 0.00150000000000 0.00110000000000 0.00120000000000 0.00110000000000 0.00150000000000 0.00110000000000 0.00120000000000 0.00110000000000 0.00190000000000 0.00120000000000 0.00130000000000 0.00110000000000 0.00210000000000 0.00120000000000 0.00140000000000 0.00110000000000 
0.00230000000000 0.00140000000000 0.00220000000000 0.00130000000000 0.00130000000000 0.00110000000000 0.00130000000000 0.00110000000000 0.10244156564342 0.00220000000000 0.02830400213538 0.00210000000000 0.00220000000000 0.00130000000000 0.00210000000000 0.00130000000000 0.00180000000000 0.00130000000000 0.00170000000000 0.00130000000000 0.00130000000000 0.00110000000000 0.00120000000000 0.00110000000000 0.01856926254003 0.00180000000000 0.01723444054005 0.00180000000000 0.00170000000000 0.00130000000000 0.00170000000000 0.00130000000000 
0.01568180537435 0.00250000000000 0.01535121170243 0.00230000000000 0.01471994971683 0.00200000000000 0.01440936433125 0.00190000000000 0.00120000000000 0.00120000000000 0.00120000000000 0.00120000000000 0.00120000000000 0.00120000000000 0.00120000000000 0.00120000000000 0.02005880896624 0.00670000000000 0.01943916472265 0.00650000000000 0.01803711337910 0.00600000000000 0.01761071547857 0.00590000000000 0.00130000000000 0.00130000000000 0.00130000000000 0.00120000000000 0.00120000000000 0.00120000000000 0.00120000000000 0.00120000000000 
0.00180000000000 0.00210000000000 0.00140000000000 0.00150000000000 0.01460429865991 0.01665981485340 0.00150000000000 0.00170000000000 0.00160000000000 0.00170000000000 0.00130000000000 0.00140000000000 0.00190000000000 0.00250000000000 0.00140000000000 0.00150000000000 0.00150000000000 0.00170000000000 0.00130000000000 0.00140000000000 0.00190000000000 0.00240000000000 0.00140000000000 0.00150000000000 0.00140000000000 0.00160000000000 0.00120000000000 0.00130000000000 0.00160000000000 0.00190000000000 0.00130000000000 0.00140000000000 
0.01412898226282 0.00170000000000 0.00140000000000 0.00130000000000 0.01406537711738 0.00180000000000 0.00140000000000 0.00130000000000 0.00670000000000 0.00170000000000 0.00140000000000 0.00130000000000 0.00670000000000 0.00180000000000 0.00140000000000 0.00130000000000 0.00170000000000 0.00150000000000 0.00130000000000 0.00120000000000 0.00180000000000 0.00150000000000 0.00130000000000 0.00120000000000 0.00170000000000 0.00150000000000 0.00130000000000 0.00120000000000 0.00180000000000 0.00150000000000 0.00130000000000 0.00120000000000 
0.04576560424860 0.00200000000000 0.03209945220112 0.00190000000000 0.02750303816994 0.00600000000000 0.02257565062129 0.00570000000000 0.02076220079908 0.00170000000000 0.01891310803659 0.00160000000000 0.01749653278044 0.00200000000000 0.01644866267730 0.00180000000000 0.01383636105219 0.03094786639043 0.01384236448353 0.03666357888669 0.00640000000000 0.02566092009901 0.00640000000000 0.05783102840884 0.01580402303184 0.02237319643682 0.01583784168452 0.01997844020869 0.01310232683903 0.01876710062597 0.01306816527117 0.01740402281374 
0.02101099214743 0.02121994067559 0.01833238474287 0.01838396138580 0.02260710254656 0.02088614007125 0.00510000000000 0.00510000000000 0.01607527023794 0.01609117644591 0.00610000000000 0.00870000000000 0.06033721845461 0.03779970857808 0.03526416758126 0.03686837095347 0.00160000000000 0.00170000000000 0.00170000000000 0.00180000000000 0.01656449724024 0.01666559435558 0.02098962436636 0.02117210305272 0.00140000000000 0.00140000000000 0.00150000000000 0.00150000000000 0.00660000000000 0.00670000000000 0.01477394046174 0.01496377249331 
0.02545702857442 0.02011066377414 0.00170000000000 0.00170000000000 0.00220000000000 0.00170000000000 0.05301683020144 0.00550000000000 0.02152541150445 0.02035770694891 0.00160000000000 0.00160000000000 0.01551255659473 0.00180000000000 0.04079893250164 0.00550000000000 0.03077465254832 0.11811862816720 0.00170000000000 0.00180000000000 0.00540000000000 0.00190000000000 0.01442620019069 0.10434009246382 0.01653960681535 0.10577530071951 0.00160000000000 0.00170000000000 0.00540000000000 0.00220000000000 0.01739082344447 0.08181032662186 
0.01877525287808 0.02388069521617 0.02655592394434 0.08032663808631 0.01882827938905 0.01715808320387 0.01596803557163 0.00210000000000 0.02464238571098 0.02711271633952 0.04703291622171 0.03525990265326 0.02018540502507 0.00820000000000 0.01751325205982 0.00200000000000 0.01614676579293 0.01840043499592 0.01964361143113 0.02481585381157 0.02090382900271 0.01834631039609 0.01699405032119 0.01578877048026 0.01515729307799 0.02317028837104 0.02612058895236 0.03881133193936 0.02159490932360 0.01986156931525 0.01848302422910 0.00820000000000 
0.00180000000000 0.00120000000000 0.01788496267231 0.00130000000000 0.00180000000000 0.00120000000000 0.01547357746487 0.00130000000000 0.00160000000000 0.00110000000000 0.01594773683003 0.00120000000000 0.00160000000000 0.00110000000000 0.01364132807298 0.00130000000000 0.02940295682179 0.00150000000000 0.01545535559135 0.00230000000000 0.07268818728970 0.00150000000000 0.00700000000000 0.00240000000000 0.01950800313099 0.00130000000000 0.01857942462491 0.00180000000000 0.01459174174668 0.00130000000000 0.00820000000000 0.00180000000000 
0.01867407054274 0.02008129367135 0.02367518319806 0.02104020408060 0.10912855927549 0.00180000000000 0.02128843569622 0.00180000000000 0.01599887679653 0.02348416754354 0.01528955734502 0.02325216608782 0.11015339428220 0.00210000000000 0.00970000000000 0.00200000000000 0.02508074773625 0.01629337895297 0.04508368549250 0.01763607198232 0.10222716106227 0.00150000000000 0.00930000000000 0.00150000000000 0.01903495257276 0.01747757649347 0.02569899116252 0.01879414001023 0.10500201416152 0.00160000000000 0.01765811329762 0.00160000000000 
0.01403335978849 0.00220000000000 0.01753714590247 0.01958515486937 0.00140000000000 0.00140000000000 0.01264909052444 0.00200000000000 0.04356400349123 0.01973458751369 0.02557417062911 0.03460562363817 0.01735458210092 0.00780000000000 0.02165223488750 0.02209753558594 0.02843173147023 0.02484465616940 0.03251619254076 0.03803965702049 0.01658341381115 0.01804256023843 0.01967516700004 0.02086370956908 0.09574379389858 0.02818744350283 0.02025384577298 0.01527253341035 0.11189815631462 0.02855171467690 0.10441764347076 0.04959793936079 
0.00160000000000 0.00130000000000 0.00140000000000 0.00120000000000 0.00110000000000 0.00110000000000 0.00110000000000 0.00100000000000 0.02120514041433 0.01786794390927 0.01681056642986 0.00170000000000 0.00140000000000 0.00120000000000 0.00130000000000 0.00110000000000 0.01627158243952 0.00180000000000 0.00200000000000 0.00150000000000 0.00130000000000 0.00120000000000 0.00120000000000 0.00110000000000 0.10575148189994 0.10767947190574 0.10565934228422 0.10236144570403 0.00210000000000 0.00150000000000 0.00160000000000 0.00130000000000 
0.00160000000000 0.01445033672713 0.00130000000000 0.00170000000000 0.00170000000000 0.01488761878685 0.00130000000000 0.00170000000000 0.00220000000000 0.02728975280497 0.00140000000000 0.00230000000000 0.00230000000000 0.03136876044427 0.00150000000000 0.00240000000000 0.00180000000000 0.00800000000000 0.00140000000000 0.00190000000000 0.00190000000000 0.02193514532385 0.00140000000000 0.00200000000000 0.00260000000000 0.00630000000000 0.00160000000000 0.00290000000000 0.00270000000000 0.00630000000000 0.00160000000000 0.00310000000000 
0.00170000000000 0.03066766476703 0.03828436799856 0.05728237147521 0.00150000000000 0.02030535640548 0.02267047305592 0.05170802545253 0.00190000000000 0.02744456736164 0.10253940280970 0.00190000000000 0.00170000000000 0.10276571089607 0.11311160017364 0.02093563038242 0.00160000000000 0.02431829574472 0.02833058738507 0.08005929791432 0.00150000000000 0.01833614303223 0.02018459235105 0.07184301002458 0.00180000000000 0.01565241579384 0.06168407397421 0.00200000000000 0.00160000000000 0.02225670678775 0.10710085422361 0.02143474561658 
0.01597189858093 0.00150000000000 0.00210000000000 0.00130000000000 0.00550000000000 0.00170000000000 0.00240000000000 0.00150000000000 0.10123849988061 0.01499977141825 0.02173681722893 0.00190000000000 0.01588083068575 0.00360000000000 0.02093446335696 0.00210000000000 0.10310183798817 0.01683072952551 0.02583315886049 0.01340097018979 0.01515307817528 0.02163685992788 0.02029882332565 0.00270000000000 0.02440058902383 0.10754282430961 0.03944185603795 0.02309215397200 0.00700000000000 0.00740000000000 0.01622688251541 0.01847966315563 
0.02576206455546 0.00650000000000 0.02099306242738 0.00530000000000 0.01578444368923 0.00150000000000 0.01603420287495 0.00150000000000 0.01542971880311 0.00150000000000 0.00980000000000 0.00140000000000 0.00180000000000 0.00130000000000 0.00170000000000 0.00120000000000 0.01927294476739 0.00180000000000 0.01865614416565 0.00530000000000 0.00240000000000 0.00140000000000 0.01297193595271 0.00140000000000 0.00230000000000 0.00140000000000 0.00610000000000 0.00130000000000 0.00160000000000 0.00120000000000 0.00150000000000 0.00120000000000 
0.06225087462579 0.03060216831867 0.02428661685516 0.01823313517323 0.01988255302963 0.01649622077972 0.01734977645817 0.01532267166966 0.10640905936772 0.02999589489902 0.02449086195361 0.01874226516923 0.02008911133415 0.01682050787559 0.01766175040273 0.01563405437124 0.00180000000000 0.00160000000000 0.00160000000000 0.00140000000000 0.00140000000000 0.00130000000000 0.00130000000000 0.00120000000000 0.00180000000000 0.00160000000000 0.00160000000000 0.00140000000000 0.00140000000000 0.00130000000000 0.00130000000000 0.00120000000000 
0.01578793206976 0.01566418491919 0.00190000000000 0.00190000000000 0.01841186150020 0.01829394070668 0.01661592925285 0.01660202469746 0.02195426209384 0.02297143927270 0.05343096719363 0.08464014370547 0.06186539028341 0.05342436533165 0.03596482149133 0.03205018760709 0.01761062569184 0.01727779061664 0.01501783001548 0.01491521855145 0.01994331871993 0.01858311967308 0.01746301197479 0.01735607354325 0.02027430974664 0.02090373821926 0.03431345916414 0.03888029850153 0.05077395224456 0.05602947372305 0.03846340636337 0.03603523031550 
0.00170000000000 0.00180000000000 0.00130000000000 0.00140000000000 0.01712550188010 0.02156993152931 0.00170000000000 0.01360043434301 0.00170000000000 0.00180000000000 0.00140000000000 0.00140000000000 0.01733992520471 0.02177837079507 0.00170000000000 0.01365558043535 0.00150000000000 0.00160000000000 0.00130000000000 0.00130000000000 0.01551990087692 0.02005394740526 0.00150000000000 0.00160000000000 0.00150000000000 0.00160000000000 0.00130000000000 0.00130000000000 0.01571432100821 0.02025443570280 0.00150000000000 0.00160000000000 
0.02021636236339 0.00630000000000 0.03617578820445 0.01957673847230 0.02292894899033 0.00420000000000 0.00270000000000 0.00260000000000 0.00170000000000 0.00150000000000 0.01425687730491 0.00200000000000 0.00180000000000 0.00170000000000 0.00280000000000 0.00230000000000 0.01842859608462 0.01000000000000 0.01378036165147 0.00210000000000 0.00170000000000 0.00170000000000 0.00140000000000 0.00140000000000 0.02434381565590 0.00780000000000 0.02334981693874 0.03690474731276 0.00750000000000 0.00600000000000 0.00210000000000 0.00210000000000 
0.00190000000000 0.01492702028857 0.01609562908701 0.03548479766094 0.00170000000000 0.00690000000000 0.01734251205020 0.01802491369504 0.00200000000000 0.01495470340089 0.01621903977724 0.03553169579141 0.00170000000000 0.01390383321241 0.01735682585434 0.01810565178894 0.00240000000000 0.01532120588424 0.02310812277970 0.03894427099574 0.00190000000000 0.01727681409699 0.01838740773668 0.02541533248254 0.00660000000000 0.01535795935336 0.02330616025177 0.03880215968695 0.00190000000000 0.01729210502774 0.01848308890790 0.02550779840078 
0.01519860916390 0.00240000000000 0.02633372380626 0.01652470441885 0.00140000000000 0.00140000000000 0.00170000000000 0.00170000000000 0.02777147349081 0.00600000000000 0.00720000000000 0.00210000000000 0.00740000000000 0.00250000000000 0.03831827035242 0.00430000000000 0.00160000000000 0.00160000000000 0.00620000000000 0.00230000000000 0.00120000000000 0.00120000000000 0.00140000000000 0.00130000000000 0.02195040294293 0.00700000000000 0.08658507711164 0.00660000000000 0.00160000000000 0.00160000000000 0.00720000000000 0.00230000000000 
M_out
1 1 1 1 1 0 0 0 0 0 0 0 0 0 0 0 0 0 0 0 0 0 0 0 0 0 0 0 0 0 0 0 0 0 0 0 0 0 0 0 0 0 0 0 0 0 0 0 0 0 0 0 0 0 0 0 0 0 0 0 0 0 0 0 0 0 0 0 0 0 0 0 0 0 0 0 0 0 0 0 0 0 0 0 0 0 0 0 0 0 0 0 0 0 0 0 0 0 0 0 
0 1 1 1 1 1 0 0 0 0 0 0 0 0 0 0 0 0 0 0 0 0 0 0 0 0 0 0 0 0 0 0 0 0 0 0 0 0 0 0 0 0 0 0 0 0 0 0 0 0 0 0 0 0 0 0 0 0 0 0 0 0 0 0 0 0 0 0 0 0 0 0 0 0 0 0 0 0 0 0 0 0 0 0 0 0 0 0 0 0 0 0 0 0 0 0 0 0 0 0 
0 0 1 1 1 1 1 0 0 0 0 0 0 0 0 0 0 0 0 0 0 0 0 0 0 0 0 0 0 0 0 0 0 0 0 0 0 0 0 0 0 0 0 0 0 0 0 0 0 0 0 0 0 0 0 0 0 0 0 0 0 0 0 0 0 0 0 0 0 0 0 0 0 0 0 0 0 0 0 0 0 0 0 0 0 0 0 0 0 0 0 0 0 0 0 0 0 0 0 0 
0 0 0 1 1 1 1 1 0 0 0 0 0 0 0 0 0 0 0 0 0 0 0 0 0 0 0 0 0 0 0 0 0 0 0 0 0 0 0 0 0 0 0 0 0 0 0 0 0 0 0 0 0 0 0 0 0 0 0 0 0 0 0 0 0 0 0 0 0 0 0 0 0 0 0 0 0 0 0 0 0 0 0 0 0 0 0 0 0 0 0 0 0 0 0 0 0 0 0 0 
0 0 0 0 1 1 1 1 1 0 0 0 0 0 0 0 0 0 0 0 0 0 0 0 0 0 0 0 0 0 0 0 0 0 0 0 0 0 0 0 0 0 0 0 0 0 0 0 0 0 0 0 0 0 0 0 0 0 0 0 0 0 0 0 0 0 0 0 0 0 0 0 0 0 0 0 0 0 0 0 0 0 0 0 0 0 0 0 0 0 0 0 0 0 0 0 0 0 0 0 
0 0 0 0 0 1 1 1 1 1 0 0 0 0 0 0 0 0 0 0 0 0 0 0 0 0 0 0 0 0 0 0 0 0 0 0 0 0 0 0 0 0 0 0 0 0 0 0 0 0 0 0 0 0 0 0 0 0 0 0 0 0 0 0 0 0 0 0 0 0 0 0 0 0 0 0 0 0 0 0 0 0 0 0 0 0 0 0 0 0 0 0 0 0 0 0 0 0 0 0 
0 0 0 0 0 0 1 1 1 1 1 0 0 0 0 0 0 0 0 0 0 0 0 0 0 0 0 0 0 0 0 0 0 0 0 0 0 0 0 0 0 0 0 0 0 0 0 0 0 0 0 0 0 0 0 0 0 0 0 0 0 0 0 0 0 0 0 0 0 0 0 0 0 0 0 0 0 0 0 0 0 0 0 0 0 0 0 0 0 0 0 0 0 0 0 0 0 0 0 0 
0 0 0 0 0 0 0 1 1 1 1 1 0 0 0 0 0 0 0 0 0 0 0 0 0 0 0 0 0 0 0 0 0 0 0 0 0 0 0 0 0 0 0 0 0 0 0 0 0 0 0 0 0 0 0 0 0 0 0 0 0 0 0 0 0 0 0 0 0 0 0 0 0 0 0 0 0 0 0 0 0 0 0 0 0 0 0 0 0 0 0 0 0 0 0 0 0 0 0 0 
0 0 0 0 0 0 0 0 1 1 1 1 1 0 0 0 0 0 0 0 0 0 0 0 0 0 0 0 0 0 0 0 0 0 0 0 0 0 0 0 0 0 0 0 0 0 0 0 0 0 0 0 0 0 0 0 0 0 0 0 0 0 0 0 0 0 0 0 0 0 0 0 0 0 0 0 0 0 0 0 0 0 0 0 0 0 0 0 0 0 0 0 0 0 0 0 0 0 0 0 
0 0 0 0 0 0 0 0 0 1 1 1 1 1 0 0 0 0 0 0 0 0 0 0 0 0 0 0 0 0 0 0 0 0 0 0 0 0 0 0 0 0 0 0 0 0 0 0 0 0 0 0 0 0 0 0 0 0 0 0 0 0 0 0 0 0 0 0 0 0 0 0 0 0 0 0 0 0 0 0 0 0 0 0 0 0 0 0 0 0 0 0 0 0 0 0 0 0 0 0 
0 0 0 0 0 0 0 0 0 0 1 1 1 1 1 0 0 0 0 0 0 0 0 0 0 0 0 0 0 0 0 0 0 0 0 0 0 0 0 0 0 0 0 0 0 0 0 0 0 0 0 0 0 0 0 0 0 0 0 0 0 0 0 0 0 0 0 0 0 0 0 0 0 0 0 0 0 0 0 0 0 0 0 0 0 0 0 0 0 0 0 0 0 0 0 0 0 0 0 0 
0 0 0 0 0 0 0 0 0 0 0 1 1 1 1 1 0 0 0 0 0 0 0 0 0 0 0 0 0 0 0 0 0 0 0 0 0 0 0 0 0 0 0 0 0 0 0 0 0 0 0 0 0 0 0 0 0 0 0 0 0 0 0 0 0 0 0 0 0 0 0 0 0 0 0 0 0 0 0 0 0 0 0 0 0 0 0 0 0 0 0 0 0 0 0 0 0 0 0 0 
0 0 0 0 0 0 0 0 0 0 0 0 1 1 1 1 1 0 0 0 0 0 0 0 0 0 0 0 0 0 0 0 0 0 0 0 0 0 0 0 0 0 0 0 0 0 0 0 0 0 0 0 0 0 0 0 0 0 0 0 0 0 0 0 0 0 0 0 0 0 0 0 0 0 0 0 0 0 0 0 0 0 0 0 0 0 0 0 0 0 0 0 0 0 0 0 0 0 0 0 
0 0 0 0 0 0 0 0 0 0 0 0 0 1 1 1 1 1 0 0 0 0 0 0 0 0 0 0 0 0 0 0 0 0 0 0 0 0 0 0 0 0 0 0 0 0 0 0 0 0 0 0 0 0 0 0 0 0 0 0 0 0 0 0 0 0 0 0 0 0 0 0 0 0 0 0 0 0 0 0 0 0 0 0 0 0 0 0 0 0 0 0 0 0 0 0 0 0 0 0 
0 0 0 0 0 0 0 0 0 0 0 0 0 0 1 1 1 1 1 0 0 0 0 0 0 0 0 0 0 0 0 0 0 0 0 0 0 0 0 0 0 0 0 0 0 0 0 0 0 0 0 0 0 0 0 0 0 0 0 0 0 0 0 0 0 0 0 0 0 0 0 0 0 0 0 0 0 0 0 0 0 0 0 0 0 0 0 0 0 0 0 0 0 0 0 0 0 0 0 0 
0 0 0 0 0 0 0 0 0 0 0 0 0 0 0 1 1 1 1 1 0 0 0 0 0 0 0 0 0 0 0 0 0 0 0 0 0 0 0 0 0 0 0 0 0 0 0 0 0 0 0 0 0 0 0 0 0 0 0 0 0 0 0 0 0 0 0 0 0 0 0 0 0 0 0 0 0 0 0 0 0 0 0 0 0 0 0 0 0 0 0 0 0 0 0 0 0 0 0 0 
0 0 0 0 0 0 0 0 0 0 0 0 0 0 0 0 1 1 1 1 1 0 0 0 0 0 0 0 0 0 0 0 0 0 0 0 0 0 0 0 0 0 0 0 0 0 0 0 0 0 0 0 0 0 0 0 0 0 0 0 0 0 0 0 0 0 0 0 0 0 0 0 0 0 0 0 0 0 0 0 0 0 0 0 0 0 0 0 0 0 0 0 0 0 0 0 0 0 0 0 
0 0 0 0 0 0 0 0 0 0 0 0 0 0 0 0 0 1 1 1 1 1 0 0 0 0 0 0 0 0 0 0 0 0 0 0 0 0 0 0 0 0 0 0 0 0 0 0 0 0 0 0 0 0 0 0 0 0 0 0 0 0 0 0 0 0 0 0 0 0 0 0 0 0 0 0 0 0 0 0 0 0 0 0 0 0 0 0 0 0 0 0 0 0 0 0 0 0 0 0 
0 0 0 0 0 0 0 0 0 0 0 0 0 0 0 0 0 0 1 1 1 1 1 0 0 0 0 0 0 0 0 0 0 0 0 0 0 0 0 0 0 0 0 0 0 0 0 0 0 0 0 0 0 0 0 0 0 0 0 0 0 0 0 0 0 0 0 0 0 0 0 0 0 0 0 0 0 0 0 0 0 0 0 0 0 0 0 0 0 0 0 0 0 0 0 0 0 0 0 0 
0 0 0 0 0 0 0 0 0 0 0 0 0 0 0 0 0 0 0 1 1 1 1 1 0 0 0 0 0 0 0 0 0 0 0 0 0 0 0 0 0 0 0 0 0 0 0 0 0 0 0 0 0 0 0 0 0 0 0 0 0 0 0 0 0 0 0 0 0 0 0 0 0 0 0 0 0 0 0 0 0 0 0 0 0 0 0 0 0 0 0 0 0 0 0 0 0 0 0 0 
0 0 0 0 0 0 0 0 0 0 0 0 0 0 0 0 0 0 0 0 1 1 1 1 1 0 0 0 0 0 0 0 0 0 0 0 0 0 0 0 0 0 0 0 0 0 0 0 0 0 0 0 0 0 0 0 0 0 0 0 0 0 0 0 0 0 0 0 0 0 0 0 0 0 0 0 0 0 0 0 0 0 0 0 0 0 0 0 0 0 0 0 0 0 0 0 0 0 0 0 
0 0 0 0 0 0 0 0 0 0 0 0 0 0 0 0 0 0 0 0 0 1 1 1 1 1 0 0 0 0 0 0 0 0 0 0 0 0 0 0 0 0 0 0 0 0 0 0 0 0 0 0 0 0 0 0 0 0 0 0 0 0 0 0 0 0 0 0 0 0 0 0 0 0 0 0 0 0 0 0 0 0 0 0 0 0 0 0 0 0 0 0 0 0 0 0 0 0 0 0 
0 0 0 0 0 0 0 0 0 0 0 0 0 0 0 0 0 0 0 0 0 0 1 1 1 1 1 0 0 0 0 0 0 0 0 0 0 0 0 0 0 0 0 0 0 0 0 0 0 0 0 0 0 0 0 0 0 0 0 0 0 0 0 0 0 0 0 0 0 0 0 0 0 0 0 0 0 0 0 0 0 0 0 0 0 0 0 0 0 0 0 0 0 0 0 0 0 0 0 0 
0 0 0 0 0 0 0 0 0 0 0 0 0 0 0 0 0 0 0 0 0 0 0 1 1 1 1 1 0 0 0 0 0 0 0 0 0 0 0 0 0 0 0 0 0 0 0 0 0 0 0 0 0 0 0 0 0 0 0 0 0 0 0 0 0 0 0 0 0 0 0 0 0 0 0 0 0 0 0 0 0 0 0 0 0 0 0 0 0 0 0 0 0 0 0 0 0 0 0 0 
0 0 0 0 0 0 0 0 0 0 0 0 0 0 0 0 0 0 0 0 0 0 0 0 1 1 1 1 1 0 0 0 0 0 0 0 0 0 0 0 0 0 0 0 0 0 0 0 0 0 0 0 0 0 0 0 0 0 0 0 0 0 0 0 0 0 0 0 0 0 0 0 0 0 0 0 0 0 0 0 0 0 0 0 0 0 0 0 0 0 0 0 0 0 0 0 0 0 0 0 
0 0 0 0 0 0 0 0 0 0 0 0 0 0 0 0 0 0 0 0 0 0 0 0 0 1 1 1 1 1 0 0 0 0 0 0 0 0 0 0 0 0 0 0 0 0 0 0 0 0 0 0 0 0 0 0 0 0 0 0 0 0 0 0 0 0 0 0 0 0 0 0 0 0 0 0 0 0 0 0 0 0 0 0 0 0 0 0 0 0 0 0 0 0 0 0 0 0 0 0 
0 0 0 0 0 0 0 0 0 0 0 0 0 0 0 0 0 0 0 0 0 0 0 0 0 0 1 1 1 1 1 0 0 0 0 0 0 0 0 0 0 0 0 0 0 0 0 0 0 0 0 0 0 0 0 0 0 0 0 0 0 0 0 0 0 0 0 0 0 0 0 0 0 0 0 0 0 0 0 0 0 0 0 0 0 0 0 0 0 0 0 0 0 0 0 0 0 0 0 0 
0 0 0 0 0 0 0 0 0 0 0 0 0 0 0 0 0 0 0 0 0 0 0 0 0 0 0 1 1 1 1 1 0 0 0 0 0 0 0 0 0 0 0 0 0 0 0 0 0 0 0 0 0 0 0 0 0 0 0 0 0 0 0 0 0 0 0 0 0 0 0 0 0 0 0 0 0 0 0 0 0 0 0 0 0 0 0 0 0 0 0 0 0 0 0 0 0 0 0 0 
0 0 0 0 0 0 0 0 0 0 0 0 0 0 0 0 0 0 0 0 0 0 0 0 0 0 0 0 1 1 1 1 1 0 0 0 0 0 0 0 0 0 0 0 0 0 0 0 0 0 0 0 0 0 0 0 0 0 0 0 0 0 0 0 0 0 0 0 0 0 0 0 0 0 0 0 0 0 0 0 0 0 0 0 0 0 0 0 0 0 0 0 0 0 0 0 0 0 0 0 
0 0 0 0 0 0 0 0 0 0 0 0 0 0 0 0 0 0 0 0 0 0 0 0 0 0 0 0 0 1 1 1 1 1 0 0 0 0 0 0 0 0 0 0 0 0 0 0 0 0 0 0 0 0 0 0 0 0 0 0 0 0 0 0 0 0 0 0 0 0 0 0 0 0 0 0 0 0 0 0 0 0 0 0 0 0 0 0 0 0 0 0 0 0 0 0 0 0 0 0 
0 0 0 0 0 0 0 0 0 0 0 0 0 0 0 0 0 0 0 0 0 0 0 0 0 0 0 0 0 0 1 1 1 1 1 0 0 0 0 0 0 0 0 0 0 0 0 0 0 0 0 0 0 0 0 0 0 0 0 0 0 0 0 0 0 0 0 0 0 0 0 0 0 0 0 0 0 0 0 0 0 0 0 0 0 0 0 0 0 0 0 0 0 0 0 0 0 0 0 0 
0 0 0 0 0 0 0 0 0 0 0 0 0 0 0 0 0 0 0 0 0 0 0 0 0 0 0 0 0 0 0 1 1 1 1 1 0 0 0 0 0 0 0 0 0 0 0 0 0 0 0 0 0 0 0 0 0 0 0 0 0 0 0 0 0 0 0 0 0 0 0 0 0 0 0 0 0 0 0 0 0 0 0 0 0 0 0 0 0 0 0 0 0 0 0 0 0 0 0 0 
0 0 0 0 0 0 0 0 0 0 0 0 0 0 0 0 0 0 0 0 0 0 0 0 0 0 0 0 0 0 0 0 1 1 1 1 1 0 0 0 0 0 0 0 0 0 0 0 0 0 0 0 0 0 0 0 0 0 0 0 0 0 0 0 0 0 0 0 0 0 0 0 0 0 0 0 0 0 0 0 0 0 0 0 0 0 0 0 0 0 0 0 0 0 0 0 0 0 0 0 
0 0 0 0 0 0 0 0 0 0 0 0 0 0 0 0 0 0 0 0 0 0 0 0 0 0 0 0 0 0 0 0 0 1 1 1 1 1 0 0 0 0 0 0 0 0 0 0 0 0 0 0 0 0 0 0 0 0 0 0 0 0 0 0 0 0 0 0 0 0 0 0 0 0 0 0 0 0 0 0 0 0 0 0 0 0 0 0 0 0 0 0 0 0 0 0 0 0 0 0 
0 0 0 0 0 0 0 0 0 0 0 0 0 0 0 0 0 0 0 0 0 0 0 0 0 0 0 0 0 0 0 0 0 0 1 1 1 1 1 0 0 0 0 0 0 0 0 0 0 0 0 0 0 0 0 0 0 0 0 0 0 0 0 0 0 0 0 0 0 0 0 0 0 0 0 0 0 0 0 0 0 0 0 0 0 0 0 0 0 0 0 0 0 0 0 0 0 0 0 0 
0 0 0 0 0 0 0 0 0 0 0 0 0 0 0 0 0 0 0 0 0 0 0 0 0 0 0 0 0 0 0 0 0 0 0 1 1 1 1 1 0 0 0 0 0 0 0 0 0 0 0 0 0 0 0 0 0 0 0 0 0 0 0 0 0 0 0 0 0 0 0 0 0 0 0 0 0 0 0 0 0 0 0 0 0 0 0 0 0 0 0 0 0 0 0 0 0 0 0 0 
0 0 0 0 0 0 0 0 0 0 0 0 0 0 0 0 0 0 0 0 0 0 0 0 0 0 0 0 0 0 0 0 0 0 0 0 1 1 1 1 1 0 0 0 0 0 0 0 0 0 0 0 0 0 0 0 0 0 0 0 0 0 0 0 0 0 0 0 0 0 0 0 0 0 0 0 0 0 0 0 0 0 0 0 0 0 0 0 0 0 0 0 0 0 0 0 0 0 0 0 
0 0 0 0 0 0 0 0 0 0 0 0 0 0 0 0 0 0 0 0 0 0 0 0 0 0 0 0 0 0 0 0 0 0 0 0 0 1 1 1 1 1 0 0 0 0 0 0 0 0 0 0 0 0 0 0 0 0 0 0 0 0 0 0 0 0 0 0 0 0 0 0 0 0 0 0 0 0 0 0 0 0 0 0 0 0 0 0 0 0 0 0 0 0 0 0 0 0 0 0 
0 0 0 0 0 0 0 0 0 0 0 0 0 0 0 0 0 0 0 0 0 0 0 0 0 0 0 0 0 0 0 0 0 0 0 0 0 0 1 1 1 1 1 0 0 0 0 0 0 0 0 0 0 0 0 0 0 0 0 0 0 0 0 0 0 0 0 0 0 0 0 0 0 0 0 0 0 0 0 0 0 0 0 0 0 0 0 0 0 0 0 0 0 0 0 0 0 0 0 0 
0 0 0 0 0 0 0 0 0 0 0 0 0 0 0 0 0 0 0 0 0 0 0 0 0 0 0 0 0 0 0 0 0 0 0 0 0 0 0 1 1 1 1 1 0 0 0 0 0 0 0 0 0 0 0 0 0 0 0 0 0 0 0 0 0 0 0 0 0 0 0 0 0 0 0 0 0 0 0 0 0 0 0 0 0 0 0 0 0 0 0 0 0 0 0 0 0 0 0 0 
0 0 0 0 0 0 0 0 0 0 0 0 0 0 0 0 0 0 0 0 0 0 0 0 0 0 0 0 0 0 0 0 0 0 0 0 0 0 0 0 1 1 1 1 1 0 0 0 0 0 0 0 0 0 0 0 0 0 0 0 0 0 0 0 0 0 0 0 0 0 0 0 0 0 0 0 0 0 0 0 0 0 0 0 0 0 0 0 0 0 0 0 0 0 0 0 0 0 0 0 
0 0 0 0 0 0 0 0 0 0 0 0 0 0 0 0 0 0 0 0 0 0 0 0 0 0 0 0 0 0 0 0 0 0 0 0 0 0 0 0 0 1 1 1 1 1 0 0 0 0 0 0 0 0 0 0 0 0 0 0 0 0 0 0 0 0 0 0 0 0 0 0 0 0 0 0 0 0 0 0 0 0 0 0 0 0 0 0 0 0 0 0 0 0 0 0 0 0 0 0 
0 0 0 0 0 0 0 0 0 0 0 0 0 0 0 0 0 0 0 0 0 0 0 0 0 0 0 0 0 0 0 0 0 0 0 0 0 0 0 0 0 0 1 1 1 1 1 0 0 0 0 0 0 0 0 0 0 0 0 0 0 0 0 0 0 0 0 0 0 0 0 0 0 0 0 0 0 0 0 0 0 0 0 0 0 0 0 0 0 0 0 0 0 0 0 0 0 0 0 0 
0 0 0 0 0 0 0 0 0 0 0 0 0 0 0 0 0 0 0 0 0 0 0 0 0 0 0 0 0 0 0 0 0 0 0 0 0 0 0 0 0 0 0 1 1 1 1 1 0 0 0 0 0 0 0 0 0 0 0 0 0 0 0 0 0 0 0 0 0 0 0 0 0 0 0 0 0 0 0 0 0 0 0 0 0 0 0 0 0 0 0 0 0 0 0 0 0 0 0 0 
0 0 0 0 0 0 0 0 0 0 0 0 0 0 0 0 0 0 0 0 0 0 0 0 0 0 0 0 0 0 0 0 0 0 0 0 0 0 0 0 0 0 0 0 1 1 1 1 1 0 0 0 0 0 0 0 0 0 0 0 0 0 0 0 0 0 0 0 0 0 0 0 0 0 0 0 0 0 0 0 0 0 0 0 0 0 0 0 0 0 0 0 0 0 0 0 0 0 0 0 
0 0 0 0 0 0 0 0 0 0 0 0 0 0 0 0 0 0 0 0 0 0 0 0 0 0 0 0 0 0 0 0 0 0 0 0 0 0 0 0 0 0 0 0 0 1 1 1 1 1 0 0 0 0 0 0 0 0 0 0 0 0 0 0 0 0 0 0 0 0 0 0 0 0 0 0 0 0 0 0 0 0 0 0 0 0 0 0 0 0 0 0 0 0 0 0 0 0 0 0 
0 0 0 0 0 0 0 0 0 0 0 0 0 0 0 0 0 0 0 0 0 0 0 0 0 0 0 0 0 0 0 0 0 0 0 0 0 0 0 0 0 0 0 0 0 0 1 1 1 1 1 0 0 0 0 0 0 0 0 0 0 0 0 0 0 0 0 0 0 0 0 0 0 0 0 0 0 0 0 0 0 0 0 0 0 0 0 0 0 0 0 0 0 0 0 0 0 0 0 0 
0 0 0 0 0 0 0 0 0 0 0 0 0 0 0 0 0 0 0 0 0 0 0 0 0 0 0 0 0 0 0 0 0 0 0 0 0 0 0 0 0 0 0 0 0 0 0 1 1 1 1 1 0 0 0 0 0 0 0 0 0 0 0 0 0 0 0 0 0 0 0 0 0 0 0 0 0 0 0 0 0 0 0 0 0 0 0 0 0 0 0 0 0 0 0 0 0 0 0 0 
0 0 0 0 0 0 0 0 0 0 0 0 0 0 0 0 0 0 0 0 0 0 0 0 0 0 0 0 0 0 0 0 0 0 0 0 0 0 0 0 0 0 0 0 0 0 0 0 1 1 1 1 1 0 0 0 0 0 0 0 0 0 0 0 0 0 0 0 0 0 0 0 0 0 0 0 0 0 0 0 0 0 0 0 0 0 0 0 0 0 0 0 0 0 0 0 0 0 0 0 
0 0 0 0 0 0 0 0 0 0 0 0 0 0 0 0 0 0 0 0 0 0 0 0 0 0 0 0 0 0 0 0 0 0 0 0 0 0 0 0 0 0 0 0 0 0 0 0 0 1 1 1 1 1 0 0 0 0 0 0 0 0 0 0 0 0 0 0 0 0 0 0 0 0 0 0 0 0 0 0 0 0 0 0 0 0 0 0 0 0 0 0 0 0 0 0 0 0 0 0 
0 0 0 0 0 0 0 0 0 0 0 0 0 0 0 0 0 0 0 0 0 0 0 0 0 0 0 0 0 0 0 0 0 0 0 0 0 0 0 0 0 0 0 0 0 0 0 0 0 0 1 1 1 1 1 0 0 0 0 0 0 0 0 0 0 0 0 0 0 0 0 0 0 0 0 0 0 0 0 0 0 0 0 0 0 0 0 0 0 0 0 0 0 0 0 0 0 0 0 0 
0 0 0 0 0 0 0 0 0 0 0 0 0 0 0 0 0 0 0 0 0 0 0 0 0 0 0 0 0 0 0 0 0 0 0 0 0 0 0 0 0 0 0 0 0 0 0 0 0 0 0 1 1 1 1 1 0 0 0 0 0 0 0 0 0 0 0 0 0 0 0 0 0 0 0 0 0 0 0 0 0 0 0 0 0 0 0 0 0 0 0 0 0 0 0 0 0 0 0 0 
0 0 0 0 0 0 0 0 0 0 0 0 0 0 0 0 0 0 0 0 0 0 0 0 0 0 0 0 0 0 0 0 0 0 0 0 0 0 0 0 0 0 0 0 0 0 0 0 0 0 0 0 1 1 1 1 1 0 0 0 0 0 0 0 0 0 0 0 0 0 0 0 0 0 0 0 0 0 0 0 0 0 0 0 0 0 0 0 0 0 0 0 0 0 0 0 0 0 0 0 
0 0 0 0 0 0 0 0 0 0 0 0 0 0 0 0 0 0 0 0 0 0 0 0 0 0 0 0 0 0 0 0 0 0 0 0 0 0 0 0 0 0 0 0 0 0 0 0 0 0 0 0 0 1 1 1 1 1 0 0 0 0 0 0 0 0 0 0 0 0 0 0 0 0 0 0 0 0 0 0 0 0 0 0 0 0 0 0 0 0 0 0 0 0 0 0 0 0 0 0 
0 0 0 0 0 0 0 0 0 0 0 0 0 0 0 0 0 0 0 0 0 0 0 0 0 0 0 0 0 0 0 0 0 0 0 0 0 0 0 0 0 0 0 0 0 0 0 0 0 0 0 0 0 0 1 1 1 1 1 0 0 0 0 0 0 0 0 0 0 0 0 0 0 0 0 0 0 0 0 0 0 0 0 0 0 0 0 0 0 0 0 0 0 0 0 0 0 0 0 0 
0 0 0 0 0 0 0 0 0 0 0 0 0 0 0 0 0 0 0 0 0 0 0 0 0 0 0 0 0 0 0 0 0 0 0 0 0 0 0 0 0 0 0 0 0 0 0 0 0 0 0 0 0 0 0 1 1 1 1 1 0 0 0 0 0 0 0 0 0 0 0 0 0 0 0 0 0 0 0 0 0 0 0 0 0 0 0 0 0 0 0 0 0 0 0 0 0 0 0 0 
0 0 0 0 0 0 0 0 0 0 0 0 0 0 0 0 0 0 0 0 0 0 0 0 0 0 0 0 0 0 0 0 0 0 0 0 0 0 0 0 0 0 0 0 0 0 0 0 0 0 0 0 0 0 0 0 1 1 1 1 1 0 0 0 0 0 0 0 0 0 0 0 0 0 0 0 0 0 0 0 0 0 0 0 0 0 0 0 0 0 0 0 0 0 0 0 0 0 0 0 
0 0 0 0 0 0 0 0 0 0 0 0 0 0 0 0 0 0 0 0 0 0 0 0 0 0 0 0 0 0 0 0 0 0 0 0 0 0 0 0 0 0 0 0 0 0 0 0 0 0 0 0 0 0 0 0 0 1 1 1 1 1 0 0 0 0 0 0 0 0 0 0 0 0 0 0 0 0 0 0 0 0 0 0 0 0 0 0 0 0 0 0 0 0 0 0 0 0 0 0 
0 0 0 0 0 0 0 0 0 0 0 0 0 0 0 0 0 0 0 0 0 0 0 0 0 0 0 0 0 0 0 0 0 0 0 0 0 0 0 0 0 0 0 0 0 0 0 0 0 0 0 0 0 0 0 0 0 0 1 1 1 1 1 0 0 0 0 0 0 0 0 0 0 0 0 0 0 0 0 0 0 0 0 0 0 0 0 0 0 0 0 0 0 0 0 0 0 0 0 0 
0 0 0 0 0 0 0 0 0 0 0 0 0 0 0 0 0 0 0 0 0 0 0 0 0 0 0 0 0 0 0 0 0 0 0 0 0 0 0 0 0 0 0 0 0 0 0 0 0 0 0 0 0 0 0 0 0 0 0 1 1 1 1 1 0 0 0 0 0 0 0 0 0 0 0 0 0 0 0 0 0 0 0 0 0 0 0 0 0 0 0 0 0 0 0 0 0 0 0 0 
0 0 0 0 0 0 0 0 0 0 0 0 0 0 0 0 0 0 0 0 0 0 0 0 0 0 0 0 0 0 0 0 0 0 0 0 0 0 0 0 0 0 0 0 0 0 0 0 0 0 0 0 0 0 0 0 0 0 0 0 1 1 1 1 1 0 0 0 0 0 0 0 0 0 0 0 0 0 0 0 0 0 0 0 0 0 0 0 0 0 0 0 0 0 0 0 0 0 0 0 
0 0 0 0 0 0 0 0 0 0 0 0 0 0 0 0 0 0 0 0 0 0 0 0 0 0 0 0 0 0 0 0 0 0 0 0 0 0 0 0 0 0 0 0 0 0 0 0 0 0 0 0 0 0 0 0 0 0 0 0 0 1 1 1 1 1 0 0 0 0 0 0 0 0 0 0 0 0 0 0 0 0 0 0 0 0 0 0 0 0 0 0 0 0 0 0 0 0 0 0 
0 0 0 0 0 0 0 0 0 0 0 0 0 0 0 0 0 0 0 0 0 0 0 0 0 0 0 0 0 0 0 0 0 0 0 0 0 0 0 0 0 0 0 0 0 0 0 0 0 0 0 0 0 0 0 0 0 0 0 0 0 0 1 1 1 1 1 0 0 0 0 0 0 0 0 0 0 0 0 0 0 0 0 0 0 0 0 0 0 0 0 0 0 0 0 0 0 0 0 0 
0 0 0 0 0 0 0 0 0 0 0 0 0 0 0 0 0 0 0 0 0 0 0 0 0 0 0 0 0 0 0 0 0 0 0 0 0 0 0 0 0 0 0 0 0 0 0 0 0 0 0 0 0 0 0 0 0 0 0 0 0 0 0 1 1 1 1 1 0 0 0 0 0 0 0 0 0 0 0 0 0 0 0 0 0 0 0 0 0 0 0 0 0 0 0 0 0 0 0 0 
0 0 0 0 0 0 0 0 0 0 0 0 0 0 0 0 0 0 0 0 0 0 0 0 0 0 0 0 0 0 0 0 0 0 0 0 0 0 0 0 0 0 0 0 0 0 0 0 0 0 0 0 0 0 0 0 0 0 0 0 0 0 0 0 1 1 1 1 1 0 0 0 0 0 0 0 0 0 0 0 0 0 0 0 0 0 0 0 0 0 0 0 0 0 0 0 0 0 0 0 
0 0 0 0 0 0 0 0 0 0 0 0 0 0 0 0 0 0 0 0 0 0 0 0 0 0 0 0 0 0 0 0 0 0 0 0 0 0 0 0 0 0 0 0 0 0 0 0 0 0 0 0 0 0 0 0 0 0 0 0 0 0 0 0 0 1 1 1 1 1 0 0 0 0 0 0 0 0 0 0 0 0 0 0 0 0 0 0 0 0 0 0 0 0 0 0 0 0 0 0 
0 0 0 0 0 0 0 0 0 0 0 0 0 0 0 0 0 0 0 0 0 0 0 0 0 0 0 0 0 0 0 0 0 0 0 0 0 0 0 0 0 0 0 0 0 0 0 0 0 0 0 0 0 0 0 0 0 0 0 0 0 0 0 0 0 0 1 1 1 1 1 0 0 0 0 0 0 0 0 0 0 0 0 0 0 0 0 0 0 0 0 0 0 0 0 0 0 0 0 0 
0 0 0 0 0 0 0 0 0 0 0 0 0 0 0 0 0 0 0 0 0 0 0 0 0 0 0 0 0 0 0 0 0 0 0 0 0 0 0 0 0 0 0 0 0 0 0 0 0 0 0 0 0 0 0 0 0 0 0 0 0 0 0 0 0 0 0 1 1 1 1 1 0 0 0 0 0 0 0 0 0 0 0 0 0 0 0 0 0 0 0 0 0 0 0 0 0 0 0 0 
0 0 0 0 0 0 0 0 0 0 0 0 0 0 0 0 0 0 0 0 0 0 0 0 0 0 0 0 0 0 0 0 0 0 0 0 0 0 0 0 0 0 0 0 0 0 0 0 0 0 0 0 0 0 0 0 0 0 0 0 0 0 0 0 0 0 0 0 1 1 1 1 1 0 0 0 0 0 0 0 0 0 0 0 0 0 0 0 0 0 0 0 0 0 0 0 0 0 0 0 
0 0 0 0 0 0 0 0 0 0 0 0 0 0 0 0 0 0 0 0 0 0 0 0 0 0 0 0 0 0 0 0 0 0 0 0 0 0 0 0 0 0 0 0 0 0 0 0 0 0 0 0 0 0 0 0 0 0 0 0 0 0 0 0 0 0 0 0 0 1 1 1 1 1 0 0 0 0 0 0 0 0 0 0 0 0 0 0 0 0 0 0 0 0 0 0 0 0 0 0 
0 0 0 0 0 0 0 0 0 0 0 0 0 0 0 0 0 0 0 0 0 0 0 0 0 0 0 0 0 0 0 0 0 0 0 0 0 0 0 0 0 0 0 0 0 0 0 0 0 0 0 0 0 0 0 0 0 0 0 0 0 0 0 0 0 0 0 0 0 0 1 1 1 1 1 0 0 0 0 0 0 0 0 0 0 0 0 0 0 0 0 0 0 0 0 0 0 0 0 0 
0 0 0 0 0 0 0 0 0 0 0 0 0 0 0 0 0 0 0 0 0 0 0 0 0 0 0 0 0 0 0 0 0 0 0 0 0 0 0 0 0 0 0 0 0 0 0 0 0 0 0 0 0 0 0 0 0 0 0 0 0 0 0 0 0 0 0 0 0 0 0 1 1 1 1 1 0 0 0 0 0 0 0 0 0 0 0 0 0 0 0 0 0 0 0 0 0 0 0 0 
0 0 0 0 0 0 0 0 0 0 0 0 0 0 0 0 0 0 0 0 0 0 0 0 0 0 0 0 0 0 0 0 0 0 0 0 0 0 0 0 0 0 0 0 0 0 0 0 0 0 0 0 0 0 0 0 0 0 0 0 0 0 0 0 0 0 0 0 0 0 0 0 1 1 1 1 1 0 0 0 0 0 0 0 0 0 0 0 0 0 0 0 0 0 0 0 0 0 0 0 
0 0 0 0 0 0 0 0 0 0 0 0 0 0 0 0 0 0 0 0 0 0 0 0 0 0 0 0 0 0 0 0 0 0 0 0 0 0 0 0 0 0 0 0 0 0 0 0 0 0 0 0 0 0 0 0 0 0 0 0 0 0 0 0 0 0 0 0 0 0 0 0 0 1 1 1 1 1 0 0 0 0 0 0 0 0 0 0 0 0 0 0 0 0 0 0 0 0 0 0 
0 0 0 0 0 0 0 0 0 0 0 0 0 0 0 0 0 0 0 0 0 0 0 0 0 0 0 0 0 0 0 0 0 0 0 0 0 0 0 0 0 0 0 0 0 0 0 0 0 0 0 0 0 0 0 0 0 0 0 0 0 0 0 0 0 0 0 0 0 0 0 0 0 0 1 1 1 1 1 0 0 0 0 0 0 0 0 0 0 0 0 0 0 0 0 0 0 0 0 0 
0 0 0 0 0 0 0 0 0 0 0 0 0 0 0 0 0 0 0 0 0 0 0 0 0 0 0 0 0 0 0 0 0 0 0 0 0 0 0 0 0 0 0 0 0 0 0 0 0 0 0 0 0 0 0 0 0 0 0 0 0 0 0 0 0 0 0 0 0 0 0 0 0 0 0 1 1 1 1 1 0 0 0 0 0 0 0 0 0 0 0 0 0 0 0 0 0 0 0 0 
0 0 0 0 0 0 0 0 0 0 0 0 0 0 0 0 0 0 0 0 0 0 0 0 0 0 0 0 0 0 0 0 0 0 0 0 0 0 0 0 0 0 0 0 0 0 0 0 0 0 0 0 0 0 0 0 0 0 0 0 0 0 0 0 0 0 0 0 0 0 0 0 0 0 0 0 1 1 1 1 1 0 0 0 0 0 0 0 0 0 0 0 0 0 0 0 0 0 0 0 
0 0 0 0 0 0 0 0 0 0 0 0 0 0 0 0 0 0 0 0 0 0 0 0 0 0 0 0 0 0 0 0 0 0 0 0 0 0 0 0 0 0 0 0 0 0 0 0 0 0 0 0 0 0 0 0 0 0 0 0 0 0 0 0 0 0 0 0 0 0 0 0 0 0 0 0 0 1 1 1 1 1 0 0 0 0 0 0 0 0 0 0 0 0 0 0 0 0 0 0 
0 0 0 0 0 0 0 0 0 0 0 0 0 0 0 0 0 0 0 0 0 0 0 0 0 0 0 0 0 0 0 0 0 0 0 0 0 0 0 0 0 0 0 0 0 0 0 0 0 0 0 0 0 0 0 0 0 0 0 0 0 0 0 0 0 0 0 0 0 0 0 0 0 0 0 0 0 0 1 1 1 1 1 0 0 0 0 0 0 0 0 0 0 0 0 0 0 0 0 0 
0 0 0 0 0 0 0 0 0 0 0 0 0 0 0 0 0 0 0 0 0 0 0 0 0 0 0 0 0 0 0 0 0 0 0 0 0 0 0 0 0 0 0 0 0 0 0 0 0 0 0 0 0 0 0 0 0 0 0 0 0 0 0 0 0 0 0 0 0 0 0 0 0 0 0 0 0 0 0 1 1 1 1 1 0 0 0 0 0 0 0 0 0 0 0 0 0 0 0 0 
0 0 0 0 0 0 0 0 0 0 0 0 0 0 0 0 0 0 0 0 0 0 0 0 0 0 0 0 0 0 0 0 0 0 0 0 0 0 0 0 0 0 0 0 0 0 0 0 0 0 0 0 0 0 0 0 0 0 0 0 0 0 0 0 0 0 0 0 0 0 0 0 0 0 0 0 0 0 0 0 1 1 1 1 1 0 0 0 0 0 0 0 0 0 0 0 0 0 0 0 
0 0 0 0 0 0 0 0 0 0 0 0 0 0 0 0 0 0 0 0 0 0 0 0 0 0 0 0 0 0 0 0 0 0 0 0 0 0 0 0 0 0 0 0 0 0 0 0 0 0 0 0 0 0 0 0 0 0 0 0 0 0 0 0 0 0 0 0 0 0 0 0 0 0 0 0 0 0 0 0 0 1 1 1 1 1 0 0 0 0 0 0 0 0 0 0 0 0 0 0 
0 0 0 0 0 0 0 0 0 0 0 0 0 0 0 0 0 0 0 0 0 0 0 0 0 0 0 0 0 0 0 0 0 0 0 0 0 0 0 0 0 0 0 0 0 0 0 0 0 0 0 0 0 0 0 0 0 0 0 0 0 0 0 0 0 0 0 0 0 0 0 0 0 0 0 0 0 0 0 0 0 0 1 1 1 1 1 0 0 0 0 0 0 0 0 0 0 0 0 0 
0 0 0 0 0 0 0 0 0 0 0 0 0 0 0 0 0 0 0 0 0 0 0 0 0 0 0 0 0 0 0 0 0 0 0 0 0 0 0 0 0 0 0 0 0 0 0 0 0 0 0 0 0 0 0 0 0 0 0 0 0 0 0 0 0 0 0 0 0 0 0 0 0 0 0 0 0 0 0 0 0 0 0 1 1 1 1 1 0 0 0 0 0 0 0 0 0 0 0 0 
0 0 0 0 0 0 0 0 0 0 0 0 0 0 0 0 0 0 0 0 0 0 0 0 0 0 0 0 0 0 0 0 0 0 0 0 0 0 0 0 0 0 0 0 0 0 0 0 0 0 0 0 0 0 0 0 0 0 0 0 0 0 0 0 0 0 0 0 0 0 0 0 0 0 0 0 0 0 0 0 0 0 0 0 1 1 1 1 1 0 0 0 0 0 0 0 0 0 0 0 
0 0 0 0 0 0 0 0 0 0 0 0 0 0 0 0 0 0 0 0 0 0 0 0 0 0 0 0 0 0 0 0 0 0 0 0 0 0 0 0 0 0 0 0 0 0 0 0 0 0 0 0 0 0 0 0 0 0 0 0 0 0 0 0 0 0 0 0 0 0 0 0 0 0 0 0 0 0 0 0 0 0 0 0 0 1 1 1 1 1 0 0 0 0 0 0 0 0 0 0 
0 0 0 0 0 0 0 0 0 0 0 0 0 0 0 0 0 0 0 0 0 0 0 0 0 0 0 0 0 0 0 0 0 0 0 0 0 0 0 0 0 0 0 0 0 0 0 0 0 0 0 0 0 0 0 0 0 0 0 0 0 0 0 0 0 0 0 0 0 0 0 0 0 0 0 0 0 0 0 0 0 0 0 0 0 0 1 1 1 1 1 0 0 0 0 0 0 0 0 0 
0 0 0 0 0 0 0 0 0 0 0 0 0 0 0 0 0 0 0 0 0 0 0 0 0 0 0 0 0 0 0 0 0 0 0 0 0 0 0 0 0 0 0 0 0 0 0 0 0 0 0 0 0 0 0 0 0 0 0 0 0 0 0 0 0 0 0 0 0 0 0 0 0 0 0 0 0 0 0 0 0 0 0 0 0 0 0 1 1 1 1 1 0 0 0 0 0 0 0 0 
0 0 0 0 0 0 0 0 0 0 0 0 0 0 0 0 0 0 0 0 0 0 0 0 0 0 0 0 0 0 0 0 0 0 0 0 0 0 0 0 0 0 0 0 0 0 0 0 0 0 0 0 0 0 0 0 0 0 0 0 0 0 0 0 0 0 0 0 0 0 0 0 0 0 0 0 0 0 0 0 0 0 0 0 0 0 0 0 1 1 1 1 1 0 0 0 0 0 0 0 
0 0 0 0 0 0 0 0 0 0 0 0 0 0 0 0 0 0 0 0 0 0 0 0 0 0 0 0 0 0 0 0 0 0 0 0 0 0 0 0 0 0 0 0 0 0 0 0 0 0 0 0 0 0 0 0 0 0 0 0 0 0 0 0 0 0 0 0 0 0 0 0 0 0 0 0 0 0 0 0 0 0 0 0 0 0 0 0 0 1 1 1 1 1 0 0 0 0 0 0 
0 0 0 0 0 0 0 0 0 0 0 0 0 0 0 0 0 0 0 0 0 0 0 0 0 0 0 0 0 0 0 0 0 0 0 0 0 0 0 0 0 0 0 0 0 0 0 0 0 0 0 0 0 0 0 0 0 0 0 0 0 0 0 0 0 0 0 0 0 0 0 0 0 0 0 0 0 0 0 0 0 0 0 0 0 0 0 0 0 0 1 1 1 1 1 0 0 0 0 0 
0 0 0 0 0 0 0 0 0 0 0 0 0 0 0 0 0 0 0 0 0 0 0 0 0 0 0 0 0 0 0 0 0 0 0 0 0 0 0 0 0 0 0 0 0 0 0 0 0 0 0 0 0 0 0 0 0 0 0 0 0 0 0 0 0 0 0 0 0 0 0 0 0 0 0 0 0 0 0 0 0 0 0 0 0 0 0 0 0 0 0 1 1 1 1 1 0 0 0 0 
0 0 0 0 0 0 0 0 0 0 0 0 0 0 0 0 0 0 0 0 0 0 0 0 0 0 0 0 0 0 0 0 0 0 0 0 0 0 0 0 0 0 0 0 0 0 0 0 0 0 0 0 0 0 0 0 0 0 0 0 0 0 0 0 0 0 0 0 0 0 0 0 0 0 0 0 0 0 0 0 0 0 0 0 0 0 0 0 0 0 0 0 1 1 1 1 1 0 0 0 
0 0 0 0 0 0 0 0 0 0 0 0 0 0 0 0 0 0 0 0 0 0 0 0 0 0 0 0 0 0 0 0 0 0 0 0 0 0 0 0 0 0 0 0 0 0 0 0 0 0 0 0 0 0 0 0 0 0 0 0 0 0 0 0 0 0 0 0 0 0 0 0 0 0 0 0 0 0 0 0 0 0 0 0 0 0 0 0 0 0 0 0 0 1 1 1 1 1 0 0 
0 0 0 0 0 0 0 0 0 0 0 0 0 0 0 0 0 0 0 0 0 0 0 0 0 0 0 0 0 0 0 0 0 0 0 0 0 0 0 0 0 0 0 0 0 0 0 0 0 0 0 0 0 0 0 0 0 0 0 0 0 0 0 0 0 0 0 0 0 0 0 0 0 0 0 0 0 0 0 0 0 0 0 0 0 0 0 0 0 0 0 0 0 0 1 1 1 1 1 0 
0 0 0 0 0 0 0 0 0 0 0 0 0 0 0 0 0 0 0 0 0 0 0 0 0 0 0 0 0 0 0 0 0 0 0 0 0 0 0 0 0 0 0 0 0 0 0 0 0 0 0 0 0 0 0 0 0 0 0 0 0 0 0 0 0 0 0 0 0 0 0 0 0 0 0 0 0 0 0 0 0 0 0 0 0 0 0 0 0 0 0 0 0 0 0 1 1 1 1 1 
1 0 0 0 0 0 0 0 0 0 0 0 0 0 0 0 0 0 0 0 0 0 0 0 0 0 0 0 0 0 0 0 0 0 0 0 0 0 0 0 0 0 0 0 0 0 0 0 0 0 0 0 0 0 0 0 0 0 0 0 0 0 0 0 0 0 0 0 0 0 0 0 0 0 0 0 0 0 0 0 0 0 0 0 0 0 0 0 0 0 0 0 0 0 0 0 1 1 1 1 
1 1 0 0 0 0 0 0 0 0 0 0 0 0 0 0 0 0 0 0 0 0 0 0 0 0 0 0 0 0 0 0 0 0 0 0 0 0 0 0 0 0 0 0 0 0 0 0 0 0 0 0 0 0 0 0 0 0 0 0 0 0 0 0 0 0 0 0 0 0 0 0 0 0 0 0 0 0 0 0 0 0 0 0 0 0 0 0 0 0 0 0 0 0 0 0 0 1 1 1 
1 1 1 0 0 0 0 0 0 0 0 0 0 0 0 0 0 0 0 0 0 0 0 0 0 0 0 0 0 0 0 0 0 0 0 0 0 0 0 0 0 0 0 0 0 0 0 0 0 0 0 0 0 0 0 0 0 0 0 0 0 0 0 0 0 0 0 0 0 0 0 0 0 0 0 0 0 0 0 0 0 0 0 0 0 0 0 0 0 0 0 0 0 0 0 0 0 0 1 1 
1 1 1 1 0 0 0 0 0 0 0 0 0 0 0 0 0 0 0 0 0 0 0 0 0 0 0 0 0 0 0 0 0 0 0 0 0 0 0 0 0 0 0 0 0 0 0 0 0 0 0 0 0 0 0 0 0 0 0 0 0 0 0 0 0 0 0 0 0 0 0 0 0 0 0 0 0 0 0 0 0 0 0 0 0 0 0 0 0 0 0 0 0 0 0 0 0 0 0 1 
