Parameters
100 4
F_el
0.00170000000000 0.00160000000000 0.01619818399269 0.00990000000000 0.00160000000000 0.00150000000000 0.01478737391745 0.00960000000000 0.00720000000000 0.00610000000000 0.09817776520209 0.01887766637587 0.00660000000000 0.00570000000000 0.02128579416817 0.01599694327249 0.00130000000000 0.00120000000000 0.00160000000000 0.00150000000000 0.00130000000000 0.00120000000000 0.00150000000000 0.00140000000000 0.00160000000000 0.00150000000000 0.00700000000000 0.00600000000000 0.00150000000000 0.00140000000000 0.00220000000000 0.00570000000000 
0.02996886920128 0.02835838264920 0.02718803219840 0.02610048124802 0.01984834062645 0.02006859432427 0.02078474273046 0.02109342488560 0.00170000000000 0.00170000000000 0.00160000000000 0.00160000000000 0.04199610859205 0.03930539816963 0.03630661146117 0.03471432800795 0.00750000000000 0.00740000000000 0.00330000000000 0.00310000000000 0.00210000000000 0.00220000000000 0.00230000000000 0.00240000000000 0.00150000000000 0.00140000000000 0.00140000000000 0.00140000000000 0.00580000000000 0.00580000000000 0.00550000000000 0.00550000000000 
0.02845222806506 0.00520000000000 0.02047883914327 0.03010143639635 0.02042474762587 0.00190000000000 0.02388514088997 0.03916831078175 0.02501412699966 0.00220000000000 0.01912573405680 0.02753761438164 0.01902079811336 0.00180000000000 0.02201880750624 0.03503785029199 0.02646935897213 0.00520000000000 0.02038026261118 0.03019453005647 0.01971197064338 0.00190000000000 0.02388552973066 0.03962579291117 0.02358472866961 0.00220000000000 0.01902562469865 0.02760352453919 0.01840976927112 0.00180000000000 0.02193081915065 0.02654336924284 
0.01935791756153 0.03275427584825 0.02100950541777 0.02587195760003 0.00260000000000 0.01576954975114 0.00310000000000 0.00860000000000 0.01857739807200 0.00630000000000 0.03824489836857 0.00600000000000 0.00340000000000 0.00230000000000 0.00440000000000 0.00220000000000 0.02512921225029 0.00220000000000 0.02372457953426 0.00200000000000 0.00310000000000 0.00170000000000 0.00270000000000 0.00170000000000 0.00240000000000 0.00160000000000 0.00220000000000 0.00150000000000 0.00190000000000 0.00140000000000 0.00180000000000 0.00140000000000 
0.00160000000000 0.02024438832866 0.00160000000000 0.02005579634105 0.00160000000000 0.02034045116489 0.00160000000000 0.02015280777380 0.00150000000000 0.01707898123953 0.00140000000000 0.01697554797608 0.00140000000000 0.01738702981008 0.00140000000000 0.01728498001134 0.01722336650770 0.10597267888804 0.01702651505976 0.10606574164753 0.01775250213049 0.10926785782369 0.01764319745924 0.10891176506148 0.01471822173287 0.10440997505989 0.01470270413179 0.10451731342970 0.01522246216359 0.11984910897620 0.01520784665769 0.12054255022875 
0.00160000000000 0.00160000000000 0.00160000000000 0.00160000000000 0.01500799171833 0.01499717071236 0.01724234929812 0.01723482735454 0.00130000000000 0.00130000000000 0.00120000000000 0.00120000000000 0.00150000000000 0.00150000000000 0.00150000000000 0.00150000000000 0.00170000000000 0.00170000000000 0.00940000000000 0.00180000000000 0.01385590082441 0.01384252571006 0.01582426664474 0.01588168422279 0.00120000000000 0.00120000000000 0.00120000000000 0.00120000000000 0.00150000000000 0.00150000000000 0.00150000000000 0.00150000000000 
0.00160000000000 0.00160000000000 0.00160000000000 0.00150000000000 0.00160000000000 0.00160000000000 0.00160000000000 0.00160000000000 0.00160000000000 0.00160000000000 0.00150000000000 0.00150000000000 0.00160000000000 0.00160000000000 0.00160000000000 0.00160000000000 0.00140000000000 0.00140000000000 0.00140000000000 0.00140000000000 0.00140000000000 0.00140000000000 0.00140000000000 0.00140000000000 0.00140000000000 0.00140000000000 0.00140000000000 0.00130000000000 0.00140000000000 0.00140000000000 0.00140000000000 0.00140000000000 
0.02502698161770 0.08095373181150 0.03648117009119 0.01877622312184 0.02534016243236 0.02609179234086 0.03746256955394 0.01877943501768 0.00660000000000 0.01805601937831 0.01524216197558 0.02509634779398 0.00670000000000 0.01836146939695 0.01536123314114 0.02696273217899 0.02057871366708 0.01370247022319 0.01843276752838 0.00200000000000 0.02055903531744 0.01364490130797 0.01842471926798 0.00200000000000 0.03454389123223 0.01904482733891 0.03870292348978 0.01605147857953 0.03545027062039 0.01896304573246 0.03715621510345 0.01614213607492 
0.00140000000000 0.01389425232072 0.00130000000000 0.00160000000000 0.00140000000000 0.01372820088536 0.00130000000000 0.00160000000000 0.00120000000000 0.00150000000000 0.00110000000000 0.00130000000000 0.00120000000000 0.00150000000000 0.00110000000000 0.00130000000000 0.00150000000000 0.01640331023270 0.00130000000000 0.00170000000000 0.00150000000000 0.01597073609780 0.00130000000000 0.00170000000000 0.00120000000000 0.00160000000000 0.00120000000000 0.00140000000000 0.00120000000000 0.00160000000000 0.00110000000000 0.00130000000000 
0.02235064956705 0.10469340907037 0.00180000000000 0.00180000000000 0.00200000000000 0.00200000000000 0.00130000000000 0.00130000000000 0.02256344606943 0.04576904818415 0.00170000000000 0.00180000000000 0.00190000000000 0.00190000000000 0.00130000000000 0.00130000000000 0.02472673125846 0.10370152409869 0.01290233031806 0.00200000000000 0.01376329307240 0.00220000000000 0.00130000000000 0.00140000000000 0.02504895714820 0.10149665075897 0.00190000000000 0.00190000000000 0.00210000000000 0.00210000000000 0.00130000000000 0.00130000000000 
0.00670000000000 0.00130000000000 0.03547110557950 0.00220000000000 0.00220000000000 0.00130000000000 0.03579033657500 0.00210000000000 0.00210000000000 0.00130000000000 0.01672728878416 0.00200000000000 0.00200000000000 0.00130000000000 0.01656458705634 0.00200000000000 0.04212383599744 0.00190000000000 0.01449678972507 0.03083760728643 0.03600364527985 0.00190000000000 0.00820000000000 0.02935300223813 0.01477531315404 0.00190000000000 0.00160000000000 0.01544523831498 0.01465384141355 0.00190000000000 0.00160000000000 0.01539200442704 
0.10248384450788 0.01771927922634 0.06039143909224 0.01770922901738 0.00230000000000 0.00150000000000 0.00230000000000 0.00150000000000 0.02207519088584 0.01430916193271 0.02208115193242 0.00250000000000 0.00180000000000 0.00140000000000 0.00180000000000 0.00140000000000 0.01898800641586 0.02476049574717 0.01716534426329 0.02487512302703 0.00870000000000 0.00190000000000 0.00930000000000 0.00190000000000 0.02514689189893 0.01811251738974 0.02192890939164 0.01809917092776 0.00270000000000 0.00160000000000 0.00260000000000 0.00160000000000 
0.01639579178260 0.01670159720184 0.01595662528675 0.01636730663840 0.03436777555127 0.10342790142004 0.03117617732170 0.10310227042072 0.01863830329361 0.01890090055685 0.01798943611511 0.01837193349626 0.11228349798414 0.15101035834618 0.10817623109019 0.13132439417115 0.02414908251882 0.02435755913233 0.02292039699203 0.02295149598393 0.09299473094416 0.07324688375652 0.10589397504924 0.08572799274159 0.03537184028802 0.04074913869853 0.03148152078039 0.03360934121574 0.07776857157562 0.08859240581072 0.07490683168049 0.06415906787643 
0.03407721681255 0.02697806949551 0.03966957915073 0.04481688981068 0.02586857414641 0.03108198339582 0.01937325753724 0.02144723340524 0.01664390716580 0.01760246057943 0.00200000000000 0.00250000000000 0.00180000000000 0.00200000000000 0.00160000000000 0.00170000000000 0.02715391725140 0.02382184324580 0.03962621934525 0.03398327526175 0.02547035371692 0.03040304026450 0.01979134114768 0.02179393480351 0.01614727373494 0.01737135222247 0.01398447645403 0.01484875192294 0.00190000000000 0.01429429152378 0.00170000000000 0.00180000000000 
0.00170000000000 0.00640000000000 0.05197109035330 0.02167022187949 0.02113638562177 0.03972879790343 0.01718499172551 0.00170000000000 0.00150000000000 0.00180000000000 0.10332073437032 0.01416400662072 0.00260000000000 0.00760000000000 0.00180000000000 0.00150000000000 0.02142519126568 0.05304102116470 0.01585435897990 0.00180000000000 0.02288848454206 0.00220000000000 0.00140000000000 0.00120000000000 0.10231053951251 0.03668492510138 0.00190000000000 0.00160000000000 0.00250000000000 0.00180000000000 0.00130000000000 0.00120000000000 
0.02122935228086 0.00190000000000 0.01478427767634 0.01561363648324 0.02267261648212 0.00170000000000 0.00200000000000 0.00240000000000 0.01768852833418 0.00660000000000 0.00190000000000 0.01867167915362 0.01765623987053 0.00200000000000 0.00170000000000 0.01691089364893 0.02245453455354 0.00190000000000 0.01501038111869 0.01508475912111 0.02498036036083 0.00170000000000 0.00210000000000 0.00220000000000 0.01831420469243 0.00240000000000 0.00200000000000 0.01762304256663 0.01837067367334 0.00190000000000 0.00180000000000 0.01637311582000 
0.02173902238686 0.02008029820501 0.02384424208834 0.02266126622918 0.01552872734817 0.00150000000000 0.00210000000000 0.00140000000000 0.00220000000000 0.00140000000000 0.00180000000000 0.00130000000000 0.00120000000000 0.00110000000000 0.00120000000000 0.00110000000000 0.01446891651629 0.04693423509267 0.00200000000000 0.04286692419787 0.02125238264167 0.00210000000000 0.08259987555128 0.00170000000000 0.01572323587020 0.00180000000000 0.00660000000000 0.00160000000000 0.00140000000000 0.00120000000000 0.00130000000000 0.00120000000000 
0.03624596950628 0.10622389254841 0.02061373913689 0.02162321356002 0.00160000000000 0.00150000000000 0.00140000000000 0.00130000000000 0.01708287963553 0.00170000000000 0.01885477303247 0.02232055267872 0.04519822915113 0.10609757431239 0.02482141084021 0.02744846630280 0.01386412063434 0.00190000000000 0.01518503725815 0.00490000000000 0.02385549194977 0.02398524545665 0.01966044302015 0.01930635605631 0.00120000000000 0.00120000000000 0.00130000000000 0.00120000000000 0.00970000000000 0.01476102190512 0.01791157232771 0.01640711389514 
0.01585427862073 0.00240000000000 0.01682854345444 0.01455817395352 0.00170000000000 0.00150000000000 0.00180000000000 0.00160000000000 0.03864111175427 0.02497072280835 0.08889183377772 0.02889505184209 0.01843662236498 0.01590639537744 0.01986639121470 0.01676832360168 0.01872624759869 0.01585781329035 0.02038161561239 0.01681892558914 0.00190000000000 0.00160000000000 0.00210000000000 0.00170000000000 0.06202394179859 0.03103745691086 0.10277513798112 0.03808268604975 0.02160499790483 0.01821045070977 0.02376179380458 0.01935051954391 
0.01672541622723 0.01735892651654 0.00160000000000 0.02328852477852 0.04789676752650 0.00180000000000 0.01633325117314 0.02028911764600 0.10553263432224 0.10228859330550 0.02225534897329 0.10986073900670 0.04712395900691 0.00160000000000 0.04094201508925 0.10199272627098 0.02603325766047 0.00780000000000 0.06566274382868 0.01798139217074 0.01499679676317 0.00150000000000 0.02581555919688 0.00840000000000 0.02289196505141 0.01438974646625 0.04522440696080 0.02239234578953 0.01566443135356 0.00790000000000 0.02230934413626 0.01485666601593 
0.00140000000000 0.00170000000000 0.00110000000000 0.00120000000000 0.00130000000000 0.00140000000000 0.00110000000000 0.00110000000000 0.01436137451145 0.01778823708519 0.00120000000000 0.00130000000000 0.00160000000000 0.00210000000000 0.00120000000000 0.00120000000000 0.00150000000000 0.00190000000000 0.00110000000000 0.00120000000000 0.00130000000000 0.00150000000000 0.00110000000000 0.00110000000000 0.01563616222811 0.02038480803992 0.00130000000000 0.00140000000000 0.00180000000000 0.01330510642122 0.00120000000000 0.00120000000000 
0.01456566530176 0.05458590814491 0.00190000000000 0.03183101625559 0.01575277261281 0.04542834107517 0.00230000000000 0.04835896073052 0.00150000000000 0.01728323089736 0.00140000000000 0.01418961602805 0.00150000000000 0.01906923491403 0.00140000000000 0.01577621259548 0.01819941960478 0.05552695437221 0.01509075357694 0.07671833831531 0.02038047602949 0.04112808740554 0.01638358684618 0.03886432948327 0.00160000000000 0.02170591057158 0.00150000000000 0.01782754185106 0.00180000000000 0.02506564309764 0.00160000000000 0.01988210709894 
0.01403179891885 0.00170000000000 0.03379616501725 0.02285807835393 0.03003726761916 0.01812626088214 0.02358117006143 0.02362244534031 0.01799260135990 0.01371499469915 0.02615604875509 0.02683187993266 0.10772187475423 0.02768506727774 0.01858173413645 0.02123811924499 0.00300000000000 0.00210000000000 0.01620521942182 0.00820000000000 0.02030903040407 0.01578256201854 0.01402003570342 0.01359245060290 0.00970000000000 0.00280000000000 0.01758378904665 0.01323306940064 0.02359939905205 0.01514324293720 0.01392116060940 0.01357901529353 
0.00190000000000 0.00460000000000 0.00160000000000 0.00140000000000 0.00190000000000 0.00140000000000 0.00170000000000 0.00130000000000 0.01579076988402 0.00460000000000 0.00200000000000 0.00470000000000 0.00250000000000 0.00480000000000 0.00190000000000 0.00150000000000 0.00760000000000 0.00460000000000 0.00720000000000 0.00460000000000 0.00660000000000 0.00470000000000 0.00600000000000 0.00480000000000 0.01956086753138 0.00770000000000 0.01966699986180 0.00780000000000 0.01672648818557 0.00790000000000 0.01595606500993 0.00800000000000 
0.01631983295589 0.00140000000000 0.02022740883686 0.00140000000000 0.01513043028070 0.00130000000000 0.01889762353144 0.00130000000000 0.00160000000000 0.00120000000000 0.00170000000000 0.00120000000000 0.00150000000000 0.00120000000000 0.00160000000000 0.00110000000000 0.02093083313102 0.00140000000000 0.01846423326514 0.01417171980268 0.01897349988513 0.00140000000000 0.01839811567632 0.00140000000000 0.00940000000000 0.00120000000000 0.01414672275947 0.00120000000000 0.00170000000000 0.00120000000000 0.00850000000000 0.00120000000000 
0.02850282054837 0.00820000000000 0.02320180636511 0.00340000000000 0.04103652754403 0.01476337237709 0.02013706741810 0.00860000000000 0.05936307302856 0.10600092988796 0.02036776255442 0.01842623659559 0.04588130873135 0.10268593870168 0.04742342258583 0.01819478408585 0.00220000000000 0.00210000000000 0.00160000000000 0.00170000000000 0.00180000000000 0.00190000000000 0.00150000000000 0.00150000000000 0.01527394642232 0.00610000000000 0.00170000000000 0.00160000000000 0.01507256454039 0.00600000000000 0.00150000000000 0.00150000000000 
0.00140000000000 0.00120000000000 0.00120000000000 0.00110000000000 0.00140000000000 0.00120000000000 0.00120000000000 0.00110000000000 0.00190000000000 0.00140000000000 0.00130000000000 0.00120000000000 0.00190000000000 0.00140000000000 0.00130000000000 0.00120000000000 0.00130000000000 0.00120000000000 0.00110000000000 0.00110000000000 0.00130000000000 0.00120000000000 0.00110000000000 0.00110000000000 0.00150000000000 0.00130000000000 0.00120000000000 0.00110000000000 0.00150000000000 0.00130000000000 0.00120000000000 0.00110000000000 
0.01488126453616 0.00140000000000 0.00140000000000 0.00120000000000 0.10398527340549 0.00200000000000 0.00200000000000 0.00140000000000 0.00170000000000 0.00130000000000 0.00130000000000 0.00110000000000 0.00710000000000 0.00160000000000 0.00160000000000 0.00120000000000 0.02679678763142 0.00190000000000 0.00190000000000 0.00130000000000 0.10195768207189 0.01451095468653 0.00880000000000 0.00170000000000 0.01628020947291 0.00150000000000 0.00150000000000 0.00120000000000 0.02371590778651 0.00610000000000 0.00250000000000 0.00150000000000 
0.01434421407380 0.01488111124405 0.00170000000000 0.00170000000000 0.00150000000000 0.00150000000000 0.00130000000000 0.00140000000000 0.12087909827480 0.12543606783688 0.02319253386499 0.02513155228120 0.01691019887439 0.01787523680966 0.01411629447110 0.01577335602964 0.01492061973028 0.01574384863202 0.00200000000000 0.01381893249929 0.00170000000000 0.00170000000000 0.00140000000000 0.00150000000000 0.10443965771840 0.10580347168488 0.04001799498903 0.11391162981759 0.02005490252633 0.02393773125226 0.01586110165561 0.01650061085809 
0.02337956051783 0.02715295089380 0.02116965467568 0.02291652051362 0.02563863288868 0.03149886551132 0.02213556788987 0.02394510336624 0.02632173724931 0.02430116934983 0.00510000000000 0.00530000000000 0.02409748984597 0.02253653112169 0.00530000000000 0.00850000000000 0.01941885144534 0.02105993730005 0.01452383203696 0.02076522696702 0.02024636405097 0.02228202162561 0.02024415259034 0.02137413902787 0.03893976382207 0.03231193589023 0.02017395706558 0.02328291944781 0.03230652932365 0.02840730950995 0.02314363315828 0.02462616678317 
0.01987352400043 0.02433039451865 0.02286794202464 0.02992704857372 0.01810603230873 0.02058950528737 0.01967387417275 0.02317000602752 0.00180000000000 0.00200000000000 0.00200000000000 0.00230000000000 0.00160000000000 0.00180000000000 0.00180000000000 0.00200000000000 0.01746134717868 0.02048919696205 0.01936570282080 0.02360160192326 0.01653243992751 0.01850961895604 0.01779961299658 0.02017597186126 0.00160000000000 0.00180000000000 0.00180000000000 0.00200000000000 0.00150000000000 0.00160000000000 0.00160000000000 0.00180000000000 
0.01856132999655 0.00160000000000 0.02111389072631 0.00170000000000 0.04232752193226 0.00170000000000 0.05188008332818 0.00180000000000 0.02174541028161 0.00180000000000 0.02851790325491 0.00190000000000 0.03238072763339 0.00200000000000 0.02500160423735 0.00210000000000 0.01525959159322 0.00150000000000 0.01691648723806 0.00160000000000 0.02095372084717 0.00170000000000 0.02949945352608 0.00180000000000 0.01611815273520 0.00170000000000 0.01936808858704 0.00180000000000 0.02019572902359 0.00190000000000 0.01907599999670 0.00200000000000 
0.00170000000000 0.00160000000000 0.01672976367410 0.01587658241804 0.00120000000000 0.00120000000000 0.00140000000000 0.00130000000000 0.01579406975360 0.00170000000000 0.02275845932145 0.02026405360752 0.00120000000000 0.00120000000000 0.00150000000000 0.00140000000000 0.02689177153912 0.02122547821546 0.02394389953696 0.03346620080114 0.00170000000000 0.00160000000000 0.01636115703551 0.01559119522894 0.04066908501644 0.02849559088255 0.05981901460436 0.06066508070696 0.00220000000000 0.00170000000000 0.02134871522657 0.01930064899144 
0.00180000000000 0.00170000000000 0.00220000000000 0.00540000000000 0.00180000000000 0.00170000000000 0.00220000000000 0.00540000000000 0.00120000000000 0.00110000000000 0.00120000000000 0.00120000000000 0.00120000000000 0.00110000000000 0.00120000000000 0.00120000000000 0.00160000000000 0.00140000000000 0.00170000000000 0.00160000000000 0.00160000000000 0.00140000000000 0.00170000000000 0.00160000000000 0.00110000000000 0.00110000000000 0.00120000000000 0.00110000000000 0.00110000000000 0.00110000000000 0.00120000000000 0.00110000000000 
0.00220000000000 0.00220000000000 0.01682778138621 0.01682811931174 0.07188006578777 0.07187753571486 0.04775892606000 0.04775453730048 0.10315266252696 0.10317793858935 0.04768730670229 0.04769329485663 0.00220000000000 0.00220000000000 0.02334748599382 0.02334519403145 0.01703452840703 0.01703501063428 0.02207907259465 0.02208029641031 0.01939561716608 0.01939411054404 0.02489270724033 0.02489049334013 0.10406550231527 0.10406829494990 0.06400715552199 0.06401504058145 0.00200000000000 0.00200000000000 0.01688657945473 0.01688529806834 
0.02122672529205 0.01750655563567 0.00170000000000 0.00160000000000 0.01687201632205 0.00230000000000 0.00140000000000 0.00140000000000 0.01784481711735 0.01606690570254 0.00150000000000 0.00140000000000 0.01536109008815 0.00180000000000 0.00130000000000 0.00120000000000 0.00130000000000 0.00130000000000 0.00110000000000 0.00110000000000 0.00120000000000 0.00120000000000 0.00110000000000 0.00110000000000 0.00120000000000 0.00120000000000 0.00110000000000 0.00110000000000 0.00110000000000 0.00110000000000 0.00100000000000 0.00100000000000 
0.02061272533378 0.05767787138041 0.01691901323578 0.10467753672399 0.01764131815967 0.02194993536642 0.01549158262761 0.02012104861093 0.01640219887473 0.02323251044876 0.00200000000000 0.01946142336227 0.01583785952398 0.01851969426295 0.00160000000000 0.01643918382984 0.01771960662200 0.02789546111680 0.00760000000000 0.02162656363442 0.01598050471836 0.01947088355441 0.00620000000000 0.01652242359683 0.01450059730720 0.02019781195858 0.00190000000000 0.01468965345867 0.00970000000000 0.01685119915082 0.00160000000000 0.01454067922446 
0.01531644453208 0.01508403957263 0.00950000000000 0.00960000000000 0.01403036516616 0.00220000000000 0.00560000000000 0.00190000000000 0.01729325745333 0.01705952627631 0.01654685740917 0.01642295480357 0.01558351464714 0.01535918483041 0.00930000000000 0.00560000000000 0.00150000000000 0.00140000000000 0.00130000000000 0.00130000000000 0.00140000000000 0.00140000000000 0.00130000000000 0.00130000000000 0.00150000000000 0.00140000000000 0.00130000000000 0.00130000000000 0.00140000000000 0.00140000000000 0.00130000000000 0.00130000000000 
0.01788667405679 0.01767650069243 0.01492898296746 0.01524712054466 0.02217244919461 0.02175937585719 0.02174755677130 0.02277836692865 0.10352892862040 0.10393400015374 0.00130000000000 0.00130000000000 0.10429045760828 0.10458056178253 0.00140000000000 0.00140000000000 0.01975409091513 0.02037096193873 0.00130000000000 0.00130000000000 0.06144869030592 0.06172127332699 0.00140000000000 0.00140000000000 0.00150000000000 0.00150000000000 0.00110000000000 0.00110000000000 0.00150000000000 0.00160000000000 0.00110000000000 0.00110000000000 
0.00140000000000 0.00110000000000 0.00140000000000 0.00110000000000 0.00210000000000 0.00130000000000 0.00190000000000 0.00120000000000 0.00110000000000 0.00100000000000 0.00110000000000 0.00100000000000 0.00130000000000 0.00110000000000 0.00120000000000 0.00110000000000 0.00200000000000 0.00130000000000 0.00180000000000 0.00120000000000 0.01579887443006 0.00150000000000 0.00740000000000 0.00150000000000 0.00130000000000 0.00110000000000 0.00120000000000 0.00110000000000 0.00150000000000 0.00120000000000 0.00140000000000 0.00110000000000 
0.10232721486402 0.02144116142406 0.02165755215275 0.01785033048068 0.01799686430573 0.00650000000000 0.02493590677830 0.01612696170995 0.00690000000000 0.00210000000000 0.00160000000000 0.00160000000000 0.01959872450485 0.01650986777107 0.01502954291491 0.00710000000000 0.02040578928228 0.01675652078087 0.01512007136503 0.00760000000000 0.03231087747639 0.01709745875167 0.02827086132165 0.02366114225364 0.00150000000000 0.00150000000000 0.00140000000000 0.00140000000000 0.01460219836494 0.00700000000000 0.00180000000000 0.00180000000000 
0.01578674064240 0.01600675108143 0.10264120110305 0.07274429878646 0.00220000000000 0.00230000000000 0.02669440520596 0.02809455071516 0.01535257681826 0.01556698764619 0.04461443729620 0.05405042961725 0.00200000000000 0.00210000000000 0.02407644011198 0.02499962407299 0.01637666451704 0.01658806660346 0.10343913791479 0.10347503441724 0.01538428393928 0.01549799110703 0.02499550747575 0.02573426265595 0.01595785848229 0.01616569345002 0.03165847274632 0.03348554788890 0.01507229133994 0.01518383632703 0.02321849659540 0.02374736242848 
0.00170000000000 0.00130000000000 0.01653787370680 0.00190000000000 0.02897684484465 0.00640000000000 0.01640561855384 0.02613142261090 0.00190000000000 0.00140000000000 0.02269458163764 0.00200000000000 0.01728296094852 0.00260000000000 0.00160000000000 0.01644911012150 0.00260000000000 0.00150000000000 0.01509750429283 0.00290000000000 0.00210000000000 0.00980000000000 0.00140000000000 0.00210000000000 0.01592764203147 0.00180000000000 0.00160000000000 0.01511564450681 0.00150000000000 0.00230000000000 0.00120000000000 0.00140000000000 
0.01772002979557 0.01739758322916 0.01534626486470 0.01522716610085 0.01787349845657 0.01764974704265 0.01574570922655 0.01562852142624 0.01860287233406 0.01848275993429 0.01511132316172 0.01507150113419 0.01783849741036 0.01788632073360 0.01458074866268 0.01454585623119 0.01622501484116 0.01600535783405 0.00730000000000 0.00230000000000 0.01659812145169 0.01638345418806 0.01499887242554 0.01479996307724 0.01537434781577 0.01532557993619 0.01495191579720 0.01491860764404 0.01776734934726 0.01782296659796 0.01443760223942 0.01440732696628 
0.03934308722039 0.01682501711277 0.01708231421415 0.01634794097461 0.00210000000000 0.00800000000000 0.00150000000000 0.01605543662951 0.00150000000000 0.01879190159428 0.00130000000000 0.00200000000000 0.00120000000000 0.00150000000000 0.00110000000000 0.00130000000000 0.00210000000000 0.00130000000000 0.00230000000000 0.00140000000000 0.00440000000000 0.00160000000000 0.00220000000000 0.00180000000000 0.00200000000000 0.01687920560264 0.00160000000000 0.00580000000000 0.00130000000000 0.00200000000000 0.00120000000000 0.00160000000000 
0.00180000000000 0.00170000000000 0.01618661919013 0.01574792770748 0.00130000000000 0.00130000000000 0.00150000000000 0.00140000000000 0.00230000000000 0.00220000000000 0.03403735214750 0.11112274268106 0.00140000000000 0.00140000000000 0.00170000000000 0.00170000000000 0.00190000000000 0.00180000000000 0.01693739382250 0.01640006753388 0.00130000000000 0.00130000000000 0.00150000000000 0.00150000000000 0.00250000000000 0.00240000000000 0.02504424028502 0.02816074802981 0.00150000000000 0.00140000000000 0.00180000000000 0.00170000000000 
0.02669097272969 0.00160000000000 0.00140000000000 0.00110000000000 0.02100553711140 0.00160000000000 0.00140000000000 0.00110000000000 0.03364060983864 0.00170000000000 0.00150000000000 0.00110000000000 0.02212198663586 0.00160000000000 0.00140000000000 0.00110000000000 0.03243428453592 0.00170000000000 0.00150000000000 0.00110000000000 0.02193562808987 0.00160000000000 0.00140000000000 0.00110000000000 0.04922230982467 0.00180000000000 0.00150000000000 0.00120000000000 0.02315846470682 0.00180000000000 0.00150000000000 0.00110000000000 
0.02183564851976 0.04573254919449 0.01873513038084 0.00670000000000 0.01617824310192 0.02428758762776 0.03075518548536 0.01719502388624 0.01966299906338 0.01565397434726 0.00160000000000 0.00130000000000 0.02852147274590 0.01834865269179 0.00200000000000 0.00150000000000 0.03609668966579 0.02247398307370 0.01480826423566 0.00180000000000 0.01742124375211 0.06095389137869 0.01930881780179 0.00700000000000 0.01650240000526 0.00170000000000 0.00140000000000 0.00130000000000 0.02018452022333 0.01577697420455 0.00160000000000 0.00140000000000 
0.10906234744363 0.02250131976328 0.00170000000000 0.00530000000000 0.00170000000000 0.00540000000000 0.00110000000000 0.00110000000000 0.04449651841392 0.02302225724376 0.00170000000000 0.00540000000000 0.00170000000000 0.00540000000000 0.00120000000000 0.00110000000000 0.02667048793095 0.02960669814269 0.01779696190494 0.01504737638758 0.01787877800293 0.01510266505419 0.00130000000000 0.00120000000000 0.02476513484154 0.03119842695274 0.01828910976584 0.01518959086946 0.01830293123290 0.01524858817263 0.00130000000000 0.00130000000000 
0.02142987379345 0.00140000000000 0.04891989732906 0.00150000000000 0.01770126620801 0.00130000000000 0.02174141820434 0.00140000000000 0.01374088968595 0.00120000000000 0.01690104869692 0.00130000000000 0.00190000000000 0.00120000000000 0.01565047425163 0.00120000000000 0.01864260102542 0.00130000000000 0.02472976217746 0.00140000000000 0.01624621951043 0.00120000000000 0.01958817792787 0.00130000000000 0.00630000000000 0.00120000000000 0.01596191025518 0.00130000000000 0.00170000000000 0.00110000000000 0.01535220619504 0.00120000000000 
0.00220000000000 0.02789458510284 0.04764714531673 0.01377938331015 0.00140000000000 0.02274578056794 0.01644725687224 0.02440105309048 0.00150000000000 0.02228047624987 0.02205064356194 0.01815827123077 0.00120000000000 0.00200000000000 0.00170000000000 0.03098165055479 0.00140000000000 0.00390000000000 0.00250000000000 0.00230000000000 0.00120000000000 0.00170000000000 0.00150000000000 0.00630000000000 0.00120000000000 0.00190000000000 0.00160000000000 0.00340000000000 0.00110000000000 0.00140000000000 0.00130000000000 0.00240000000000 
0.02143861305882 0.00160000000000 0.01899280550284 0.00580000000000 0.01709996554277 0.00140000000000 0.01947488751306 0.00220000000000 0.03974369262879 0.01442876564682 0.01875359492018 0.00880000000000 0.02590371531823 0.00180000000000 0.02249438363659 0.00610000000000 0.02249964503121 0.00160000000000 0.01525800979702 0.00300000000000 0.01735788695425 0.00140000000000 0.01644752272136 0.00210000000000 0.04796460079036 0.00220000000000 0.01612859183977 0.00840000000000 0.02976924608046 0.00170000000000 0.01727053198280 0.00640000000000 
0.00160000000000 0.01473220464747 0.00190000000000 0.01369276251890 0.00160000000000 0.00250000000000 0.00190000000000 0.00420000000000 0.01000000000000 0.02150823166909 0.01559967140705 0.03491506855523 0.00660000000000 0.02274258483630 0.01420469874116 0.10593855298171 0.00120000000000 0.00140000000000 0.00130000000000 0.00160000000000 0.00120000000000 0.00140000000000 0.00130000000000 0.00160000000000 0.00130000000000 0.00170000000000 0.00150000000000 0.00210000000000 0.00130000000000 0.00170000000000 0.00150000000000 0.00210000000000 
0.01686472690514 0.03030324970296 0.02357292768102 0.06396678210864 0.01696324566281 0.02627300401647 0.02247335100653 0.04229919410797 0.00200000000000 0.01931678378734 0.01878933598177 0.02458272352950 0.01571552832276 0.01930512201833 0.01833293119255 0.02368408984850 0.00150000000000 0.00640000000000 0.00660000000000 0.01787029619066 0.00160000000000 0.00700000000000 0.00760000000000 0.01785524394249 0.00130000000000 0.00160000000000 0.00150000000000 0.01502316459334 0.00130000000000 0.00170000000000 0.00160000000000 0.01437849173631 
0.00740000000000 0.01646008627034 0.00200000000000 0.00240000000000 0.00150000000000 0.00170000000000 0.00150000000000 0.00160000000000 0.00150000000000 0.00160000000000 0.00150000000000 0.00160000000000 0.00120000000000 0.00130000000000 0.00120000000000 0.00130000000000 0.00590000000000 0.00770000000000 0.00240000000000 0.00600000000000 0.00180000000000 0.00560000000000 0.00160000000000 0.00170000000000 0.00170000000000 0.00200000000000 0.00160000000000 0.00170000000000 0.00130000000000 0.00140000000000 0.00130000000000 0.00130000000000 
0.04014073182900 0.00720000000000 0.01786162012162 0.00170000000000 0.01979822782481 0.00470000000000 0.10191145116410 0.00200000000000 0.10957362555694 0.00320000000000 0.01606398236964 0.00170000000000 0.10319500159029 0.00340000000000 0.01571696149567 0.00200000000000 0.04665972397757 0.00700000000000 0.01818073656967 0.00170000000000 0.02072699321023 0.00750000000000 0.10212436605828 0.00200000000000 0.10844582764703 0.00310000000000 0.01317284234040 0.00170000000000 0.10380714057503 0.00360000000000 0.00840000000000 0.00200000000000 
0.02278206623165 0.00190000000000 0.01927232053188 0.00170000000000 0.03102594682125 0.00180000000000 0.02126457973745 0.00160000000000 0.02162050052033 0.00180000000000 0.01914990041216 0.00170000000000 0.02477022956628 0.00180000000000 0.02056277169475 0.00160000000000 0.01713588318040 0.00160000000000 0.01633193042550 0.00150000000000 0.01938828998800 0.00160000000000 0.01760567779237 0.00150000000000 0.01758934514770 0.00160000000000 0.01676790614833 0.00150000000000 0.00930000000000 0.00150000000000 0.00850000000000 0.00140000000000 
0.01751540613349 0.01782522459762 0.01612420585303 0.01633340427406 0.02159975865763 0.02201887346725 0.01952348008526 0.01982428527547 0.01663751877970 0.01674720034627 0.01578962818160 0.01589528297356 0.01835986958286 0.01854820074892 0.01742655131312 0.01753229301240 0.01929134584186 0.01959434466329 0.01744012185754 0.01766353584135 0.02491755169581 0.02561199085614 0.02172896402021 0.02214539163438 0.01730715603699 0.01741422973633 0.01644123525409 0.01654934568845 0.01917202467656 0.01936496140627 0.01807413286894 0.01826412550159 
0.01649856996915 0.01659887148699 0.01480849238446 0.01488684960480 0.00130000000000 0.00130000000000 0.00130000000000 0.00130000000000 0.00180000000000 0.00180000000000 0.00210000000000 0.00200000000000 0.00120000000000 0.00120000000000 0.00120000000000 0.00120000000000 0.02482288467589 0.02493062836771 0.04019408480028 0.04141042369720 0.00150000000000 0.00150000000000 0.00150000000000 0.00150000000000 0.01863422019279 0.01872706411148 0.01768834599300 0.01778973415116 0.00130000000000 0.00130000000000 0.00130000000000 0.00130000000000 
0.01532155616646 0.00670000000000 0.01713989290825 0.01419116336392 0.01456495504163 0.00650000000000 0.01605395315843 0.00720000000000 0.00170000000000 0.00200000000000 0.00190000000000 0.00230000000000 0.00160000000000 0.00180000000000 0.00180000000000 0.00210000000000 0.02903616698829 0.02286449234530 0.04752403266790 0.02130465022668 0.02441256566764 0.02617350101315 0.03170851545422 0.02292585610371 0.00290000000000 0.00680000000000 0.01443775937463 0.02067956558802 0.00240000000000 0.00640000000000 0.00820000000000 0.00700000000000 
0.01757119239478 0.02009466727947 0.05677436719845 0.11877958589491 0.00210000000000 0.00270000000000 0.01597379167985 0.03211641861018 0.10665860012550 0.10780472798110 0.03381021912195 0.02773670621017 0.10420073568042 0.10551655735097 0.07841729681756 0.04393320831781 0.00150000000000 0.00150000000000 0.00200000000000 0.00650000000000 0.00130000000000 0.00130000000000 0.00150000000000 0.00160000000000 0.01520560086111 0.01704817715867 0.03440939206901 0.03811250196513 0.00160000000000 0.00180000000000 0.00720000000000 0.01396130012512 
0.02255755294969 0.03326642997956 0.03173298256909 0.04315353856745 0.04307938472089 0.02063324451508 0.04621643811944 0.03543178080046 0.01864434852866 0.02148611376606 0.02480455845447 0.02858108314631 0.01701840334616 0.02245932886175 0.02507451705360 0.03282656518078 0.07499908707379 0.03219871047059 0.06582641237548 0.05116236428118 0.02062080856012 0.01780620627485 0.03164811288893 0.02541857487363 0.02552134902023 0.03594207193190 0.03275353079223 0.04351114547974 0.04163489856293 0.02405972609254 0.04573915134936 0.03773125736517 
0.02266180239052 0.01767666123253 0.02379411634562 0.02058537766336 0.01981606856785 0.01488608739994 0.11328779200024 0.10615846694991 0.00680000000000 0.00250000000000 0.00170000000000 0.00170000000000 0.02258627522914 0.02081187097661 0.10316357259816 0.01664187919704 0.10921026716485 0.10240126995041 0.10234438332313 0.10327253324674 0.01608664026831 0.00680000000000 0.10191913681852 0.02068069895074 0.01718409123570 0.00760000000000 0.02088121569978 0.01790775873545 0.02019243474522 0.00760000000000 0.10328433547100 0.02084914432227 
0.02153928567114 0.01420941674050 0.01838622847598 0.10697157079426 0.05247822623277 0.06302169248775 0.01654744144389 0.10746015579213 0.00160000000000 0.00130000000000 0.01624487787273 0.01826442674770 0.00240000000000 0.00150000000000 0.02351450317796 0.02777155315061 0.04290085242011 0.02497956137136 0.02211274636315 0.10709626791316 0.03408568337882 0.03841584136666 0.01891327195367 0.08334276925185 0.00190000000000 0.00140000000000 0.03814194611139 0.02505769651770 0.02270005320365 0.00170000000000 0.02337276401824 0.04502176049307 
0.01554050612235 0.00170000000000 0.00150000000000 0.00130000000000 0.00170000000000 0.00130000000000 0.00130000000000 0.00110000000000 0.01330450954969 0.00160000000000 0.00150000000000 0.00130000000000 0.00160000000000 0.00130000000000 0.00130000000000 0.00110000000000 0.01834848697208 0.00190000000000 0.00170000000000 0.00130000000000 0.00180000000000 0.00140000000000 0.00130000000000 0.00120000000000 0.01541561216249 0.00180000000000 0.00160000000000 0.00130000000000 0.00180000000000 0.00140000000000 0.00130000000000 0.00120000000000 
0.01846124320515 0.02255853093168 0.03922019932028 0.02131539967811 0.01619699544807 0.02224107353875 0.02506478419005 0.02098632919325 0.01919779379592 0.02595593579151 0.03718212240324 0.02438873897960 0.00240000000000 0.02595226016280 0.02813227002945 0.02438392678706 0.01877745451532 0.02326732668109 0.03693657915639 0.02195058551224 0.01663380525262 0.02288231780434 0.02519990542850 0.02171568598433 0.01972738289317 0.02688387688092 0.03580021114000 0.02531461839610 0.00230000000000 0.02698647769361 0.02796129476678 0.02551073440768 
0.01674915636936 0.10345256218598 0.00190000000000 0.00620000000000 0.01611764734936 0.07083001266501 0.00210000000000 0.00660000000000 0.01817379867353 0.10241844499485 0.00170000000000 0.00630000000000 0.01762569187345 0.10199939181506 0.00190000000000 0.00650000000000 0.01679172818275 0.04762160892934 0.00190000000000 0.00610000000000 0.01596502818704 0.05163377991959 0.00210000000000 0.00650000000000 0.01863920726000 0.10611627565539 0.00170000000000 0.00610000000000 0.01788348391665 0.10496833875890 0.00190000000000 0.00640000000000 
0.00150000000000 0.00150000000000 0.00140000000000 0.00140000000000 0.00150000000000 0.00150000000000 0.00140000000000 0.00140000000000 0.00130000000000 0.00130000000000 0.00130000000000 0.00130000000000 0.00140000000000 0.00140000000000 0.00130000000000 0.00130000000000 0.00140000000000 0.00140000000000 0.00130000000000 0.00130000000000 0.00150000000000 0.00150000000000 0.00140000000000 0.00140000000000 0.00130000000000 0.00130000000000 0.00120000000000 0.00120000000000 0.00140000000000 0.00140000000000 0.00130000000000 0.00130000000000 
0.02481829075025 0.02480369092766 0.02463105796958 0.02478651076615 0.07680091681156 0.10412322619746 0.10347363385715 0.10337061063797 0.11842031821411 0.11018652360617 0.11162110646930 0.10672129072508 0.02616777220670 0.03356912092360 0.03416349272777 0.10276926973374 0.03147774217814 0.02944893952432 0.03017587675889 0.02873006045776 0.08613648076025 0.10307864168509 0.10283718806667 0.10415528418193 0.10553926188447 0.12044129989455 0.10754950050375 0.12772895871697 0.01728759988996 0.01787020976145 0.01759223136622 0.02589305440389 
0.00150000000000 0.00150000000000 0.00130000000000 0.00130000000000 0.00180000000000 0.00210000000000 0.00140000000000 0.00150000000000 0.00130000000000 0.00130000000000 0.00120000000000 0.00120000000000 0.00140000000000 0.00150000000000 0.00130000000000 0.00130000000000 0.00180000000000 0.00210000000000 0.00140000000000 0.00150000000000 0.01409034269381 0.01647515656326 0.00170000000000 0.00190000000000 0.00140000000000 0.00150000000000 0.00130000000000 0.00130000000000 0.00170000000000 0.00190000000000 0.00140000000000 0.00150000000000 
0.01564220593425 0.01610642508533 0.01427233582114 0.01471127183049 0.00150000000000 0.00150000000000 0.00140000000000 0.00140000000000 0.00120000000000 0.00120000000000 0.00120000000000 0.00120000000000 0.00110000000000 0.00110000000000 0.00110000000000 0.00110000000000 0.00170000000000 0.00180000000000 0.00150000000000 0.00160000000000 0.00130000000000 0.00130000000000 0.00120000000000 0.00130000000000 0.00110000000000 0.00110000000000 0.00110000000000 0.00110000000000 0.00110000000000 0.00110000000000 0.00100000000000 0.00100000000000 
0.02543953225894 0.10607214724182 0.02898151335777 0.11721034878956 0.02257797761903 0.11078816960242 0.02393954520117 0.10727333550834 0.02468651751530 0.04862069465076 0.02669032859524 0.11205438589095 0.02266358343263 0.03680385633652 0.02386650437868 0.04803632663895 0.02559751403292 0.11598574949036 0.03105304914478 0.10543113460796 0.02245422637082 0.11187991429097 0.02421446533819 0.13796734088109 0.02476732727974 0.05210971553726 0.02737295156178 0.12959254016533 0.02263458721530 0.03740496776644 0.02404156249626 0.05512950511435 
0.00170000000000 0.00200000000000 0.00120000000000 0.00120000000000 0.00130000000000 0.00140000000000 0.00110000000000 0.00110000000000 0.01530799438534 0.01808150642471 0.00130000000000 0.00130000000000 0.00150000000000 0.00160000000000 0.00110000000000 0.00110000000000 0.01711315909850 0.02057781434272 0.00130000000000 0.00140000000000 0.00150000000000 0.00170000000000 0.00110000000000 0.00120000000000 0.02678804848424 0.05440638148496 0.00150000000000 0.00190000000000 0.00200000000000 0.01422723392457 0.00120000000000 0.00130000000000 
0.02492690759302 0.00160000000000 0.02427836418133 0.00170000000000 0.02418779068292 0.00520000000000 0.02229379992151 0.00800000000000 0.02348705617064 0.00160000000000 0.02345174014769 0.00170000000000 0.02367127594617 0.00520000000000 0.02187620601841 0.00780000000000 0.01831881799069 0.00150000000000 0.02025299495245 0.00500000000000 0.01998173530886 0.00460000000000 0.01815703027931 0.00720000000000 0.01831238189661 0.00150000000000 0.02013490562784 0.00490000000000 0.02007374764624 0.00460000000000 0.01795954086570 0.00710000000000 
0.00210000000000 0.00200000000000 0.00180000000000 0.00190000000000 0.00720000000000 0.00200000000000 0.00170000000000 0.00170000000000 0.00620000000000 0.00200000000000 0.00170000000000 0.00170000000000 0.01460385580688 0.00600000000000 0.00160000000000 0.00160000000000 0.01948989418916 0.01788439970219 0.00310000000000 0.00480000000000 0.01925508799808 0.01810267727129 0.00250000000000 0.00260000000000 0.01737940656562 0.01605004985225 0.00240000000000 0.00250000000000 0.01767235156124 0.01665724300932 0.00220000000000 0.00220000000000 
0.02040248300990 0.04511438322564 0.00200000000000 0.03077399575614 0.00190000000000 0.03913753506988 0.00140000000000 0.01371951893657 0.00130000000000 0.01648513150420 0.00120000000000 0.00160000000000 0.00120000000000 0.00150000000000 0.00110000000000 0.00120000000000 0.00170000000000 0.02732065017959 0.00130000000000 0.00630000000000 0.00130000000000 0.01448909492537 0.00120000000000 0.00140000000000 0.00110000000000 0.00140000000000 0.00110000000000 0.00120000000000 0.00110000000000 0.00120000000000 0.00100000000000 0.00110000000000 
0.00170000000000 0.00170000000000 0.00160000000000 0.00160000000000 0.00160000000000 0.00160000000000 0.00150000000000 0.00150000000000 0.02822505555851 0.02684568350507 0.01998051607955 0.01987527935460 0.02304448432670 0.02262235390914 0.01853623474777 0.01861949711136 0.01901571669640 0.01889919324024 0.01678108927995 0.01687880565851 0.01724577683123 0.01724250588550 0.01592032153892 0.01602539251559 0.01996611702741 0.02236107667771 0.04112734689851 0.10549317226086 0.02206450379955 0.02555274752641 0.10345423553724 0.06671728136055 
0.00140000000000 0.00130000000000 0.00130000000000 0.00120000000000 0.00110000000000 0.00110000000000 0.00110000000000 0.00110000000000 0.00120000000000 0.00110000000000 0.00110000000000 0.00110000000000 0.00110000000000 0.00100000000000 0.00100000000000 0.00100000000000 0.00110000000000 0.00110000000000 0.00110000000000 0.00110000000000 0.00100000000000 0.00100000000000 0.00100000000000 0.00100000000000 0.00100000000000 0.00100000000000 0.00100000000000 0.00100000000000 0.00100000000000 0.00100000000000 0.00100000000000 0.00100000000000 
0.00150000000000 0.01752447973145 0.00130000000000 0.00190000000000 0.01703229451975 0.02634527236256 0.00200000000000 0.02495447966991 0.00820000000000 0.01618854802690 0.00260000000000 0.02408581163128 0.01565420753115 0.00150000000000 0.02121971494881 0.00210000000000 0.00180000000000 0.02758416742198 0.00140000000000 0.00600000000000 0.02926374364461 0.01697292166972 0.00610000000000 0.02374895240025 0.01854008899648 0.00170000000000 0.00590000000000 0.01535323675598 0.00170000000000 0.00130000000000 0.01360209067240 0.00140000000000 
0.00160000000000 0.01480945831139 0.02770515590195 0.10692680137442 0.00110000000000 0.00120000000000 0.00140000000000 0.00180000000000 0.00150000000000 0.01392798319972 0.02294115475425 0.10602631929764 0.00110000000000 0.00120000000000 0.00140000000000 0.00170000000000 0.00710000000000 0.02404290213171 0.10353193709281 0.00240000000000 0.00120000000000 0.00140000000000 0.00180000000000 0.00860000000000 0.00680000000000 0.02093204810923 0.10551358573063 0.00670000000000 0.00120000000000 0.00140000000000 0.00170000000000 0.00710000000000 
0.02093167271710 0.00160000000000 0.02360206813247 0.00560000000000 0.01671150530552 0.00140000000000 0.01839571709925 0.00190000000000 0.00140000000000 0.00120000000000 0.00200000000000 0.00130000000000 0.00130000000000 0.00110000000000 0.00160000000000 0.00120000000000 0.00200000000000 0.00130000000000 0.00750000000000 0.00160000000000 0.00150000000000 0.00120000000000 0.00610000000000 0.00130000000000 0.00120000000000 0.00110000000000 0.00140000000000 0.00120000000000 0.00110000000000 0.00100000000000 0.00130000000000 0.00110000000000 
0.00180000000000 0.00700000000000 0.00280000000000 0.02267811998512 0.00140000000000 0.00190000000000 0.00160000000000 0.00330000000000 0.02305741000899 0.01842518440796 0.02236846163135 0.00180000000000 0.00690000000000 0.01901990345142 0.01713505158483 0.01507339627919 0.00150000000000 0.00240000000000 0.00180000000000 0.00640000000000 0.00120000000000 0.00160000000000 0.00140000000000 0.00210000000000 0.01634223009760 0.03298696843575 0.02782532255419 0.01491255728437 0.00170000000000 0.00620000000000 0.00240000000000 0.02527772309500 
0.00170000000000 0.00270000000000 0.00150000000000 0.00210000000000 0.00200000000000 0.00700000000000 0.00170000000000 0.00260000000000 0.00140000000000 0.00170000000000 0.00130000000000 0.00160000000000 0.00150000000000 0.00190000000000 0.00140000000000 0.00170000000000 0.00150000000000 0.00210000000000 0.00140000000000 0.00180000000000 0.00160000000000 0.00250000000000 0.00150000000000 0.00210000000000 0.00130000000000 0.00160000000000 0.00120000000000 0.00140000000000 0.00140000000000 0.00170000000000 0.00130000000000 0.00160000000000 
0.01605938718731 0.00160000000000 0.01724874090829 0.00170000000000 0.00130000000000 0.00110000000000 0.00130000000000 0.00110000000000 0.01735290230473 0.00160000000000 0.01873104150969 0.00170000000000 0.00130000000000 0.00110000000000 0.00130000000000 0.00110000000000 0.01532712171246 0.00150000000000 0.01639328637786 0.00160000000000 0.00120000000000 0.00110000000000 0.00130000000000 0.00110000000000 0.01659691302506 0.00160000000000 0.01778241189758 0.00170000000000 0.00120000000000 0.00110000000000 0.00130000000000 0.00110000000000 
0.01661183747818 0.01649203326599 0.03620987946312 0.03831786352886 0.02131409444398 0.02110141016422 0.12148133843233 0.12249334697200 0.01500092453041 0.01489207462566 0.05730740100714 0.05040458614897 0.01912998753935 0.01892999611719 0.12269145530524 0.12297044443447 0.00170000000000 0.00170000000000 0.01840939223377 0.01810818583939 0.01496639446476 0.01494818765054 0.02412426614128 0.02371843515060 0.00150000000000 0.00150000000000 0.01616545455955 0.01596528221973 0.00170000000000 0.00170000000000 0.02088720469099 0.02067600140694 
0.00150000000000 0.00110000000000 0.00150000000000 0.00110000000000 0.00130000000000 0.00110000000000 0.00130000000000 0.00110000000000 0.00870000000000 0.00140000000000 0.00790000000000 0.00140000000000 0.00240000000000 0.00120000000000 0.00210000000000 0.00120000000000 0.00170000000000 0.00120000000000 0.00160000000000 0.00120000000000 0.00140000000000 0.00110000000000 0.00130000000000 0.00110000000000 0.02168481536502 0.00150000000000 0.01868161745255 0.00150000000000 0.00680000000000 0.00130000000000 0.00670000000000 0.00130000000000 
0.01998663090378 0.01653766928516 0.00150000000000 0.00150000000000 0.01446762761118 0.00210000000000 0.00130000000000 0.00130000000000 0.02099914577429 0.01841397136429 0.00150000000000 0.00140000000000 0.01616355734637 0.00210000000000 0.00130000000000 0.00130000000000 0.02576194813540 0.02072524523874 0.00170000000000 0.00160000000000 0.01596506086789 0.01382386545189 0.00140000000000 0.00140000000000 0.02454061870312 0.02131870927083 0.00170000000000 0.00160000000000 0.01767636590897 0.01551356839271 0.00140000000000 0.00130000000000 
0.00140000000000 0.00120000000000 0.00120000000000 0.00110000000000 0.00150000000000 0.00120000000000 0.00130000000000 0.00110000000000 0.00130000000000 0.00110000000000 0.00120000000000 0.00110000000000 0.00130000000000 0.00110000000000 0.00120000000000 0.00110000000000 0.02473832847142 0.00170000000000 0.01583961694709 0.00140000000000 0.02533630296972 0.00170000000000 0.01507868302403 0.00140000000000 0.01766726719114 0.00140000000000 0.00170000000000 0.00120000000000 0.01683907269971 0.00140000000000 0.00180000000000 0.00130000000000 
0.01779353764763 0.00130000000000 0.01995104718852 0.00120000000000 0.00160000000000 0.00110000000000 0.00150000000000 0.00110000000000 0.08117489146115 0.01561724436170 0.11458687257554 0.01819562820055 0.02838608696748 0.00140000000000 0.02593267273965 0.00130000000000 0.01471843998012 0.00120000000000 0.01717039077171 0.00120000000000 0.00140000000000 0.00110000000000 0.00140000000000 0.00110000000000 0.08521897521934 0.00200000000000 0.11094516189790 0.01595031012254 0.01971362647520 0.00130000000000 0.02092659387331 0.00130000000000 
0.01842548049918 0.02037990997505 0.03060638065793 0.10644329925305 0.02214662307443 0.02267591308605 0.02314449722409 0.11352021897596 0.01987488989441 0.02151939869942 0.08480020916611 0.10722663000444 0.02513898780478 0.02412368483350 0.02453470922542 0.13314280084572 0.02830544319632 0.02522984263167 0.02135169225937 0.10890691158810 0.05930463435934 0.02974789564269 0.02017175865789 0.09980131087886 0.03630078563304 0.02728390559325 0.02202674328702 0.10727944702660 0.12879964534010 0.03393374186337 0.02084150537617 0.10043208056874 
0.01520545284685 0.01777271051279 0.02317864681702 0.04766529176534 0.00170000000000 0.00630000000000 0.01474467447622 0.01676295205880 0.00120000000000 0.00130000000000 0.00140000000000 0.00150000000000 0.00110000000000 0.00120000000000 0.00120000000000 0.00130000000000 0.01477798992754 0.01711543552325 0.02203967704111 0.04378957355212 0.00170000000000 0.00630000000000 0.01379814970180 0.01622390952960 0.00120000000000 0.00130000000000 0.00130000000000 0.00140000000000 0.00110000000000 0.00120000000000 0.00120000000000 0.00130000000000 
0.01423332556467 0.00180000000000 0.10697683216212 0.02314959146316 0.00170000000000 0.00150000000000 0.02094977257608 0.00240000000000 0.00150000000000 0.00140000000000 0.00230000000000 0.00190000000000 0.00140000000000 0.00130000000000 0.00180000000000 0.00160000000000 0.01489766328784 0.00200000000000 0.10767524772015 0.10228355264080 0.00190000000000 0.00160000000000 0.02736180605857 0.01747965182532 0.00160000000000 0.00150000000000 0.00260000000000 0.00210000000000 0.00140000000000 0.00130000000000 0.00190000000000 0.00170000000000 
0.00190000000000 0.00130000000000 0.00140000000000 0.00120000000000 0.00190000000000 0.00130000000000 0.00140000000000 0.00120000000000 0.01621320065904 0.00150000000000 0.00170000000000 0.00120000000000 0.01599171972226 0.00150000000000 0.00160000000000 0.00120000000000 0.01615442945387 0.00140000000000 0.00150000000000 0.00120000000000 0.01603211152461 0.00140000000000 0.00150000000000 0.00120000000000 0.02080426995889 0.00160000000000 0.00210000000000 0.00130000000000 0.02059181997263 0.00160000000000 0.00190000000000 0.00130000000000 
0.03122724359510 0.00170000000000 0.02410857538373 0.00150000000000 0.01672318788212 0.01959933790226 0.00200000000000 0.00210000000000 0.02272859462932 0.00140000000000 0.00370000000000 0.00140000000000 0.00230000000000 0.00180000000000 0.00190000000000 0.00170000000000 0.01643626658007 0.00120000000000 0.00230000000000 0.00120000000000 0.04052533644087 0.00150000000000 0.03002950977813 0.00140000000000 0.00200000000000 0.00120000000000 0.00170000000000 0.00110000000000 0.00760000000000 0.00130000000000 0.00290000000000 0.00130000000000 
0.01821082282660 0.00200000000000 0.02247323375283 0.00240000000000 0.01844118606614 0.00200000000000 0.02266118218750 0.00250000000000 0.00190000000000 0.00150000000000 0.01424298071182 0.00160000000000 0.00190000000000 0.00150000000000 0.01446610867737 0.00160000000000 0.00180000000000 0.00150000000000 0.00200000000000 0.00160000000000 0.00180000000000 0.00150000000000 0.00200000000000 0.00160000000000 0.00140000000000 0.00130000000000 0.00150000000000 0.00130000000000 0.00140000000000 0.00130000000000 0.00150000000000 0.00130000000000 
0.00160000000000 0.00110000000000 0.00180000000000 0.00110000000000 0.00130000000000 0.00100000000000 0.00130000000000 0.00110000000000 0.00140000000000 0.00110000000000 0.00140000000000 0.00110000000000 0.00120000000000 0.00100000000000 0.00120000000000 0.00100000000000 0.00140000000000 0.00110000000000 0.00140000000000 0.00110000000000 0.00120000000000 0.00100000000000 0.00120000000000 0.00100000000000 0.00120000000000 0.00100000000000 0.00130000000000 0.00100000000000 0.00110000000000 0.00100000000000 0.00110000000000 0.00100000000000 
0.01423764310420 0.00940000000000 0.00190000000000 0.00170000000000 0.01936594099081 0.01557338734527 0.01397275789127 0.01315166482083 0.01662572707617 0.00900000000000 0.00240000000000 0.01000000000000 0.02493159605238 0.01806401489013 0.02019724735854 0.01651606422701 0.04628417484729 0.01906839710716 0.02179378265166 0.01733408447709 0.02191422024735 0.02553904030354 0.00630000000000 0.02732676295311 0.12276023364006 0.02174887798065 0.10223420973262 0.02016741933463 0.02338959953371 0.03041831690805 0.00790000000000 0.05514947444377 
0.00220000000000 0.00150000000000 0.00130000000000 0.00120000000000 0.00200000000000 0.00150000000000 0.00130000000000 0.00110000000000 0.00200000000000 0.00150000000000 0.00130000000000 0.00120000000000 0.00190000000000 0.00150000000000 0.00130000000000 0.00110000000000 0.00670000000000 0.00150000000000 0.00130000000000 0.00120000000000 0.00210000000000 0.00150000000000 0.00130000000000 0.00120000000000 0.00200000000000 0.00150000000000 0.00130000000000 0.00120000000000 0.00190000000000 0.00150000000000 0.00130000000000 0.00120000000000 
0.00200000000000 0.00140000000000 0.00700000000000 0.00150000000000 0.00140000000000 0.00120000000000 0.00150000000000 0.00120000000000 0.00180000000000 0.00140000000000 0.00210000000000 0.00150000000000 0.00140000000000 0.00120000000000 0.00150000000000 0.00130000000000 0.02224067918610 0.00200000000000 0.03088307944588 0.00250000000000 0.00210000000000 0.00140000000000 0.00520000000000 0.00150000000000 0.01620561892964 0.00190000000000 0.04418838898148 0.00230000000000 0.00200000000000 0.00150000000000 0.00230000000000 0.00160000000000 
0.01714696436652 0.01958139243918 0.01412456932653 0.00280000000000 0.01425257728774 0.00700000000000 0.00180000000000 0.00200000000000 0.01597068141845 0.01505127025930 0.00190000000000 0.00210000000000 0.00200000000000 0.00220000000000 0.00160000000000 0.00170000000000 0.00140000000000 0.00150000000000 0.00130000000000 0.00140000000000 0.00130000000000 0.00140000000000 0.00120000000000 0.00130000000000 0.00130000000000 0.00140000000000 0.00120000000000 0.00130000000000 0.00120000000000 0.00130000000000 0.00120000000000 0.00120000000000 
M_out
1 1 1 1 1 0 0 0 0 0 0 0 0 0 0 0 0 0 0 0 0 0 0 0 0 0 0 0 0 0 0 0 0 0 0 0 0 0 0 0 0 0 0 0 0 0 0 0 0 0 0 0 0 0 0 0 0 0 0 0 0 0 0 0 0 0 0 0 0 0 0 0 0 0 0 0 0 0 0 0 0 0 0 0 0 0 0 0 0 0 0 0 0 0 0 0 0 0 0 0 
0 1 1 1 1 1 0 0 0 0 0 0 0 0 0 0 0 0 0 0 0 0 0 0 0 0 0 0 0 0 0 0 0 0 0 0 0 0 0 0 0 0 0 0 0 0 0 0 0 0 0 0 0 0 0 0 0 0 0 0 0 0 0 0 0 0 0 0 0 0 0 0 0 0 0 0 0 0 0 0 0 0 0 0 0 0 0 0 0 0 0 0 0 0 0 0 0 0 0 0 
0 0 1 1 1 1 1 0 0 0 0 0 0 0 0 0 0 0 0 0 0 0 0 0 0 0 0 0 0 0 0 0 0 0 0 0 0 0 0 0 0 0 0 0 0 0 0 0 0 0 0 0 0 0 0 0 0 0 0 0 0 0 0 0 0 0 0 0 0 0 0 0 0 0 0 0 0 0 0 0 0 0 0 0 0 0 0 0 0 0 0 0 0 0 0 0 0 0 0 0 
0 0 0 1 1 1 1 1 0 0 0 0 0 0 0 0 0 0 0 0 0 0 0 0 0 0 0 0 0 0 0 0 0 0 0 0 0 0 0 0 0 0 0 0 0 0 0 0 0 0 0 0 0 0 0 0 0 0 0 0 0 0 0 0 0 0 0 0 0 0 0 0 0 0 0 0 0 0 0 0 0 0 0 0 0 0 0 0 0 0 0 0 0 0 0 0 0 0 0 0 
0 0 0 0 1 1 1 1 1 0 0 0 0 0 0 0 0 0 0 0 0 0 0 0 0 0 0 0 0 0 0 0 0 0 0 0 0 0 0 0 0 0 0 0 0 0 0 0 0 0 0 0 0 0 0 0 0 0 0 0 0 0 0 0 0 0 0 0 0 0 0 0 0 0 0 0 0 0 0 0 0 0 0 0 0 0 0 0 0 0 0 0 0 0 0 0 0 0 0 0 
0 0 0 0 0 1 1 1 1 1 0 0 0 0 0 0 0 0 0 0 0 0 0 0 0 0 0 0 0 0 0 0 0 0 0 0 0 0 0 0 0 0 0 0 0 0 0 0 0 0 0 0 0 0 0 0 0 0 0 0 0 0 0 0 0 0 0 0 0 0 0 0 0 0 0 0 0 0 0 0 0 0 0 0 0 0 0 0 0 0 0 0 0 0 0 0 0 0 0 0 
0 0 0 0 0 0 1 1 1 1 1 0 0 0 0 0 0 0 0 0 0 0 0 0 0 0 0 0 0 0 0 0 0 0 0 0 0 0 0 0 0 0 0 0 0 0 0 0 0 0 0 0 0 0 0 0 0 0 0 0 0 0 0 0 0 0 0 0 0 0 0 0 0 0 0 0 0 0 0 0 0 0 0 0 0 0 0 0 0 0 0 0 0 0 0 0 0 0 0 0 
0 0 0 0 0 0 0 1 1 1 1 1 0 0 0 0 0 0 0 0 0 0 0 0 0 0 0 0 0 0 0 0 0 0 0 0 0 0 0 0 0 0 0 0 0 0 0 0 0 0 0 0 0 0 0 0 0 0 0 0 0 0 0 0 0 0 0 0 0 0 0 0 0 0 0 0 0 0 0 0 0 0 0 0 0 0 0 0 0 0 0 0 0 0 0 0 0 0 0 0 
0 0 0 0 0 0 0 0 1 1 1 1 1 0 0 0 0 0 0 0 0 0 0 0 0 0 0 0 0 0 0 0 0 0 0 0 0 0 0 0 0 0 0 0 0 0 0 0 0 0 0 0 0 0 0 0 0 0 0 0 0 0 0 0 0 0 0 0 0 0 0 0 0 0 0 0 0 0 0 0 0 0 0 0 0 0 0 0 0 0 0 0 0 0 0 0 0 0 0 0 
0 0 0 0 0 0 0 0 0 1 1 1 1 1 0 0 0 0 0 0 0 0 0 0 0 0 0 0 0 0 0 0 0 0 0 0 0 0 0 0 0 0 0 0 0 0 0 0 0 0 0 0 0 0 0 0 0 0 0 0 0 0 0 0 0 0 0 0 0 0 0 0 0 0 0 0 0 0 0 0 0 0 0 0 0 0 0 0 0 0 0 0 0 0 0 0 0 0 0 0 
0 0 0 0 0 0 0 0 0 0 1 1 1 1 1 0 0 0 0 0 0 0 0 0 0 0 0 0 0 0 0 0 0 0 0 0 0 0 0 0 0 0 0 0 0 0 0 0 0 0 0 0 0 0 0 0 0 0 0 0 0 0 0 0 0 0 0 0 0 0 0 0 0 0 0 0 0 0 0 0 0 0 0 0 0 0 0 0 0 0 0 0 0 0 0 0 0 0 0 0 
0 0 0 0 0 0 0 0 0 0 0 1 1 1 1 1 0 0 0 0 0 0 0 0 0 0 0 0 0 0 0 0 0 0 0 0 0 0 0 0 0 0 0 0 0 0 0 0 0 0 0 0 0 0 0 0 0 0 0 0 0 0 0 0 0 0 0 0 0 0 0 0 0 0 0 0 0 0 0 0 0 0 0 0 0 0 0 0 0 0 0 0 0 0 0 0 0 0 0 0 
0 0 0 0 0 0 0 0 0 0 0 0 1 1 1 1 1 0 0 0 0 0 0 0 0 0 0 0 0 0 0 0 0 0 0 0 0 0 0 0 0 0 0 0 0 0 0 0 0 0 0 0 0 0 0 0 0 0 0 0 0 0 0 0 0 0 0 0 0 0 0 0 0 0 0 0 0 0 0 0 0 0 0 0 0 0 0 0 0 0 0 0 0 0 0 0 0 0 0 0 
0 0 0 0 0 0 0 0 0 0 0 0 0 1 1 1 1 1 0 0 0 0 0 0 0 0 0 0 0 0 0 0 0 0 0 0 0 0 0 0 0 0 0 0 0 0 0 0 0 0 0 0 0 0 0 0 0 0 0 0 0 0 0 0 0 0 0 0 0 0 0 0 0 0 0 0 0 0 0 0 0 0 0 0 0 0 0 0 0 0 0 0 0 0 0 0 0 0 0 0 
0 0 0 0 0 0 0 0 0 0 0 0 0 0 1 1 1 1 1 0 0 0 0 0 0 0 0 0 0 0 0 0 0 0 0 0 0 0 0 0 0 0 0 0 0 0 0 0 0 0 0 0 0 0 0 0 0 0 0 0 0 0 0 0 0 0 0 0 0 0 0 0 0 0 0 0 0 0 0 0 0 0 0 0 0 0 0 0 0 0 0 0 0 0 0 0 0 0 0 0 
0 0 0 0 0 0 0 0 0 0 0 0 0 0 0 1 1 1 1 1 0 0 0 0 0 0 0 0 0 0 0 0 0 0 0 0 0 0 0 0 0 0 0 0 0 0 0 0 0 0 0 0 0 0 0 0 0 0 0 0 0 0 0 0 0 0 0 0 0 0 0 0 0 0 0 0 0 0 0 0 0 0 0 0 0 0 0 0 0 0 0 0 0 0 0 0 0 0 0 0 
0 0 0 0 0 0 0 0 0 0 0 0 0 0 0 0 1 1 1 1 1 0 0 0 0 0 0 0 0 0 0 0 0 0 0 0 0 0 0 0 0 0 0 0 0 0 0 0 0 0 0 0 0 0 0 0 0 0 0 0 0 0 0 0 0 0 0 0 0 0 0 0 0 0 0 0 0 0 0 0 0 0 0 0 0 0 0 0 0 0 0 0 0 0 0 0 0 0 0 0 
0 0 0 0 0 0 0 0 0 0 0 0 0 0 0 0 0 1 1 1 1 1 0 0 0 0 0 0 0 0 0 0 0 0 0 0 0 0 0 0 0 0 0 0 0 0 0 0 0 0 0 0 0 0 0 0 0 0 0 0 0 0 0 0 0 0 0 0 0 0 0 0 0 0 0 0 0 0 0 0 0 0 0 0 0 0 0 0 0 0 0 0 0 0 0 0 0 0 0 0 
0 0 0 0 0 0 0 0 0 0 0 0 0 0 0 0 0 0 1 1 1 1 1 0 0 0 0 0 0 0 0 0 0 0 0 0 0 0 0 0 0 0 0 0 0 0 0 0 0 0 0 0 0 0 0 0 0 0 0 0 0 0 0 0 0 0 0 0 0 0 0 0 0 0 0 0 0 0 0 0 0 0 0 0 0 0 0 0 0 0 0 0 0 0 0 0 0 0 0 0 
0 0 0 0 0 0 0 0 0 0 0 0 0 0 0 0 0 0 0 1 1 1 1 1 0 0 0 0 0 0 0 0 0 0 0 0 0 0 0 0 0 0 0 0 0 0 0 0 0 0 0 0 0 0 0 0 0 0 0 0 0 0 0 0 0 0 0 0 0 0 0 0 0 0 0 0 0 0 0 0 0 0 0 0 0 0 0 0 0 0 0 0 0 0 0 0 0 0 0 0 
0 0 0 0 0 0 0 0 0 0 0 0 0 0 0 0 0 0 0 0 1 1 1 1 1 0 0 0 0 0 0 0 0 0 0 0 0 0 0 0 0 0 0 0 0 0 0 0 0 0 0 0 0 0 0 0 0 0 0 0 0 0 0 0 0 0 0 0 0 0 0 0 0 0 0 0 0 0 0 0 0 0 0 0 0 0 0 0 0 0 0 0 0 0 0 0 0 0 0 0 
0 0 0 0 0 0 0 0 0 0 0 0 0 0 0 0 0 0 0 0 0 1 1 1 1 1 0 0 0 0 0 0 0 0 0 0 0 0 0 0 0 0 0 0 0 0 0 0 0 0 0 0 0 0 0 0 0 0 0 0 0 0 0 0 0 0 0 0 0 0 0 0 0 0 0 0 0 0 0 0 0 0 0 0 0 0 0 0 0 0 0 0 0 0 0 0 0 0 0 0 
0 0 0 0 0 0 0 0 0 0 0 0 0 0 0 0 0 0 0 0 0 0 1 1 1 1 1 0 0 0 0 0 0 0 0 0 0 0 0 0 0 0 0 0 0 0 0 0 0 0 0 0 0 0 0 0 0 0 0 0 0 0 0 0 0 0 0 0 0 0 0 0 0 0 0 0 0 0 0 0 0 0 0 0 0 0 0 0 0 0 0 0 0 0 0 0 0 0 0 0 
0 0 0 0 0 0 0 0 0 0 0 0 0 0 0 0 0 0 0 0 0 0 0 1 1 1 1 1 0 0 0 0 0 0 0 0 0 0 0 0 0 0 0 0 0 0 0 0 0 0 0 0 0 0 0 0 0 0 0 0 0 0 0 0 0 0 0 0 0 0 0 0 0 0 0 0 0 0 0 0 0 0 0 0 0 0 0 0 0 0 0 0 0 0 0 0 0 0 0 0 
0 0 0 0 0 0 0 0 0 0 0 0 0 0 0 0 0 0 0 0 0 0 0 0 1 1 1 1 1 0 0 0 0 0 0 0 0 0 0 0 0 0 0 0 0 0 0 0 0 0 0 0 0 0 0 0 0 0 0 0 0 0 0 0 0 0 0 0 0 0 0 0 0 0 0 0 0 0 0 0 0 0 0 0 0 0 0 0 0 0 0 0 0 0 0 0 0 0 0 0 
0 0 0 0 0 0 0 0 0 0 0 0 0 0 0 0 0 0 0 0 0 0 0 0 0 1 1 1 1 1 0 0 0 0 0 0 0 0 0 0 0 0 0 0 0 0 0 0 0 0 0 0 0 0 0 0 0 0 0 0 0 0 0 0 0 0 0 0 0 0 0 0 0 0 0 0 0 0 0 0 0 0 0 0 0 0 0 0 0 0 0 0 0 0 0 0 0 0 0 0 
0 0 0 0 0 0 0 0 0 0 0 0 0 0 0 0 0 0 0 0 0 0 0 0 0 0 1 1 1 1 1 0 0 0 0 0 0 0 0 0 0 0 0 0 0 0 0 0 0 0 0 0 0 0 0 0 0 0 0 0 0 0 0 0 0 0 0 0 0 0 0 0 0 0 0 0 0 0 0 0 0 0 0 0 0 0 0 0 0 0 0 0 0 0 0 0 0 0 0 0 
0 0 0 0 0 0 0 0 0 0 0 0 0 0 0 0 0 0 0 0 0 0 0 0 0 0 0 1 1 1 1 1 0 0 0 0 0 0 0 0 0 0 0 0 0 0 0 0 0 0 0 0 0 0 0 0 0 0 0 0 0 0 0 0 0 0 0 0 0 0 0 0 0 0 0 0 0 0 0 0 0 0 0 0 0 0 0 0 0 0 0 0 0 0 0 0 0 0 0 0 
0 0 0 0 0 0 0 0 0 0 0 0 0 0 0 0 0 0 0 0 0 0 0 0 0 0 0 0 1 1 1 1 1 0 0 0 0 0 0 0 0 0 0 0 0 0 0 0 0 0 0 0 0 0 0 0 0 0 0 0 0 0 0 0 0 0 0 0 0 0 0 0 0 0 0 0 0 0 0 0 0 0 0 0 0 0 0 0 0 0 0 0 0 0 0 0 0 0 0 0 
0 0 0 0 0 0 0 0 0 0 0 0 0 0 0 0 0 0 0 0 0 0 0 0 0 0 0 0 0 1 1 1 1 1 0 0 0 0 0 0 0 0 0 0 0 0 0 0 0 0 0 0 0 0 0 0 0 0 0 0 0 0 0 0 0 0 0 0 0 0 0 0 0 0 0 0 0 0 0 0 0 0 0 0 0 0 0 0 0 0 0 0 0 0 0 0 0 0 0 0 
0 0 0 0 0 0 0 0 0 0 0 0 0 0 0 0 0 0 0 0 0 0 0 0 0 0 0 0 0 0 1 1 1 1 1 0 0 0 0 0 0 0 0 0 0 0 0 0 0 0 0 0 0 0 0 0 0 0 0 0 0 0 0 0 0 0 0 0 0 0 0 0 0 0 0 0 0 0 0 0 0 0 0 0 0 0 0 0 0 0 0 0 0 0 0 0 0 0 0 0 
0 0 0 0 0 0 0 0 0 0 0 0 0 0 0 0 0 0 0 0 0 0 0 0 0 0 0 0 0 0 0 1 1 1 1 1 0 0 0 0 0 0 0 0 0 0 0 0 0 0 0 0 0 0 0 0 0 0 0 0 0 0 0 0 0 0 0 0 0 0 0 0 0 0 0 0 0 0 0 0 0 0 0 0 0 0 0 0 0 0 0 0 0 0 0 0 0 0 0 0 
0 0 0 0 0 0 0 0 0 0 0 0 0 0 0 0 0 0 0 0 0 0 0 0 0 0 0 0 0 0 0 0 1 1 1 1 1 0 0 0 0 0 0 0 0 0 0 0 0 0 0 0 0 0 0 0 0 0 0 0 0 0 0 0 0 0 0 0 0 0 0 0 0 0 0 0 0 0 0 0 0 0 0 0 0 0 0 0 0 0 0 0 0 0 0 0 0 0 0 0 
0 0 0 0 0 0 0 0 0 0 0 0 0 0 0 0 0 0 0 0 0 0 0 0 0 0 0 0 0 0 0 0 0 1 1 1 1 1 0 0 0 0 0 0 0 0 0 0 0 0 0 0 0 0 0 0 0 0 0 0 0 0 0 0 0 0 0 0 0 0 0 0 0 0 0 0 0 0 0 0 0 0 0 0 0 0 0 0 0 0 0 0 0 0 0 0 0 0 0 0 
0 0 0 0 0 0 0 0 0 0 0 0 0 0 0 0 0 0 0 0 0 0 0 0 0 0 0 0 0 0 0 0 0 0 1 1 1 1 1 0 0 0 0 0 0 0 0 0 0 0 0 0 0 0 0 0 0 0 0 0 0 0 0 0 0 0 0 0 0 0 0 0 0 0 0 0 0 0 0 0 0 0 0 0 0 0 0 0 0 0 0 0 0 0 0 0 0 0 0 0 
0 0 0 0 0 0 0 0 0 0 0 0 0 0 0 0 0 0 0 0 0 0 0 0 0 0 0 0 0 0 0 0 0 0 0 1 1 1 1 1 0 0 0 0 0 0 0 0 0 0 0 0 0 0 0 0 0 0 0 0 0 0 0 0 0 0 0 0 0 0 0 0 0 0 0 0 0 0 0 0 0 0 0 0 0 0 0 0 0 0 0 0 0 0 0 0 0 0 0 0 
0 0 0 0 0 0 0 0 0 0 0 0 0 0 0 0 0 0 0 0 0 0 0 0 0 0 0 0 0 0 0 0 0 0 0 0 1 1 1 1 1 0 0 0 0 0 0 0 0 0 0 0 0 0 0 0 0 0 0 0 0 0 0 0 0 0 0 0 0 0 0 0 0 0 0 0 0 0 0 0 0 0 0 0 0 0 0 0 0 0 0 0 0 0 0 0 0 0 0 0 
0 0 0 0 0 0 0 0 0 0 0 0 0 0 0 0 0 0 0 0 0 0 0 0 0 0 0 0 0 0 0 0 0 0 0 0 0 1 1 1 1 1 0 0 0 0 0 0 0 0 0 0 0 0 0 0 0 0 0 0 0 0 0 0 0 0 0 0 0 0 0 0 0 0 0 0 0 0 0 0 0 0 0 0 0 0 0 0 0 0 0 0 0 0 0 0 0 0 0 0 
0 0 0 0 0 0 0 0 0 0 0 0 0 0 0 0 0 0 0 0 0 0 0 0 0 0 0 0 0 0 0 0 0 0 0 0 0 0 1 1 1 1 1 0 0 0 0 0 0 0 0 0 0 0 0 0 0 0 0 0 0 0 0 0 0 0 0 0 0 0 0 0 0 0 0 0 0 0 0 0 0 0 0 0 0 0 0 0 0 0 0 0 0 0 0 0 0 0 0 0 
0 0 0 0 0 0 0 0 0 0 0 0 0 0 0 0 0 0 0 0 0 0 0 0 0 0 0 0 0 0 0 0 0 0 0 0 0 0 0 1 1 1 1 1 0 0 0 0 0 0 0 0 0 0 0 0 0 0 0 0 0 0 0 0 0 0 0 0 0 0 0 0 0 0 0 0 0 0 0 0 0 0 0 0 0 0 0 0 0 0 0 0 0 0 0 0 0 0 0 0 
0 0 0 0 0 0 0 0 0 0 0 0 0 0 0 0 0 0 0 0 0 0 0 0 0 0 0 0 0 0 0 0 0 0 0 0 0 0 0 0 1 1 1 1 1 0 0 0 0 0 0 0 0 0 0 0 0 0 0 0 0 0 0 0 0 0 0 0 0 0 0 0 0 0 0 0 0 0 0 0 0 0 0 0 0 0 0 0 0 0 0 0 0 0 0 0 0 0 0 0 
0 0 0 0 0 0 0 0 0 0 0 0 0 0 0 0 0 0 0 0 0 0 0 0 0 0 0 0 0 0 0 0 0 0 0 0 0 0 0 0 0 1 1 1 1 1 0 0 0 0 0 0 0 0 0 0 0 0 0 0 0 0 0 0 0 0 0 0 0 0 0 0 0 0 0 0 0 0 0 0 0 0 0 0 0 0 0 0 0 0 0 0 0 0 0 0 0 0 0 0 
0 0 0 0 0 0 0 0 0 0 0 0 0 0 0 0 0 0 0 0 0 0 0 0 0 0 0 0 0 0 0 0 0 0 0 0 0 0 0 0 0 0 1 1 1 1 1 0 0 0 0 0 0 0 0 0 0 0 0 0 0 0 0 0 0 0 0 0 0 0 0 0 0 0 0 0 0 0 0 0 0 0 0 0 0 0 0 0 0 0 0 0 0 0 0 0 0 0 0 0 
0 0 0 0 0 0 0 0 0 0 0 0 0 0 0 0 0 0 0 0 0 0 0 0 0 0 0 0 0 0 0 0 0 0 0 0 0 0 0 0 0 0 0 1 1 1 1 1 0 0 0 0 0 0 0 0 0 0 0 0 0 0 0 0 0 0 0 0 0 0 0 0 0 0 0 0 0 0 0 0 0 0 0 0 0 0 0 0 0 0 0 0 0 0 0 0 0 0 0 0 
0 0 0 0 0 0 0 0 0 0 0 0 0 0 0 0 0 0 0 0 0 0 0 0 0 0 0 0 0 0 0 0 0 0 0 0 0 0 0 0 0 0 0 0 1 1 1 1 1 0 0 0 0 0 0 0 0 0 0 0 0 0 0 0 0 0 0 0 0 0 0 0 0 0 0 0 0 0 0 0 0 0 0 0 0 0 0 0 0 0 0 0 0 0 0 0 0 0 0 0 
0 0 0 0 0 0 0 0 0 0 0 0 0 0 0 0 0 0 0 0 0 0 0 0 0 0 0 0 0 0 0 0 0 0 0 0 0 0 0 0 0 0 0 0 0 1 1 1 1 1 0 0 0 0 0 0 0 0 0 0 0 0 0 0 0 0 0 0 0 0 0 0 0 0 0 0 0 0 0 0 0 0 0 0 0 0 0 0 0 0 0 0 0 0 0 0 0 0 0 0 
0 0 0 0 0 0 0 0 0 0 0 0 0 0 0 0 0 0 0 0 0 0 0 0 0 0 0 0 0 0 0 0 0 0 0 0 0 0 0 0 0 0 0 0 0 0 1 1 1 1 1 0 0 0 0 0 0 0 0 0 0 0 0 0 0 0 0 0 0 0 0 0 0 0 0 0 0 0 0 0 0 0 0 0 0 0 0 0 0 0 0 0 0 0 0 0 0 0 0 0 
0 0 0 0 0 0 0 0 0 0 0 0 0 0 0 0 0 0 0 0 0 0 0 0 0 0 0 0 0 0 0 0 0 0 0 0 0 0 0 0 0 0 0 0 0 0 0 1 1 1 1 1 0 0 0 0 0 0 0 0 0 0 0 0 0 0 0 0 0 0 0 0 0 0 0 0 0 0 0 0 0 0 0 0 0 0 0 0 0 0 0 0 0 0 0 0 0 0 0 0 
0 0 0 0 0 0 0 0 0 0 0 0 0 0 0 0 0 0 0 0 0 0 0 0 0 0 0 0 0 0 0 0 0 0 0 0 0 0 0 0 0 0 0 0 0 0 0 0 1 1 1 1 1 0 0 0 0 0 0 0 0 0 0 0 0 0 0 0 0 0 0 0 0 0 0 0 0 0 0 0 0 0 0 0 0 0 0 0 0 0 0 0 0 0 0 0 0 0 0 0 
0 0 0 0 0 0 0 0 0 0 0 0 0 0 0 0 0 0 0 0 0 0 0 0 0 0 0 0 0 0 0 0 0 0 0 0 0 0 0 0 0 0 0 0 0 0 0 0 0 1 1 1 1 1 0 0 0 0 0 0 0 0 0 0 0 0 0 0 0 0 0 0 0 0 0 0 0 0 0 0 0 0 0 0 0 0 0 0 0 0 0 0 0 0 0 0 0 0 0 0 
0 0 0 0 0 0 0 0 0 0 0 0 0 0 0 0 0 0 0 0 0 0 0 0 0 0 0 0 0 0 0 0 0 0 0 0 0 0 0 0 0 0 0 0 0 0 0 0 0 0 1 1 1 1 1 0 0 0 0 0 0 0 0 0 0 0 0 0 0 0 0 0 0 0 0 0 0 0 0 0 0 0 0 0 0 0 0 0 0 0 0 0 0 0 0 0 0 0 0 0 
0 0 0 0 0 0 0 0 0 0 0 0 0 0 0 0 0 0 0 0 0 0 0 0 0 0 0 0 0 0 0 0 0 0 0 0 0 0 0 0 0 0 0 0 0 0 0 0 0 0 0 1 1 1 1 1 0 0 0 0 0 0 0 0 0 0 0 0 0 0 0 0 0 0 0 0 0 0 0 0 0 0 0 0 0 0 0 0 0 0 0 0 0 0 0 0 0 0 0 0 
0 0 0 0 0 0 0 0 0 0 0 0 0 0 0 0 0 0 0 0 0 0 0 0 0 0 0 0 0 0 0 0 0 0 0 0 0 0 0 0 0 0 0 0 0 0 0 0 0 0 0 0 1 1 1 1 1 0 0 0 0 0 0 0 0 0 0 0 0 0 0 0 0 0 0 0 0 0 0 0 0 0 0 0 0 0 0 0 0 0 0 0 0 0 0 0 0 0 0 0 
0 0 0 0 0 0 0 0 0 0 0 0 0 0 0 0 0 0 0 0 0 0 0 0 0 0 0 0 0 0 0 0 0 0 0 0 0 0 0 0 0 0 0 0 0 0 0 0 0 0 0 0 0 1 1 1 1 1 0 0 0 0 0 0 0 0 0 0 0 0 0 0 0 0 0 0 0 0 0 0 0 0 0 0 0 0 0 0 0 0 0 0 0 0 0 0 0 0 0 0 
0 0 0 0 0 0 0 0 0 0 0 0 0 0 0 0 0 0 0 0 0 0 0 0 0 0 0 0 0 0 0 0 0 0 0 0 0 0 0 0 0 0 0 0 0 0 0 0 0 0 0 0 0 0 1 1 1 1 1 0 0 0 0 0 0 0 0 0 0 0 0 0 0 0 0 0 0 0 0 0 0 0 0 0 0 0 0 0 0 0 0 0 0 0 0 0 0 0 0 0 
0 0 0 0 0 0 0 0 0 0 0 0 0 0 0 0 0 0 0 0 0 0 0 0 0 0 0 0 0 0 0 0 0 0 0 0 0 0 0 0 0 0 0 0 0 0 0 0 0 0 0 0 0 0 0 1 1 1 1 1 0 0 0 0 0 0 0 0 0 0 0 0 0 0 0 0 0 0 0 0 0 0 0 0 0 0 0 0 0 0 0 0 0 0 0 0 0 0 0 0 
0 0 0 0 0 0 0 0 0 0 0 0 0 0 0 0 0 0 0 0 0 0 0 0 0 0 0 0 0 0 0 0 0 0 0 0 0 0 0 0 0 0 0 0 0 0 0 0 0 0 0 0 0 0 0 0 1 1 1 1 1 0 0 0 0 0 0 0 0 0 0 0 0 0 0 0 0 0 0 0 0 0 0 0 0 0 0 0 0 0 0 0 0 0 0 0 0 0 0 0 
0 0 0 0 0 0 0 0 0 0 0 0 0 0 0 0 0 0 0 0 0 0 0 0 0 0 0 0 0 0 0 0 0 0 0 0 0 0 0 0 0 0 0 0 0 0 0 0 0 0 0 0 0 0 0 0 0 1 1 1 1 1 0 0 0 0 0 0 0 0 0 0 0 0 0 0 0 0 0 0 0 0 0 0 0 0 0 0 0 0 0 0 0 0 0 0 0 0 0 0 
0 0 0 0 0 0 0 0 0 0 0 0 0 0 0 0 0 0 0 0 0 0 0 0 0 0 0 0 0 0 0 0 0 0 0 0 0 0 0 0 0 0 0 0 0 0 0 0 0 0 0 0 0 0 0 0 0 0 1 1 1 1 1 0 0 0 0 0 0 0 0 0 0 0 0 0 0 0 0 0 0 0 0 0 0 0 0 0 0 0 0 0 0 0 0 0 0 0 0 0 
0 0 0 0 0 0 0 0 0 0 0 0 0 0 0 0 0 0 0 0 0 0 0 0 0 0 0 0 0 0 0 0 0 0 0 0 0 0 0 0 0 0 0 0 0 0 0 0 0 0 0 0 0 0 0 0 0 0 0 1 1 1 1 1 0 0 0 0 0 0 0 0 0 0 0 0 0 0 0 0 0 0 0 0 0 0 0 0 0 0 0 0 0 0 0 0 0 0 0 0 
0 0 0 0 0 0 0 0 0 0 0 0 0 0 0 0 0 0 0 0 0 0 0 0 0 0 0 0 0 0 0 0 0 0 0 0 0 0 0 0 0 0 0 0 0 0 0 0 0 0 0 0 0 0 0 0 0 0 0 0 1 1 1 1 1 0 0 0 0 0 0 0 0 0 0 0 0 0 0 0 0 0 0 0 0 0 0 0 0 0 0 0 0 0 0 0 0 0 0 0 
0 0 0 0 0 0 0 0 0 0 0 0 0 0 0 0 0 0 0 0 0 0 0 0 0 0 0 0 0 0 0 0 0 0 0 0 0 0 0 0 0 0 0 0 0 0 0 0 0 0 0 0 0 0 0 0 0 0 0 0 0 1 1 1 1 1 0 0 0 0 0 0 0 0 0 0 0 0 0 0 0 0 0 0 0 0 0 0 0 0 0 0 0 0 0 0 0 0 0 0 
0 0 0 0 0 0 0 0 0 0 0 0 0 0 0 0 0 0 0 0 0 0 0 0 0 0 0 0 0 0 0 0 0 0 0 0 0 0 0 0 0 0 0 0 0 0 0 0 0 0 0 0 0 0 0 0 0 0 0 0 0 0 1 1 1 1 1 0 0 0 0 0 0 0 0 0 0 0 0 0 0 0 0 0 0 0 0 0 0 0 0 0 0 0 0 0 0 0 0 0 
0 0 0 0 0 0 0 0 0 0 0 0 0 0 0 0 0 0 0 0 0 0 0 0 0 0 0 0 0 0 0 0 0 0 0 0 0 0 0 0 0 0 0 0 0 0 0 0 0 0 0 0 0 0 0 0 0 0 0 0 0 0 0 1 1 1 1 1 0 0 0 0 0 0 0 0 0 0 0 0 0 0 0 0 0 0 0 0 0 0 0 0 0 0 0 0 0 0 0 0 
0 0 0 0 0 0 0 0 0 0 0 0 0 0 0 0 0 0 0 0 0 0 0 0 0 0 0 0 0 0 0 0 0 0 0 0 0 0 0 0 0 0 0 0 0 0 0 0 0 0 0 0 0 0 0 0 0 0 0 0 0 0 0 0 1 1 1 1 1 0 0 0 0 0 0 0 0 0 0 0 0 0 0 0 0 0 0 0 0 0 0 0 0 0 0 0 0 0 0 0 
0 0 0 0 0 0 0 0 0 0 0 0 0 0 0 0 0 0 0 0 0 0 0 0 0 0 0 0 0 0 0 0 0 0 0 0 0 0 0 0 0 0 0 0 0 0 0 0 0 0 0 0 0 0 0 0 0 0 0 0 0 0 0 0 0 1 1 1 1 1 0 0 0 0 0 0 0 0 0 0 0 0 0 0 0 0 0 0 0 0 0 0 0 0 0 0 0 0 0 0 
0 0 0 0 0 0 0 0 0 0 0 0 0 0 0 0 0 0 0 0 0 0 0 0 0 0 0 0 0 0 0 0 0 0 0 0 0 0 0 0 0 0 0 0 0 0 0 0 0 0 0 0 0 0 0 0 0 0 0 0 0 0 0 0 0 0 1 1 1 1 1 0 0 0 0 0 0 0 0 0 0 0 0 0 0 0 0 0 0 0 0 0 0 0 0 0 0 0 0 0 
0 0 0 0 0 0 0 0 0 0 0 0 0 0 0 0 0 0 0 0 0 0 0 0 0 0 0 0 0 0 0 0 0 0 0 0 0 0 0 0 0 0 0 0 0 0 0 0 0 0 0 0 0 0 0 0 0 0 0 0 0 0 0 0 0 0 0 1 1 1 1 1 0 0 0 0 0 0 0 0 0 0 0 0 0 0 0 0 0 0 0 0 0 0 0 0 0 0 0 0 
0 0 0 0 0 0 0 0 0 0 0 0 0 0 0 0 0 0 0 0 0 0 0 0 0 0 0 0 0 0 0 0 0 0 0 0 0 0 0 0 0 0 0 0 0 0 0 0 0 0 0 0 0 0 0 0 0 0 0 0 0 0 0 0 0 0 0 0 1 1 1 1 1 0 0 0 0 0 0 0 0 0 0 0 0 0 0 0 0 0 0 0 0 0 0 0 0 0 0 0 
0 0 0 0 0 0 0 0 0 0 0 0 0 0 0 0 0 0 0 0 0 0 0 0 0 0 0 0 0 0 0 0 0 0 0 0 0 0 0 0 0 0 0 0 0 0 0 0 0 0 0 0 0 0 0 0 0 0 0 0 0 0 0 0 0 0 0 0 0 1 1 1 1 1 0 0 0 0 0 0 0 0 0 0 0 0 0 0 0 0 0 0 0 0 0 0 0 0 0 0 
0 0 0 0 0 0 0 0 0 0 0 0 0 0 0 0 0 0 0 0 0 0 0 0 0 0 0 0 0 0 0 0 0 0 0 0 0 0 0 0 0 0 0 0 0 0 0 0 0 0 0 0 0 0 0 0 0 0 0 0 0 0 0 0 0 0 0 0 0 0 1 1 1 1 1 0 0 0 0 0 0 0 0 0 0 0 0 0 0 0 0 0 0 0 0 0 0 0 0 0 
0 0 0 0 0 0 0 0 0 0 0 0 0 0 0 0 0 0 0 0 0 0 0 0 0 0 0 0 0 0 0 0 0 0 0 0 0 0 0 0 0 0 0 0 0 0 0 0 0 0 0 0 0 0 0 0 0 0 0 0 0 0 0 0 0 0 0 0 0 0 0 1 1 1 1 1 0 0 0 0 0 0 0 0 0 0 0 0 0 0 0 0 0 0 0 0 0 0 0 0 
0 0 0 0 0 0 0 0 0 0 0 0 0 0 0 0 0 0 0 0 0 0 0 0 0 0 0 0 0 0 0 0 0 0 0 0 0 0 0 0 0 0 0 0 0 0 0 0 0 0 0 0 0 0 0 0 0 0 0 0 0 0 0 0 0 0 0 0 0 0 0 0 1 1 1 1 1 0 0 0 0 0 0 0 0 0 0 0 0 0 0 0 0 0 0 0 0 0 0 0 
0 0 0 0 0 0 0 0 0 0 0 0 0 0 0 0 0 0 0 0 0 0 0 0 0 0 0 0 0 0 0 0 0 0 0 0 0 0 0 0 0 0 0 0 0 0 0 0 0 0 0 0 0 0 0 0 0 0 0 0 0 0 0 0 0 0 0 0 0 0 0 0 0 1 1 1 1 1 0 0 0 0 0 0 0 0 0 0 0 0 0 0 0 0 0 0 0 0 0 0 
0 0 0 0 0 0 0 0 0 0 0 0 0 0 0 0 0 0 0 0 0 0 0 0 0 0 0 0 0 0 0 0 0 0 0 0 0 0 0 0 0 0 0 0 0 0 0 0 0 0 0 0 0 0 0 0 0 0 0 0 0 0 0 0 0 0 0 0 0 0 0 0 0 0 1 1 1 1 1 0 0 0 0 0 0 0 0 0 0 0 0 0 0 0 0 0 0 0 0 0 
0 0 0 0 0 0 0 0 0 0 0 0 0 0 0 0 0 0 0 0 0 0 0 0 0 0 0 0 0 0 0 0 0 0 0 0 0 0 0 0 0 0 0 0 0 0 0 0 0 0 0 0 0 0 0 0 0 0 0 0 0 0 0 0 0 0 0 0 0 0 0 0 0 0 0 1 1 1 1 1 0 0 0 0 0 0 0 0 0 0 0 0 0 0 0 0 0 0 0 0 
0 0 0 0 0 0 0 0 0 0 0 0 0 0 0 0 0 0 0 0 0 0 0 0 0 0 0 0 0 0 0 0 0 0 0 0 0 0 0 0 0 0 0 0 0 0 0 0 0 0 0 0 0 0 0 0 0 0 0 0 0 0 0 0 0 0 0 0 0 0 0 0 0 0 0 0 1 1 1 1 1 0 0 0 0 0 0 0 0 0 0 0 0 0 0 0 0 0 0 0 
0 0 0 0 0 0 0 0 0 0 0 0 0 0 0 0 0 0 0 0 0 0 0 0 0 0 0 0 0 0 0 0 0 0 0 0 0 0 0 0 0 0 0 0 0 0 0 0 0 0 0 0 0 0 0 0 0 0 0 0 0 0 0 0 0 0 0 0 0 0 0 0 0 0 0 0 0 1 1 1 1 1 0 0 0 0 0 0 0 0 0 0 0 0 0 0 0 0 0 0 
0 0 0 0 0 0 0 0 0 0 0 0 0 0 0 0 0 0 0 0 0 0 0 0 0 0 0 0 0 0 0 0 0 0 0 0 0 0 0 0 0 0 0 0 0 0 0 0 0 0 0 0 0 0 0 0 0 0 0 0 0 0 0 0 0 0 0 0 0 0 0 0 0 0 0 0 0 0 1 1 1 1 1 0 0 0 0 0 0 0 0 0 0 0 0 0 0 0 0 0 
0 0 0 0 0 0 0 0 0 0 0 0 0 0 0 0 0 0 0 0 0 0 0 0 0 0 0 0 0 0 0 0 0 0 0 0 0 0 0 0 0 0 0 0 0 0 0 0 0 0 0 0 0 0 0 0 0 0 0 0 0 0 0 0 0 0 0 0 0 0 0 0 0 0 0 0 0 0 0 1 1 1 1 1 0 0 0 0 0 0 0 0 0 0 0 0 0 0 0 0 
0 0 0 0 0 0 0 0 0 0 0 0 0 0 0 0 0 0 0 0 0 0 0 0 0 0 0 0 0 0 0 0 0 0 0 0 0 0 0 0 0 0 0 0 0 0 0 0 0 0 0 0 0 0 0 0 0 0 0 0 0 0 0 0 0 0 0 0 0 0 0 0 0 0 0 0 0 0 0 0 1 1 1 1 1 0 0 0 0 0 0 0 0 0 0 0 0 0 0 0 
0 0 0 0 0 0 0 0 0 0 0 0 0 0 0 0 0 0 0 0 0 0 0 0 0 0 0 0 0 0 0 0 0 0 0 0 0 0 0 0 0 0 0 0 0 0 0 0 0 0 0 0 0 0 0 0 0 0 0 0 0 0 0 0 0 0 0 0 0 0 0 0 0 0 0 0 0 0 0 0 0 1 1 1 1 1 0 0 0 0 0 0 0 0 0 0 0 0 0 0 
0 0 0 0 0 0 0 0 0 0 0 0 0 0 0 0 0 0 0 0 0 0 0 0 0 0 0 0 0 0 0 0 0 0 0 0 0 0 0 0 0 0 0 0 0 0 0 0 0 0 0 0 0 0 0 0 0 0 0 0 0 0 0 0 0 0 0 0 0 0 0 0 0 0 0 0 0 0 0 0 0 0 1 1 1 1 1 0 0 0 0 0 0 0 0 0 0 0 0 0 
0 0 0 0 0 0 0 0 0 0 0 0 0 0 0 0 0 0 0 0 0 0 0 0 0 0 0 0 0 0 0 0 0 0 0 0 0 0 0 0 0 0 0 0 0 0 0 0 0 0 0 0 0 0 0 0 0 0 0 0 0 0 0 0 0 0 0 0 0 0 0 0 0 0 0 0 0 0 0 0 0 0 0 1 1 1 1 1 0 0 0 0 0 0 0 0 0 0 0 0 
0 0 0 0 0 0 0 0 0 0 0 0 0 0 0 0 0 0 0 0 0 0 0 0 0 0 0 0 0 0 0 0 0 0 0 0 0 0 0 0 0 0 0 0 0 0 0 0 0 0 0 0 0 0 0 0 0 0 0 0 0 0 0 0 0 0 0 0 0 0 0 0 0 0 0 0 0 0 0 0 0 0 0 0 1 1 1 1 1 0 0 0 0 0 0 0 0 0 0 0 
0 0 0 0 0 0 0 0 0 0 0 0 0 0 0 0 0 0 0 0 0 0 0 0 0 0 0 0 0 0 0 0 0 0 0 0 0 0 0 0 0 0 0 0 0 0 0 0 0 0 0 0 0 0 0 0 0 0 0 0 0 0 0 0 0 0 0 0 0 0 0 0 0 0 0 0 0 0 0 0 0 0 0 0 0 1 1 1 1 1 0 0 0 0 0 0 0 0 0 0 
0 0 0 0 0 0 0 0 0 0 0 0 0 0 0 0 0 0 0 0 0 0 0 0 0 0 0 0 0 0 0 0 0 0 0 0 0 0 0 0 0 0 0 0 0 0 0 0 0 0 0 0 0 0 0 0 0 0 0 0 0 0 0 0 0 0 0 0 0 0 0 0 0 0 0 0 0 0 0 0 0 0 0 0 0 0 1 1 1 1 1 0 0 0 0 0 0 0 0 0 
0 0 0 0 0 0 0 0 0 0 0 0 0 0 0 0 0 0 0 0 0 0 0 0 0 0 0 0 0 0 0 0 0 0 0 0 0 0 0 0 0 0 0 0 0 0 0 0 0 0 0 0 0 0 0 0 0 0 0 0 0 0 0 0 0 0 0 0 0 0 0 0 0 0 0 0 0 0 0 0 0 0 0 0 0 0 0 1 1 1 1 1 0 0 0 0 0 0 0 0 
0 0 0 0 0 0 0 0 0 0 0 0 0 0 0 0 0 0 0 0 0 0 0 0 0 0 0 0 0 0 0 0 0 0 0 0 0 0 0 0 0 0 0 0 0 0 0 0 0 0 0 0 0 0 0 0 0 0 0 0 0 0 0 0 0 0 0 0 0 0 0 0 0 0 0 0 0 0 0 0 0 0 0 0 0 0 0 0 1 1 1 1 1 0 0 0 0 0 0 0 
0 0 0 0 0 0 0 0 0 0 0 0 0 0 0 0 0 0 0 0 0 0 0 0 0 0 0 0 0 0 0 0 0 0 0 0 0 0 0 0 0 0 0 0 0 0 0 0 0 0 0 0 0 0 0 0 0 0 0 0 0 0 0 0 0 0 0 0 0 0 0 0 0 0 0 0 0 0 0 0 0 0 0 0 0 0 0 0 0 1 1 1 1 1 0 0 0 0 0 0 
0 0 0 0 0 0 0 0 0 0 0 0 0 0 0 0 0 0 0 0 0 0 0 0 0 0 0 0 0 0 0 0 0 0 0 0 0 0 0 0 0 0 0 0 0 0 0 0 0 0 0 0 0 0 0 0 0 0 0 0 0 0 0 0 0 0 0 0 0 0 0 0 0 0 0 0 0 0 0 0 0 0 0 0 0 0 0 0 0 0 1 1 1 1 1 0 0 0 0 0 
0 0 0 0 0 0 0 0 0 0 0 0 0 0 0 0 0 0 0 0 0 0 0 0 0 0 0 0 0 0 0 0 0 0 0 0 0 0 0 0 0 0 0 0 0 0 0 0 0 0 0 0 0 0 0 0 0 0 0 0 0 0 0 0 0 0 0 0 0 0 0 0 0 0 0 0 0 0 0 0 0 0 0 0 0 0 0 0 0 0 0 1 1 1 1 1 0 0 0 0 
0 0 0 0 0 0 0 0 0 0 0 0 0 0 0 0 0 0 0 0 0 0 0 0 0 0 0 0 0 0 0 0 0 0 0 0 0 0 0 0 0 0 0 0 0 0 0 0 0 0 0 0 0 0 0 0 0 0 0 0 0 0 0 0 0 0 0 0 0 0 0 0 0 0 0 0 0 0 0 0 0 0 0 0 0 0 0 0 0 0 0 0 1 1 1 1 1 0 0 0 
0 0 0 0 0 0 0 0 0 0 0 0 0 0 0 0 0 0 0 0 0 0 0 0 0 0 0 0 0 0 0 0 0 0 0 0 0 0 0 0 0 0 0 0 0 0 0 0 0 0 0 0 0 0 0 0 0 0 0 0 0 0 0 0 0 0 0 0 0 0 0 0 0 0 0 0 0 0 0 0 0 0 0 0 0 0 0 0 0 0 0 0 0 1 1 1 1 1 0 0 
0 0 0 0 0 0 0 0 0 0 0 0 0 0 0 0 0 0 0 0 0 0 0 0 0 0 0 0 0 0 0 0 0 0 0 0 0 0 0 0 0 0 0 0 0 0 0 0 0 0 0 0 0 0 0 0 0 0 0 0 0 0 0 0 0 0 0 0 0 0 0 0 0 0 0 0 0 0 0 0 0 0 0 0 0 0 0 0 0 0 0 0 0 0 1 1 1 1 1 0 
0 0 0 0 0 0 0 0 0 0 0 0 0 0 0 0 0 0 0 0 0 0 0 0 0 0 0 0 0 0 0 0 0 0 0 0 0 0 0 0 0 0 0 0 0 0 0 0 0 0 0 0 0 0 0 0 0 0 0 0 0 0 0 0 0 0 0 0 0 0 0 0 0 0 0 0 0 0 0 0 0 0 0 0 0 0 0 0 0 0 0 0 0 0 0 1 1 1 1 1 
1 0 0 0 0 0 0 0 0 0 0 0 0 0 0 0 0 0 0 0 0 0 0 0 0 0 0 0 0 0 0 0 0 0 0 0 0 0 0 0 0 0 0 0 0 0 0 0 0 0 0 0 0 0 0 0 0 0 0 0 0 0 0 0 0 0 0 0 0 0 0 0 0 0 0 0 0 0 0 0 0 0 0 0 0 0 0 0 0 0 0 0 0 0 0 0 1 1 1 1 
1 1 0 0 0 0 0 0 0 0 0 0 0 0 0 0 0 0 0 0 0 0 0 0 0 0 0 0 0 0 0 0 0 0 0 0 0 0 0 0 0 0 0 0 0 0 0 0 0 0 0 0 0 0 0 0 0 0 0 0 0 0 0 0 0 0 0 0 0 0 0 0 0 0 0 0 0 0 0 0 0 0 0 0 0 0 0 0 0 0 0 0 0 0 0 0 0 1 1 1 
1 1 1 0 0 0 0 0 0 0 0 0 0 0 0 0 0 0 0 0 0 0 0 0 0 0 0 0 0 0 0 0 0 0 0 0 0 0 0 0 0 0 0 0 0 0 0 0 0 0 0 0 0 0 0 0 0 0 0 0 0 0 0 0 0 0 0 0 0 0 0 0 0 0 0 0 0 0 0 0 0 0 0 0 0 0 0 0 0 0 0 0 0 0 0 0 0 0 1 1 
1 1 1 1 0 0 0 0 0 0 0 0 0 0 0 0 0 0 0 0 0 0 0 0 0 0 0 0 0 0 0 0 0 0 0 0 0 0 0 0 0 0 0 0 0 0 0 0 0 0 0 0 0 0 0 0 0 0 0 0 0 0 0 0 0 0 0 0 0 0 0 0 0 0 0 0 0 0 0 0 0 0 0 0 0 0 0 0 0 0 0 0 0 0 0 0 0 0 0 1 
