Parameters
100 4
F_el
0.00150000000000 0.01750689742055 0.01703480354574 0.04763831012971 0.00130000000000 0.01448723212801 0.01424179290866 0.03029967167883 0.00150000000000 0.01750026652217 0.01694188854751 0.05177964194691 0.00140000000000 0.01463011345827 0.00220000000000 0.03099354976270 0.00200000000000 0.05152498832225 0.03609090549739 0.01851073447596 0.00170000000000 0.02669066505061 0.02919605210802 0.02078275993351 0.00210000000000 0.06245988732049 0.04203112447119 0.01852756409529 0.00170000000000 0.02726857073111 0.02950879033409 0.01698373505733 
0.01542877161324 0.03361233164955 0.05676604522801 0.02571378676838 0.01686276921403 0.02560301932839 0.02370699654561 0.03873283052031 0.10748902985044 0.02253536836334 0.02069070101316 0.00890000000000 0.02634943003066 0.04364993278140 0.03848611603879 0.01816763678881 0.01782829156160 0.01342155556484 0.00890000000000 0.00490000000000 0.10526075003833 0.02524220286048 0.02036113940896 0.01420904050971 0.00160000000000 0.00140000000000 0.00150000000000 0.00130000000000 0.01822492203365 0.00600000000000 0.00850000000000 0.00460000000000 
0.00680000000000 0.00530000000000 0.08499848072356 0.01962373441126 0.01535848150123 0.00550000000000 0.10236224219892 0.02137485733408 0.00120000000000 0.00110000000000 0.00160000000000 0.00160000000000 0.00120000000000 0.00120000000000 0.00180000000000 0.00480000000000 0.01622853751219 0.00840000000000 0.03378372660055 0.05539275272472 0.01938963708089 0.00890000000000 0.03274907262146 0.05721439276169 0.00140000000000 0.00130000000000 0.00600000000000 0.00480000000000 0.00150000000000 0.00140000000000 0.00800000000000 0.00760000000000 
0.01664083269267 0.01461741848980 0.01490862908147 0.00190000000000 0.00120000000000 0.00120000000000 0.00120000000000 0.00110000000000 0.00160000000000 0.00140000000000 0.00150000000000 0.00140000000000 0.00110000000000 0.00110000000000 0.00110000000000 0.00110000000000 0.01621924679118 0.00220000000000 0.01469402593259 0.00180000000000 0.00120000000000 0.00110000000000 0.00120000000000 0.00110000000000 0.00150000000000 0.00140000000000 0.00140000000000 0.00130000000000 0.00110000000000 0.00110000000000 0.00110000000000 0.00100000000000 
0.01660372295410 0.01565504180482 0.01715402342379 0.01609240774492 0.02307909220924 0.02093622009013 0.02461019829188 0.02203919319801 0.02286784239000 0.02049604780584 0.02461527583270 0.02163185856486 0.05095743356857 0.03341987216030 0.05315562913975 0.03955668097200 0.08387065201442 0.02396582848997 0.10308237328662 0.02844887725858 0.10953330179625 0.07396037604351 0.10582551221516 0.12201558199651 0.10835153108433 0.10753342115966 0.10862690090867 0.11081714998644 0.08945369405080 0.10751774266065 0.03350976590903 0.03854537110956 
0.00150000000000 0.00130000000000 0.00180000000000 0.00140000000000 0.00120000000000 0.00110000000000 0.00130000000000 0.00120000000000 0.00150000000000 0.00130000000000 0.00180000000000 0.00150000000000 0.00120000000000 0.00110000000000 0.00130000000000 0.00120000000000 0.00130000000000 0.00120000000000 0.00140000000000 0.00120000000000 0.00110000000000 0.00110000000000 0.00120000000000 0.00110000000000 0.00130000000000 0.00120000000000 0.00150000000000 0.00130000000000 0.00120000000000 0.00110000000000 0.00120000000000 0.00110000000000 
0.00150000000000 0.00130000000000 0.00120000000000 0.00110000000000 0.00150000000000 0.00130000000000 0.00110000000000 0.00110000000000 0.00130000000000 0.00120000000000 0.00110000000000 0.00100000000000 0.00120000000000 0.00120000000000 0.00110000000000 0.00100000000000 0.03479982748098 0.02118371611848 0.00180000000000 0.00150000000000 0.01798296994365 0.01698583145545 0.01530458734174 0.00150000000000 0.00240000000000 0.00180000000000 0.00130000000000 0.00120000000000 0.00570000000000 0.00180000000000 0.00130000000000 0.00120000000000 
0.00180000000000 0.00130000000000 0.00190000000000 0.00130000000000 0.01735074248712 0.00150000000000 0.00280000000000 0.00150000000000 0.00680000000000 0.00140000000000 0.00220000000000 0.00140000000000 0.02064587970614 0.00160000000000 0.00580000000000 0.00160000000000 0.00120000000000 0.00110000000000 0.00130000000000 0.00110000000000 0.00130000000000 0.00110000000000 0.00140000000000 0.00110000000000 0.00130000000000 0.00110000000000 0.00130000000000 0.00110000000000 0.00140000000000 0.00120000000000 0.00150000000000 0.00120000000000 
0.01928455908622 0.01498896143350 0.01472051045867 0.00300000000000 0.01504919418782 0.00160000000000 0.01465677530628 0.00170000000000 0.01904784757229 0.00210000000000 0.01879746158791 0.00240000000000 0.00130000000000 0.00120000000000 0.00140000000000 0.00120000000000 0.02815720867170 0.02430392916391 0.01796498210159 0.00740000000000 0.00180000000000 0.00140000000000 0.00190000000000 0.00150000000000 0.01644873166740 0.00170000000000 0.01610938554805 0.00190000000000 0.00120000000000 0.00120000000000 0.00130000000000 0.00120000000000 
0.02420981154523 0.01922517564273 0.00140000000000 0.00130000000000 0.01685854525062 0.01664244702267 0.01443779831724 0.00210000000000 0.01588370064150 0.00700000000000 0.00120000000000 0.00120000000000 0.02336620286319 0.02362132816929 0.00170000000000 0.00160000000000 0.06164551585140 0.03658767619015 0.00160000000000 0.00150000000000 0.00200000000000 0.00210000000000 0.01922816434754 0.01553067245948 0.02003129526261 0.01638783837811 0.00130000000000 0.00130000000000 0.01780303659114 0.01758970654895 0.00230000000000 0.00190000000000 
0.00160000000000 0.00140000000000 0.01470706343101 0.00190000000000 0.00140000000000 0.00130000000000 0.00190000000000 0.00160000000000 0.00140000000000 0.00130000000000 0.00190000000000 0.00160000000000 0.00130000000000 0.00120000000000 0.00160000000000 0.00140000000000 0.00180000000000 0.00160000000000 0.01812860652908 0.00240000000000 0.00150000000000 0.00140000000000 0.00220000000000 0.00180000000000 0.00160000000000 0.00140000000000 0.00240000000000 0.00190000000000 0.00140000000000 0.00130000000000 0.00180000000000 0.00150000000000 
0.00690000000000 0.01795983002225 0.00200000000000 0.01624815367737 0.02996685575276 0.02544134281792 0.02267273818146 0.03438595673986 0.01538016115820 0.02779353379893 0.00240000000000 0.01949302760808 0.02161215911423 0.00940000000000 0.02591620663915 0.01000000000000 0.00670000000000 0.01842595399831 0.00200000000000 0.01640371557493 0.04676782448506 0.02485520758401 0.02539635385105 0.03689043638903 0.01621223774576 0.03425543279960 0.00250000000000 0.02196571809461 0.02108242234231 0.00260000000000 0.02523423806500 0.00960000000000 
0.00200000000000 0.03112461251153 0.00180000000000 0.06034992222558 0.00170000000000 0.02121201911071 0.00150000000000 0.01889593570070 0.00220000000000 0.03882959996699 0.00190000000000 0.04444378334966 0.00180000000000 0.01955694022141 0.00160000000000 0.01861084765885 0.00150000000000 0.00360000000000 0.00150000000000 0.01427076293686 0.00140000000000 0.00640000000000 0.00130000000000 0.00610000000000 0.00160000000000 0.00230000000000 0.00150000000000 0.00270000000000 0.00140000000000 0.00660000000000 0.00130000000000 0.00610000000000 
0.00740000000000 0.00740000000000 0.01940805502527 0.01941724525397 0.01309429469319 0.01309385383571 0.01491025732620 0.01490117219389 0.00220000000000 0.00220000000000 0.01764551836746 0.01765594794178 0.00200000000000 0.00200000000000 0.00660000000000 0.00660000000000 0.02606384106611 0.02606723813077 0.00160000000000 0.00160000000000 0.03226536912851 0.03235245434624 0.00220000000000 0.00220000000000 0.02266983496648 0.02267269299751 0.00160000000000 0.00160000000000 0.02965314539413 0.02973915087632 0.00200000000000 0.00200000000000 
0.04014102694708 0.00700000000000 0.05825719301797 0.00670000000000 0.03983573397221 0.00700000000000 0.05641694738166 0.00670000000000 0.01617371846747 0.00150000000000 0.01560944798245 0.00150000000000 0.01616573132429 0.00150000000000 0.01551802044357 0.00150000000000 0.02499847509633 0.00180000000000 0.02893703308654 0.00170000000000 0.02480172749514 0.00180000000000 0.02783993488004 0.00170000000000 0.00180000000000 0.00130000000000 0.00180000000000 0.00130000000000 0.00180000000000 0.00130000000000 0.00180000000000 0.00130000000000 
0.00170000000000 0.01484127015675 0.00150000000000 0.00170000000000 0.00140000000000 0.00160000000000 0.00130000000000 0.00140000000000 0.01430679284774 0.01720834514547 0.00170000000000 0.01325036523351 0.00160000000000 0.01443080359775 0.00140000000000 0.00160000000000 0.00140000000000 0.00170000000000 0.00130000000000 0.00140000000000 0.00120000000000 0.00140000000000 0.00120000000000 0.00130000000000 0.00170000000000 0.01558301408084 0.00150000000000 0.00170000000000 0.00140000000000 0.00170000000000 0.00130000000000 0.00140000000000 
0.02153746687889 0.01991487348441 0.01919150963783 0.01795355672519 0.14390604001909 0.03589341637091 0.01875322663584 0.00880000000000 0.05229309115808 0.04015610639147 0.03041205332355 0.02677488915611 0.10326371564026 0.10218912089189 0.10361311080486 0.10262732324051 0.01918144798018 0.01785159441225 0.01745316856049 0.00220000000000 0.00310000000000 0.00280000000000 0.00250000000000 0.00240000000000 0.10561728872822 0.10289034190540 0.10189841101396 0.02297420245912 0.06670658770463 0.02039878311275 0.01640671235367 0.00760000000000 
0.01450883149527 0.02143499306282 0.01505888243850 0.04052924601657 0.01875722263045 0.01733766863866 0.01928969189731 0.03547485395604 0.00160000000000 0.11259381749611 0.00150000000000 0.04309925003478 0.00210000000000 0.10464340826863 0.01769664225212 0.06426826632549 0.03267819961092 0.00180000000000 0.02169076025611 0.01709455683900 0.02489543967230 0.00150000000000 0.03248669055397 0.01493803338116 0.01778490657157 0.01674010668061 0.01893405482854 0.03961723708184 0.10512432685489 0.00190000000000 0.02552382891455 0.02378521556496 
0.00170000000000 0.01348946428145 0.00150000000000 0.00180000000000 0.00150000000000 0.00170000000000 0.00130000000000 0.00150000000000 0.00130000000000 0.00140000000000 0.00120000000000 0.00130000000000 0.00120000000000 0.00130000000000 0.00110000000000 0.00120000000000 0.00120000000000 0.00130000000000 0.00120000000000 0.00130000000000 0.00120000000000 0.00120000000000 0.00110000000000 0.00120000000000 0.00110000000000 0.00110000000000 0.00110000000000 0.00110000000000 0.00110000000000 0.00110000000000 0.00100000000000 0.00110000000000 
0.01564192881912 0.01464278308251 0.10509566680218 0.06443899276096 0.00150000000000 0.00140000000000 0.00180000000000 0.00160000000000 0.00150000000000 0.00140000000000 0.00190000000000 0.00160000000000 0.00120000000000 0.00110000000000 0.00130000000000 0.00120000000000 0.02006682081281 0.01854626842248 0.03791283709047 0.02822487450941 0.00180000000000 0.00150000000000 0.01712292867633 0.01337425235337 0.00540000000000 0.00160000000000 0.01596459713845 0.00940000000000 0.00120000000000 0.00120000000000 0.00140000000000 0.00130000000000 
0.00140000000000 0.00170000000000 0.00160000000000 0.00210000000000 0.00120000000000 0.00130000000000 0.00130000000000 0.00140000000000 0.00160000000000 0.01376346831065 0.00200000000000 0.01948873110876 0.00120000000000 0.00140000000000 0.00130000000000 0.00160000000000 0.00120000000000 0.00130000000000 0.00130000000000 0.00150000000000 0.00110000000000 0.00120000000000 0.00110000000000 0.00120000000000 0.00130000000000 0.00140000000000 0.00140000000000 0.00160000000000 0.00110000000000 0.00120000000000 0.00120000000000 0.00130000000000 
0.00150000000000 0.01634348496793 0.00690000000000 0.10755142624632 0.00150000000000 0.01621540872433 0.00670000000000 0.10534578797044 0.01933279318379 0.02474248021913 0.08045438713268 0.01923013263477 0.01903468264292 0.02454041151106 0.08213190608150 0.01912413858980 0.09072295673671 0.00210000000000 0.02364065419600 0.00150000000000 0.08907618264456 0.00200000000000 0.02433500480336 0.00150000000000 0.00990000000000 0.00130000000000 0.00170000000000 0.00120000000000 0.01345934058015 0.00130000000000 0.00170000000000 0.00120000000000 
0.01820035723527 0.00170000000000 0.02195917119180 0.01476293072010 0.01572018150228 0.00140000000000 0.01631010763209 0.00840000000000 0.01613158922344 0.08518419096672 0.01894352019894 0.03091351399372 0.02380393036167 0.02654456530995 0.02294239642277 0.01987148475948 0.00210000000000 0.12830398834694 0.01651907219337 0.03531508386690 0.01986656357425 0.04205836736750 0.02187249640543 0.02257270429690 0.00120000000000 0.00550000000000 0.00140000000000 0.01508764676828 0.00130000000000 0.01654410902772 0.00500000000000 0.01626263332042 
0.00160000000000 0.01303563098128 0.00220000000000 0.01784127937466 0.00220000000000 0.01603571852300 0.01517691081283 0.02157915583777 0.01479403932929 0.01967664777678 0.01835902530336 0.02652199264860 0.02008828111468 0.02591679245273 0.04733087576274 0.04547039347770 0.00160000000000 0.01301132000788 0.00210000000000 0.01764676732927 0.00210000000000 0.01604052350078 0.01496852881108 0.02138133940035 0.01466838907649 0.01970040401520 0.01803690600672 0.02612556340885 0.01977330204556 0.02600357303320 0.07752295066948 0.04351395291111 
0.01499926631759 0.01555820405092 0.00130000000000 0.00130000000000 0.05200515787844 0.03871513719596 0.00170000000000 0.00190000000000 0.01578524827853 0.01655148267386 0.00130000000000 0.00140000000000 0.03641568885862 0.02412348517142 0.00190000000000 0.00220000000000 0.02551329038525 0.03493181825008 0.00160000000000 0.00170000000000 0.01707676104201 0.01524419901727 0.01481638102216 0.01579811749179 0.03209377331223 0.04022983519973 0.00170000000000 0.00190000000000 0.01525948194371 0.00700000000000 0.01612860270781 0.01758549011079 
0.06707599767010 0.02380206377479 0.01997275625780 0.03472678681700 0.02851018116953 0.10677588604685 0.00220000000000 0.02206585977484 0.01548420522087 0.01841138211861 0.00160000000000 0.01518639295611 0.00150000000000 0.00190000000000 0.00130000000000 0.00150000000000 0.03092624018027 0.03265913670285 0.01946160439932 0.02665070885976 0.02193559396173 0.03486897424906 0.01504202435951 0.02027163139472 0.01581283667144 0.01835634953672 0.00180000000000 0.01559561896974 0.00160000000000 0.01393322639893 0.00140000000000 0.00160000000000 
0.00150000000000 0.01958764071068 0.00130000000000 0.00230000000000 0.01419651212783 0.01990753840854 0.00170000000000 0.08829428855549 0.00150000000000 0.01947929173891 0.00130000000000 0.00250000000000 0.01425092340351 0.02226623435715 0.00180000000000 0.09022499854085 0.00110000000000 0.00140000000000 0.00110000000000 0.00120000000000 0.00130000000000 0.00200000000000 0.00120000000000 0.00150000000000 0.00110000000000 0.00140000000000 0.00110000000000 0.00120000000000 0.00130000000000 0.00210000000000 0.00120000000000 0.00160000000000 
0.01536249405944 0.03375146310624 0.00150000000000 0.00170000000000 0.01873404798843 0.03414377382595 0.00170000000000 0.00200000000000 0.00150000000000 0.00170000000000 0.00120000000000 0.00130000000000 0.00160000000000 0.00200000000000 0.00130000000000 0.00130000000000 0.00220000000000 0.00410000000000 0.00140000000000 0.00170000000000 0.01669055112671 0.00930000000000 0.00150000000000 0.00180000000000 0.00140000000000 0.00160000000000 0.00120000000000 0.00130000000000 0.00150000000000 0.00180000000000 0.00120000000000 0.00130000000000 
0.00190000000000 0.01728667690919 0.01623044734245 0.02245552478537 0.00230000000000 0.01918662582440 0.01792492549594 0.02510590138482 0.00170000000000 0.00260000000000 0.00220000000000 0.02095065051259 0.00190000000000 0.01294019172931 0.01471070282884 0.02573375610000 0.00620000000000 0.01863794310172 0.01740556060676 0.02962055288950 0.00700000000000 0.02403681090237 0.01907205210145 0.05197983914268 0.00220000000000 0.00830000000000 0.01570671345523 0.02397545184685 0.00250000000000 0.04086163217092 0.01675801350443 0.02051804734806 
0.00150000000000 0.00160000000000 0.00120000000000 0.00120000000000 0.00120000000000 0.00130000000000 0.00110000000000 0.00110000000000 0.00130000000000 0.00140000000000 0.00110000000000 0.00110000000000 0.00120000000000 0.00120000000000 0.00100000000000 0.00100000000000 0.00180000000000 0.01278493088767 0.00120000000000 0.00120000000000 0.00130000000000 0.00130000000000 0.00110000000000 0.00110000000000 0.00140000000000 0.00150000000000 0.00110000000000 0.00110000000000 0.00120000000000 0.00120000000000 0.00110000000000 0.00110000000000 
0.02092552815402 0.02370766148238 0.02038324571168 0.01926440970049 0.03148792398794 0.01560536129774 0.04312753293937 0.00250000000000 0.01700103355228 0.02012861617827 0.01656684248184 0.01686825340052 0.01989201045200 0.01401263666976 0.02819480679515 0.00220000000000 0.00680000000000 0.02655392327930 0.00230000000000 0.02920231758735 0.00740000000000 0.02959177809092 0.00650000000000 0.01894667094636 0.00210000000000 0.01995409720746 0.00200000000000 0.01998949875017 0.00610000000000 0.02205488008956 0.00280000000000 0.01596419289429 
0.01403915991565 0.00170000000000 0.02396441031713 0.01845305851581 0.02122918256790 0.01771028548322 0.07997689143208 0.02802139580248 0.00190000000000 0.00160000000000 0.02077176384272 0.01727555102212 0.01935870650480 0.01676040726959 0.03352991795014 0.02440571826059 0.01466489322700 0.00180000000000 0.02769908412239 0.01985773101905 0.02313684270939 0.01863514595066 0.06725576807035 0.03160814897397 0.00210000000000 0.00170000000000 0.02293138562673 0.01814201969999 0.02051869260601 0.01740549217984 0.04352259172738 0.02668027472224 
0.00150000000000 0.00180000000000 0.00140000000000 0.00180000000000 0.00130000000000 0.00150000000000 0.00130000000000 0.00150000000000 0.00110000000000 0.00120000000000 0.00110000000000 0.00120000000000 0.00110000000000 0.00110000000000 0.00110000000000 0.00110000000000 0.01469220375480 0.00870000000000 0.00240000000000 0.00760000000000 0.00170000000000 0.00560000000000 0.00160000000000 0.00240000000000 0.00120000000000 0.00130000000000 0.00120000000000 0.00130000000000 0.00110000000000 0.00120000000000 0.00110000000000 0.00120000000000 
0.11108848560707 0.01957238177712 0.01809223647100 0.00250000000000 0.03689177951758 0.02234696555764 0.01713153404641 0.00220000000000 0.02005015968812 0.00620000000000 0.02303026887237 0.01680858294481 0.02330797311349 0.00730000000000 0.02039611608388 0.01545334494143 0.00210000000000 0.00170000000000 0.02181646218734 0.00320000000000 0.00620000000000 0.00180000000000 0.02842890829899 0.00750000000000 0.00160000000000 0.00140000000000 0.01522549535813 0.00200000000000 0.00170000000000 0.00150000000000 0.01619442336461 0.00220000000000 
0.01675009906972 0.02090091574715 0.00140000000000 0.00150000000000 0.01696633309733 0.02131246051842 0.00140000000000 0.00150000000000 0.04446948255656 0.11010600249910 0.00170000000000 0.00200000000000 0.05095858756082 0.10849234066633 0.00170000000000 0.00200000000000 0.02654877566276 0.03936392664409 0.00150000000000 0.00170000000000 0.02728085180955 0.03623093596595 0.00160000000000 0.00170000000000 0.02975135127961 0.02438552907390 0.00480000000000 0.00490000000000 0.02935832591120 0.02417350735200 0.00480000000000 0.00490000000000 
0.01632219817364 0.00130000000000 0.11243216510927 0.00180000000000 0.04517714174489 0.00150000000000 0.06756441730191 0.00540000000000 0.02229701055380 0.00140000000000 0.02356882187443 0.00220000000000 0.04049571676147 0.00180000000000 0.02300253105649 0.00530000000000 0.01580201919955 0.00130000000000 0.12355795718037 0.00190000000000 0.05396003142626 0.00160000000000 0.06667111641319 0.00590000000000 0.02260579199200 0.00140000000000 0.02021288436174 0.00520000000000 0.03111858006121 0.00190000000000 0.02045574271395 0.00570000000000 
0.00150000000000 0.00170000000000 0.00130000000000 0.00130000000000 0.00630000000000 0.01556915255926 0.00150000000000 0.01551201947588 0.00150000000000 0.00170000000000 0.00120000000000 0.00130000000000 0.00210000000000 0.01464608337369 0.00140000000000 0.00160000000000 0.00150000000000 0.00170000000000 0.00120000000000 0.00130000000000 0.00620000000000 0.01506604127255 0.00150000000000 0.00170000000000 0.00150000000000 0.00160000000000 0.00120000000000 0.00130000000000 0.00200000000000 0.00650000000000 0.00140000000000 0.00160000000000 
0.10409347272579 0.11481310642656 0.10283720990792 0.11128780355735 0.00210000000000 0.00200000000000 0.00700000000000 0.01350996858911 0.02015986830562 0.02466549721856 0.01710715160190 0.01965872193696 0.02067945485096 0.03590304676708 0.00950000000000 0.01648910815899 0.03581952272832 0.03407773486693 0.02455055217422 0.10912595975610 0.00210000000000 0.00190000000000 0.00700000000000 0.00230000000000 0.02106065088323 0.02114311684499 0.00190000000000 0.02049795389844 0.01452011129730 0.03484670690714 0.00780000000000 0.01403434600633 
0.00190000000000 0.00180000000000 0.00600000000000 0.00200000000000 0.03176388008220 0.01523800111700 0.01923474157119 0.03528455733456 0.01629992881869 0.00850000000000 0.01610940171828 0.00840000000000 0.03550929435388 0.03377812701268 0.02665046986595 0.02759309137058 0.01672221436014 0.00190000000000 0.01577261381762 0.00660000000000 0.10693990184090 0.02351252052577 0.03409474456157 0.03641154115957 0.01717903566419 0.00910000000000 0.02094221182951 0.00910000000000 0.02853244751018 0.03261139223292 0.02301365608241 0.02743283796339 
0.00180000000000 0.00140000000000 0.00130000000000 0.00110000000000 0.00150000000000 0.00130000000000 0.00120000000000 0.00110000000000 0.00180000000000 0.00140000000000 0.00130000000000 0.00110000000000 0.00150000000000 0.00130000000000 0.00120000000000 0.00110000000000 0.00200000000000 0.00140000000000 0.00130000000000 0.00120000000000 0.00160000000000 0.00130000000000 0.00120000000000 0.00110000000000 0.00190000000000 0.00140000000000 0.00130000000000 0.00120000000000 0.00160000000000 0.00130000000000 0.00120000000000 0.00110000000000 
0.00200000000000 0.00120000000000 0.00680000000000 0.00130000000000 0.01523386314318 0.00120000000000 0.01635877852907 0.00130000000000 0.00660000000000 0.00130000000000 0.00830000000000 0.00140000000000 0.01533412464614 0.00130000000000 0.01658401159609 0.00140000000000 0.00180000000000 0.00120000000000 0.00650000000000 0.00120000000000 0.00180000000000 0.00120000000000 0.01544109727585 0.00120000000000 0.00240000000000 0.00120000000000 0.00660000000000 0.00130000000000 0.01460738491188 0.00130000000000 0.01564281730448 0.00130000000000 
0.00160000000000 0.00160000000000 0.01354865990165 0.00950000000000 0.00150000000000 0.00150000000000 0.01554513431975 0.00560000000000 0.00140000000000 0.00140000000000 0.00160000000000 0.00180000000000 0.00130000000000 0.00130000000000 0.00150000000000 0.00150000000000 0.00150000000000 0.00150000000000 0.01358630578934 0.01000000000000 0.00140000000000 0.00140000000000 0.00170000000000 0.00190000000000 0.00130000000000 0.00130000000000 0.00150000000000 0.00150000000000 0.00130000000000 0.00130000000000 0.00140000000000 0.00140000000000 
0.01631350793654 0.02612079404528 0.00190000000000 0.01527181353498 0.01997725754620 0.02848030411468 0.01475972686250 0.01522712566883 0.00930000000000 0.01545071746637 0.00590000000000 0.00970000000000 0.01702448611528 0.01660613456968 0.00950000000000 0.00900000000000 0.00160000000000 0.00180000000000 0.00140000000000 0.00140000000000 0.00620000000000 0.01292270997044 0.00160000000000 0.00170000000000 0.00510000000000 0.00490000000000 0.00140000000000 0.00140000000000 0.00500000000000 0.00480000000000 0.00160000000000 0.00500000000000 
0.00140000000000 0.00130000000000 0.00130000000000 0.00120000000000 0.00140000000000 0.00140000000000 0.00130000000000 0.00120000000000 0.00150000000000 0.00140000000000 0.00130000000000 0.00130000000000 0.00150000000000 0.00140000000000 0.00130000000000 0.00130000000000 0.00120000000000 0.00110000000000 0.00110000000000 0.00110000000000 0.00120000000000 0.00120000000000 0.00110000000000 0.00110000000000 0.00120000000000 0.00120000000000 0.00110000000000 0.00110000000000 0.00120000000000 0.00120000000000 0.00110000000000 0.00110000000000 
0.00180000000000 0.00170000000000 0.00190000000000 0.00180000000000 0.01348235611385 0.01326043346937 0.01369082974964 0.01337343868269 0.00120000000000 0.00120000000000 0.00130000000000 0.00120000000000 0.00130000000000 0.00130000000000 0.00140000000000 0.00140000000000 0.00820000000000 0.00770000000000 0.01495286859616 0.00800000000000 0.02149751147906 0.01870138954066 0.02711705273523 0.02194334781907 0.00150000000000 0.00140000000000 0.00150000000000 0.00150000000000 0.00170000000000 0.00170000000000 0.00180000000000 0.00170000000000 
0.01653924784942 0.00840000000000 0.10627611637626 0.01931476458453 0.01574232027266 0.04237954453806 0.00170000000000 0.02131789856521 0.00210000000000 0.00490000000000 0.01978569107279 0.00870000000000 0.01770745456910 0.02214185459788 0.00200000000000 0.03095136253080 0.02820395099628 0.02964276846966 0.07389394188306 0.03725526142175 0.00160000000000 0.01511357118665 0.00130000000000 0.00830000000000 0.06090327833264 0.02214435885553 0.10522216896317 0.04173313455805 0.01000000000000 0.01804095210827 0.00140000000000 0.00850000000000 
0.02133547820287 0.11365695623402 0.02174774520651 0.11877347625526 0.01760821584678 0.10264998506854 0.01782339347467 0.10277333263888 0.00140000000000 0.00160000000000 0.00140000000000 0.00160000000000 0.00140000000000 0.00150000000000 0.00140000000000 0.00150000000000 0.01790180879656 0.01714448312697 0.01841677949686 0.01697071375288 0.00770000000000 0.01798286179979 0.00790000000000 0.01733150069271 0.00160000000000 0.00180000000000 0.00160000000000 0.00180000000000 0.00150000000000 0.00170000000000 0.00150000000000 0.00170000000000 
0.00140000000000 0.00130000000000 0.00130000000000 0.00120000000000 0.00110000000000 0.00110000000000 0.00110000000000 0.00110000000000 0.00160000000000 0.00140000000000 0.00150000000000 0.00130000000000 0.00120000000000 0.00110000000000 0.00120000000000 0.00110000000000 0.00150000000000 0.00130000000000 0.00130000000000 0.00120000000000 0.00110000000000 0.00110000000000 0.00110000000000 0.00110000000000 0.00170000000000 0.00140000000000 0.00150000000000 0.00130000000000 0.00120000000000 0.00110000000000 0.00120000000000 0.00110000000000 
0.00180000000000 0.00120000000000 0.10233897037085 0.00180000000000 0.00180000000000 0.00120000000000 0.10261779623229 0.00180000000000 0.00200000000000 0.00120000000000 0.10941166578552 0.00200000000000 0.00200000000000 0.00120000000000 0.10872777738830 0.00200000000000 0.01487484465741 0.00130000000000 0.02817083598462 0.01480226652346 0.01485579547346 0.00130000000000 0.02797906609042 0.01478434363935 0.01774334975035 0.00140000000000 0.02674620883138 0.01614025701966 0.01764487649806 0.00140000000000 0.02664428078966 0.01603588936026 
0.01520757817768 0.01521634653851 0.02274608571784 0.02367694564625 0.01890323206432 0.01951275970216 0.02869995781058 0.03050355050151 0.00170000000000 0.00170000000000 0.01940238254217 0.01961669964224 0.00210000000000 0.00220000000000 0.02144498092815 0.02176640148873 0.01540319980653 0.01540450036251 0.02079429672520 0.02131515349646 0.01795913303877 0.01826523370006 0.02491649568832 0.02583181272699 0.00150000000000 0.00160000000000 0.01450637283978 0.01466819567035 0.00180000000000 0.00180000000000 0.00720000000000 0.00730000000000 
0.01980415240650 0.01999978467470 0.01999068227124 0.02020411489978 0.01886844944050 0.01898837112534 0.01872688337761 0.01894516078670 0.01760785063690 0.01773459639529 0.01736914192096 0.01758113782678 0.01685015055100 0.01706535574044 0.01662048556563 0.01674169126254 0.00530000000000 0.00530000000000 0.00510000000000 0.00510000000000 0.00180000000000 0.00180000000000 0.00510000000000 0.00510000000000 0.00160000000000 0.00160000000000 0.00510000000000 0.00510000000000 0.00160000000000 0.00160000000000 0.00510000000000 0.00510000000000 
0.02091973795328 0.02227929196901 0.03329627970739 0.02431688432742 0.03066451617535 0.02408219249548 0.01604921323499 0.00980000000000 0.02775706715913 0.01773311333153 0.00570000000000 0.00800000000000 0.02019490106400 0.01693281098797 0.00180000000000 0.00150000000000 0.01570703905253 0.01321535578788 0.04965872861389 0.02533795528935 0.03110751616171 0.02391882360774 0.01812509414151 0.01494192427216 0.04546260741580 0.01928058062234 0.00600000000000 0.00830000000000 0.02020200020677 0.01406684362247 0.00430000000000 0.00160000000000 
0.00160000000000 0.00210000000000 0.01471592140131 0.01623361392894 0.00160000000000 0.00220000000000 0.01523370817679 0.01672271280359 0.00150000000000 0.00190000000000 0.00190000000000 0.01552347392679 0.00150000000000 0.00190000000000 0.00200000000000 0.01583684194320 0.01546683939168 0.02705986996378 0.02523012929116 0.10407377193271 0.01610045077277 0.02695466341328 0.02811544598187 0.11018392467746 0.00720000000000 0.01711378132994 0.02142919611048 0.08438433297332 0.01471713924469 0.01790933255493 0.02307211177274 0.08457955786667 
0.00140000000000 0.00150000000000 0.00130000000000 0.00130000000000 0.01527743451980 0.01716761864220 0.00170000000000 0.00590000000000 0.00110000000000 0.00110000000000 0.00110000000000 0.00110000000000 0.00120000000000 0.00120000000000 0.00110000000000 0.00110000000000 0.00190000000000 0.00230000000000 0.00150000000000 0.00170000000000 0.02344473820884 0.10213042753960 0.01540020377308 0.01745979019579 0.00120000000000 0.00120000000000 0.00110000000000 0.00110000000000 0.00130000000000 0.00140000000000 0.00120000000000 0.00130000000000 
0.00190000000000 0.00140000000000 0.01805350162723 0.00550000000000 0.10278793363837 0.02204111981577 0.08465502802788 0.10882208962611 0.01957607931631 0.02130272528282 0.01739527562534 0.10977603636856 0.00140000000000 0.02040633683733 0.00140000000000 0.02040148211095 0.01989378401966 0.00210000000000 0.03378461308672 0.01717689412284 0.00180000000000 0.03833795413445 0.00160000000000 0.10179423152851 0.00150000000000 0.01355543492580 0.00140000000000 0.00210000000000 0.00110000000000 0.00130000000000 0.00110000000000 0.00120000000000 
0.02658700524876 0.02940292261556 0.02401533801357 0.02561355806338 0.00170000000000 0.00180000000000 0.00170000000000 0.00170000000000 0.01810495239881 0.01609079496788 0.01916334355825 0.01684885595949 0.02022061750885 0.02144860914058 0.01933029044760 0.02030541011868 0.00150000000000 0.00150000000000 0.00140000000000 0.00150000000000 0.00120000000000 0.00120000000000 0.00110000000000 0.00120000000000 0.01417060252426 0.01469094604612 0.01382705725979 0.01429953022690 0.00140000000000 0.00150000000000 0.00140000000000 0.00140000000000 
0.00180000000000 0.00130000000000 0.00120000000000 0.00110000000000 0.00200000000000 0.00140000000000 0.00130000000000 0.00110000000000 0.00130000000000 0.00110000000000 0.00110000000000 0.00100000000000 0.00130000000000 0.00120000000000 0.00110000000000 0.00100000000000 0.11607346413442 0.01661116627571 0.01545549563203 0.00140000000000 0.10325104469226 0.02028356652362 0.01726704664659 0.00150000000000 0.01472369860243 0.00150000000000 0.00140000000000 0.00120000000000 0.01669308612418 0.00160000000000 0.00140000000000 0.00120000000000 
0.01670654180955 0.00150000000000 0.00210000000000 0.00140000000000 0.02246699483814 0.00190000000000 0.01708296860318 0.00150000000000 0.05868036714626 0.01478671204316 0.02349653389220 0.00180000000000 0.02370045892207 0.01823557722606 0.12280277821650 0.01495558144648 0.01556611775906 0.00150000000000 0.00200000000000 0.00130000000000 0.02056418619806 0.00180000000000 0.01588721109153 0.00150000000000 0.10783705484446 0.01413284088796 0.04609742769488 0.00170000000000 0.10473674988445 0.01673382159976 0.10344798357861 0.01419357898739 
0.00160000000000 0.00140000000000 0.00140000000000 0.00120000000000 0.00120000000000 0.00110000000000 0.00110000000000 0.00110000000000 0.00180000000000 0.00150000000000 0.00150000000000 0.00130000000000 0.00130000000000 0.00120000000000 0.00120000000000 0.00110000000000 0.00150000000000 0.00130000000000 0.00130000000000 0.00120000000000 0.00120000000000 0.00110000000000 0.00110000000000 0.00110000000000 0.00160000000000 0.00140000000000 0.00140000000000 0.00130000000000 0.00120000000000 0.00120000000000 0.00120000000000 0.00110000000000 
0.00160000000000 0.02047325799290 0.01834564924955 0.02329201906873 0.00630000000000 0.10214093332386 0.05110447016358 0.01977574033847 0.01810703965966 0.11198756602003 0.10673672934932 0.10321260994422 0.04738337380986 0.10970861807618 0.12966975988224 0.10241665120298 0.01650715839912 0.10578775653032 0.11493968845164 0.00230000000000 0.01999018631530 0.10238777299608 0.10203156610572 0.01417272240217 0.08375826396376 0.05634328896976 0.07899061879068 0.01956617218510 0.11344591138441 0.07802180975115 0.10347867506823 0.01673697368340 
0.00160000000000 0.00140000000000 0.00160000000000 0.00140000000000 0.00160000000000 0.00140000000000 0.00160000000000 0.00140000000000 0.00170000000000 0.00140000000000 0.00170000000000 0.00140000000000 0.00170000000000 0.00140000000000 0.00170000000000 0.00140000000000 0.00160000000000 0.00140000000000 0.00160000000000 0.00140000000000 0.00170000000000 0.00140000000000 0.00160000000000 0.00140000000000 0.00180000000000 0.00140000000000 0.00170000000000 0.00140000000000 0.00180000000000 0.00150000000000 0.00170000000000 0.00140000000000 
0.02544519125927 0.10361228615012 0.10781558151396 0.09791623768768 0.02486164398629 0.10761053231074 0.04036344884601 0.03979000286153 0.02334805720475 0.02268212741867 0.02550957380947 0.02665262439289 0.01493637303837 0.01653433256453 0.01381232012934 0.01909663178563 0.02223544166421 0.02007895388212 0.07988168962438 0.08727357277938 0.00230000000000 0.00210000000000 0.01729338232154 0.01692884669832 0.00830000000000 0.01484641450633 0.01436950464538 0.01826419280095 0.00160000000000 0.00150000000000 0.00150000000000 0.00140000000000 
0.01740952753331 0.10433514262285 0.12142452221658 0.05331719200478 0.00650000000000 0.10224084803031 0.10246656461274 0.11681574913063 0.01800634735273 0.04321411057908 0.07177427389501 0.08037076046492 0.00710000000000 0.02747772733966 0.02566623528588 0.07254811087285 0.01760264376440 0.02188799529280 0.00180000000000 0.00180000000000 0.02336137117515 0.08300612423827 0.00230000000000 0.01557447306140 0.03294526461755 0.05560230619214 0.01564726918478 0.01952759674254 0.01839192933414 0.09806767972507 0.01720701181086 0.04246689511365 
0.03469674480011 0.02121465369330 0.01815940477694 0.10605349021733 0.02625599448434 0.01442984797663 0.01836027470450 0.01506104332407 0.01915115426409 0.03846156703598 0.00180000000000 0.04426395763701 0.01887470916776 0.10282496041076 0.00190000000000 0.10231958958178 0.02081123206651 0.12054687267239 0.01618894009181 0.03283291795323 0.02136804788508 0.02392102855972 0.01547496094917 0.11293385300329 0.01454391118482 0.02375407077354 0.00150000000000 0.01995021685065 0.01765834209099 0.02583626184155 0.00160000000000 0.02075180159205 
0.00720000000000 0.02826321115051 0.01530534655417 0.02461275405772 0.00230000000000 0.02585261123536 0.01528929847064 0.02342071764001 0.00140000000000 0.01484581807305 0.00130000000000 0.01446376444245 0.00130000000000 0.01472716062680 0.00130000000000 0.01434774881516 0.00130000000000 0.00160000000000 0.00130000000000 0.00150000000000 0.00130000000000 0.00150000000000 0.00120000000000 0.00150000000000 0.00110000000000 0.00120000000000 0.00110000000000 0.00120000000000 0.00110000000000 0.00120000000000 0.00110000000000 0.00120000000000 
0.01661398314115 0.00170000000000 0.02984562074928 0.01496350463094 0.03253124463431 0.01551661394889 0.10371635216581 0.02770078761201 0.00220000000000 0.00150000000000 0.01884501536293 0.00190000000000 0.01977876137098 0.00200000000000 0.06102593743693 0.01737083831931 0.02023689058621 0.03625524901377 0.01809398531077 0.01709914907114 0.01730706685205 0.01639058394551 0.01693506114163 0.01578895165178 0.03210404539730 0.01693417235959 0.02069944637410 0.02346014990872 0.01922827042748 0.02007996355971 0.01783166444325 0.01692131915108 
0.00190000000000 0.00130000000000 0.00160000000000 0.00130000000000 0.01627715199010 0.00150000000000 0.01435765014683 0.00140000000000 0.00120000000000 0.00110000000000 0.00110000000000 0.00110000000000 0.00130000000000 0.00110000000000 0.00120000000000 0.00110000000000 0.00190000000000 0.00130000000000 0.00160000000000 0.00120000000000 0.01732754484634 0.00150000000000 0.01539521579182 0.00140000000000 0.00120000000000 0.00110000000000 0.00110000000000 0.00100000000000 0.00130000000000 0.00110000000000 0.00120000000000 0.00110000000000 
0.02162958664476 0.07768871424534 0.01821822423838 0.03131864285299 0.01730151964614 0.01621559768647 0.01890999356189 0.01678337081687 0.01938314432608 0.01962198382205 0.00860000000000 0.02337506482748 0.00190000000000 0.00160000000000 0.00210000000000 0.00170000000000 0.01651701375835 0.02442245538395 0.01491275844312 0.01990760555436 0.02016790966181 0.01743730947463 0.02426356314028 0.01852988433342 0.00700000000000 0.03061784082659 0.00270000000000 0.01664049186482 0.00240000000000 0.00190000000000 0.00310000000000 0.00220000000000 
0.01466096682540 0.01478173910292 0.02779453842642 0.02687974603213 0.01425802353774 0.01445939219101 0.02462667718429 0.02400592296555 0.02067943871501 0.02120015856610 0.02003060265538 0.01982140111318 0.02027282307164 0.02079337199357 0.01879399117883 0.01858780669370 0.00140000000000 0.00140000000000 0.00840000000000 0.00840000000000 0.00140000000000 0.00140000000000 0.00570000000000 0.00580000000000 0.00160000000000 0.00160000000000 0.07991295761779 0.09014936622924 0.00160000000000 0.00160000000000 0.06534540037501 0.06427064113390 
0.01414091576974 0.01510391399212 0.00220000000000 0.00260000000000 0.00130000000000 0.00140000000000 0.00130000000000 0.00140000000000 0.01977151699430 0.01745447620536 0.00580000000000 0.00280000000000 0.00550000000000 0.00570000000000 0.00280000000000 0.00600000000000 0.00130000000000 0.00130000000000 0.00130000000000 0.00140000000000 0.00110000000000 0.00110000000000 0.00110000000000 0.00110000000000 0.00560000000000 0.00570000000000 0.00240000000000 0.00300000000000 0.00130000000000 0.00140000000000 0.00140000000000 0.00140000000000 
0.00160000000000 0.00170000000000 0.08102685882896 0.04281034744120 0.00630000000000 0.00990000000000 0.03990193084160 0.04317845056262 0.00120000000000 0.00120000000000 0.00160000000000 0.00160000000000 0.00130000000000 0.00130000000000 0.00660000000000 0.00630000000000 0.00180000000000 0.00180000000000 0.04913085757174 0.05472272066085 0.01258783026482 0.00990000000000 0.03630634648275 0.03341807486709 0.00120000000000 0.00120000000000 0.00170000000000 0.00170000000000 0.00140000000000 0.00140000000000 0.00690000000000 0.01566078711942 
0.00160000000000 0.00900000000000 0.00130000000000 0.00190000000000 0.00140000000000 0.00590000000000 0.00120000000000 0.00150000000000 0.00160000000000 0.00890000000000 0.00130000000000 0.00190000000000 0.00140000000000 0.00590000000000 0.00120000000000 0.00160000000000 0.01563575491564 0.13274699866213 0.00170000000000 0.00720000000000 0.00210000000000 0.01780787683546 0.00140000000000 0.00590000000000 0.01563210903685 0.10754273318930 0.00170000000000 0.00720000000000 0.00210000000000 0.01792513882483 0.00140000000000 0.00590000000000 
0.01718268679714 0.00160000000000 0.00740000000000 0.00140000000000 0.01810134898637 0.00180000000000 0.00710000000000 0.00150000000000 0.00130000000000 0.00110000000000 0.00120000000000 0.00110000000000 0.00140000000000 0.00120000000000 0.00130000000000 0.00110000000000 0.02251810918999 0.00180000000000 0.01718070776371 0.00150000000000 0.10362025321725 0.00200000000000 0.01788044666597 0.00160000000000 0.00140000000000 0.00120000000000 0.00130000000000 0.00110000000000 0.00150000000000 0.00120000000000 0.00130000000000 0.00110000000000 
0.02081428196621 0.00730000000000 0.01850014989008 0.01299565874915 0.08738637496283 0.02323621563748 0.05297650332234 0.01973173781851 0.00800000000000 0.00190000000000 0.01465696385249 0.00170000000000 0.03123994528485 0.01568303981810 0.02158548444722 0.01558876252956 0.02051072729155 0.00720000000000 0.01839474768936 0.01298638336928 0.08687982504372 0.02273121101192 0.04857109042996 0.01962056097686 0.00780000000000 0.00190000000000 0.01464511018580 0.00170000000000 0.02971564235834 0.01558011598036 0.02137054211327 0.01548907958551 
0.00180000000000 0.00230000000000 0.11477510324830 0.01755704820755 0.00160000000000 0.00190000000000 0.01836090994353 0.02226616384953 0.00170000000000 0.00490000000000 0.00870000000000 0.00900000000000 0.00150000000000 0.00170000000000 0.00490000000000 0.00740000000000 0.00130000000000 0.00150000000000 0.01525193588627 0.00920000000000 0.00130000000000 0.00140000000000 0.00610000000000 0.00630000000000 0.00120000000000 0.00130000000000 0.00460000000000 0.00480000000000 0.00120000000000 0.00130000000000 0.00450000000000 0.00460000000000 
0.00750000000000 0.00140000000000 0.01952600484274 0.00140000000000 0.01556614316061 0.00150000000000 0.00590000000000 0.00160000000000 0.00140000000000 0.00120000000000 0.00160000000000 0.00120000000000 0.00160000000000 0.00120000000000 0.00170000000000 0.00130000000000 0.00160000000000 0.00120000000000 0.00170000000000 0.00120000000000 0.00170000000000 0.00130000000000 0.00190000000000 0.00130000000000 0.00120000000000 0.00110000000000 0.00130000000000 0.00110000000000 0.00130000000000 0.00110000000000 0.00140000000000 0.00110000000000 
0.01937157080003 0.02248647131646 0.02892530924600 0.02150917710915 0.00200000000000 0.01387336709703 0.01490614727806 0.01628009475025 0.12083130740594 0.07497214429457 0.09503881565959 0.00860000000000 0.10264986049972 0.02823031937413 0.08196836767844 0.10756995543729 0.04168872804978 0.01853452099031 0.02007823254999 0.01561502696886 0.10321376023510 0.04840992103380 0.07341165052034 0.02240402183246 0.04339033551230 0.01530000974495 0.01701419590264 0.00520000000000 0.11016973911403 0.02134587768165 0.05834818153291 0.01712026888643 
0.00170000000000 0.00200000000000 0.00150000000000 0.00170000000000 0.00140000000000 0.00160000000000 0.00130000000000 0.00140000000000 0.00240000000000 0.00730000000000 0.00190000000000 0.00300000000000 0.00170000000000 0.00230000000000 0.00150000000000 0.00190000000000 0.00140000000000 0.00160000000000 0.00130000000000 0.00140000000000 0.00120000000000 0.00140000000000 0.00120000000000 0.00130000000000 0.00170000000000 0.00230000000000 0.00150000000000 0.00190000000000 0.00140000000000 0.00170000000000 0.00130000000000 0.00150000000000 
0.02707199422638 0.01690789923406 0.01748334000910 0.02695688218001 0.05332852807430 0.01927341016586 0.01412048903097 0.01832480080244 0.02805180918550 0.01702762301370 0.01727268617513 0.02584884664791 0.04603863170171 0.01956555529719 0.01400588489780 0.01803188559045 0.02051937854110 0.06529932890355 0.00630000000000 0.01348598905554 0.01610177108798 0.02166185620217 0.00170000000000 0.00650000000000 0.02010860839719 0.05113654731398 0.00630000000000 0.01342872502694 0.01597675435223 0.02116626583416 0.00170000000000 0.00650000000000 
0.00170000000000 0.00150000000000 0.00150000000000 0.00130000000000 0.00130000000000 0.00120000000000 0.00120000000000 0.00120000000000 0.00130000000000 0.00120000000000 0.00120000000000 0.00110000000000 0.00110000000000 0.00110000000000 0.00110000000000 0.00110000000000 0.00320000000000 0.00220000000000 0.00210000000000 0.00170000000000 0.00160000000000 0.00150000000000 0.00140000000000 0.00130000000000 0.00160000000000 0.00140000000000 0.00140000000000 0.00130000000000 0.00130000000000 0.00120000000000 0.00120000000000 0.00110000000000 
0.01460107620395 0.00500000000000 0.02143500296627 0.01698774379901 0.02135708732631 0.01871147627864 0.00150000000000 0.01839255613248 0.01596546283017 0.00580000000000 0.00210000000000 0.03311398458472 0.01381289650250 0.03411568465544 0.00120000000000 0.00210000000000 0.00190000000000 0.00150000000000 0.00670000000000 0.10627789885532 0.10308641903023 0.04359590697988 0.00140000000000 0.02768311511326 0.00290000000000 0.00170000000000 0.00190000000000 0.02883669461175 0.00200000000000 0.10664206160425 0.00120000000000 0.00180000000000 
0.00220000000000 0.00120000000000 0.00140000000000 0.00110000000000 0.00200000000000 0.00120000000000 0.00140000000000 0.00110000000000 0.00630000000000 0.00130000000000 0.00140000000000 0.00110000000000 0.00610000000000 0.00120000000000 0.00140000000000 0.00110000000000 0.00130000000000 0.00110000000000 0.00110000000000 0.00100000000000 0.00130000000000 0.00110000000000 0.00110000000000 0.00100000000000 0.00130000000000 0.00110000000000 0.00110000000000 0.00100000000000 0.00130000000000 0.00110000000000 0.00110000000000 0.00100000000000 
0.01746110581018 0.02335262269007 0.00140000000000 0.01800748367077 0.00600000000000 0.00530000000000 0.00140000000000 0.00240000000000 0.00230000000000 0.03405291432709 0.00130000000000 0.00190000000000 0.00190000000000 0.00930000000000 0.00120000000000 0.00180000000000 0.00200000000000 0.00130000000000 0.05201983718576 0.00160000000000 0.00170000000000 0.00120000000000 0.00930000000000 0.00150000000000 0.00640000000000 0.00130000000000 0.01845861144622 0.00190000000000 0.00210000000000 0.00130000000000 0.00630000000000 0.00170000000000 
0.01866645953372 0.01684097469152 0.02508459265716 0.00620000000000 0.01818037100671 0.02079018054463 0.01544204469783 0.00670000000000 0.00170000000000 0.00450000000000 0.00160000000000 0.00370000000000 0.00160000000000 0.00290000000000 0.00150000000000 0.00260000000000 0.02615782718437 0.01556707472409 0.06372723024368 0.00670000000000 0.02339911986179 0.01801244611601 0.05666495970889 0.01402939628298 0.01444910057390 0.03083807850345 0.00240000000000 0.08670982595249 0.01268434607176 0.03676071699621 0.00190000000000 0.02608369720954 
0.01947457975957 0.01716393993654 0.02535174631418 0.02099275862556 0.01600174425360 0.00720000000000 0.01595290076562 0.00700000000000 0.05593052360704 0.02159451107042 0.03563829697975 0.01892411643753 0.00160000000000 0.00170000000000 0.00150000000000 0.00160000000000 0.00170000000000 0.00180000000000 0.00190000000000 0.00600000000000 0.04330640173719 0.03337062461972 0.10893583711653 0.02241995606070 0.00200000000000 0.00220000000000 0.00240000000000 0.00720000000000 0.00720000000000 0.00690000000000 0.00300000000000 0.00660000000000 
0.00140000000000 0.00130000000000 0.00230000000000 0.00160000000000 0.00620000000000 0.00170000000000 0.02027871631544 0.01852624530009 0.00210000000000 0.00160000000000 0.02502703479973 0.02168385198219 0.02046985106350 0.01841939770270 0.03003270655484 0.05211879716077 0.00140000000000 0.00120000000000 0.00190000000000 0.00150000000000 0.00200000000000 0.00150000000000 0.01811601592529 0.01695707321872 0.00190000000000 0.00150000000000 0.02029875081624 0.01890449745326 0.01810846936792 0.01663328910139 0.02791867117885 0.03474362453528 
0.00140000000000 0.02935616569507 0.00150000000000 0.03221513353654 0.01531939573316 0.01574356366400 0.01577695460039 0.01563407540276 0.00140000000000 0.02615068429211 0.00140000000000 0.02845389806226 0.00640000000000 0.01499235225274 0.01479180338119 0.01489231659880 0.00130000000000 0.01834290337020 0.00130000000000 0.01885381667011 0.00170000000000 0.02305841201231 0.00180000000000 0.02214036570186 0.00120000000000 0.01750725987455 0.00130000000000 0.01784449939772 0.00170000000000 0.02161425477677 0.00170000000000 0.02088842414282 
0.00200000000000 0.00160000000000 0.02306497895855 0.01709357033875 0.01651641409901 0.00180000000000 0.03620342563512 0.02323641799582 0.00140000000000 0.00130000000000 0.00190000000000 0.00160000000000 0.00150000000000 0.00130000000000 0.01820382549452 0.00180000000000 0.00610000000000 0.00570000000000 0.02789622852228 0.00970000000000 0.00960000000000 0.00580000000000 0.03301548439055 0.01924534615306 0.00190000000000 0.00150000000000 0.00730000000000 0.00560000000000 0.00540000000000 0.00170000000000 0.01642794473907 0.00700000000000 
0.01654589093286 0.00690000000000 0.03089911170422 0.02288521479104 0.01846493519433 0.01485903533651 0.04160295135912 0.02596297105100 0.00160000000000 0.00140000000000 0.01497320481460 0.01000000000000 0.00180000000000 0.00150000000000 0.02059525329321 0.01929921343436 0.02236834417418 0.01745081344762 0.04649064528893 0.02905146713051 0.02794967163024 0.01944545437768 0.07044371312736 0.03507733453949 0.00200000000000 0.00160000000000 0.02812122657325 0.02186222312782 0.00490000000000 0.00190000000000 0.02909209912217 0.02245555852108 
0.01782369172867 0.00750000000000 0.02195561055091 0.01645255935730 0.01655385709581 0.00780000000000 0.02026239839069 0.01464701347023 0.01793617942387 0.01461471559154 0.02216932025122 0.01665809057661 0.01666190060051 0.00790000000000 0.02056365725530 0.01504557677444 0.01482120048327 0.00220000000000 0.01667106635449 0.00660000000000 0.00800000000000 0.00640000000000 0.01645184699492 0.00790000000000 0.01492531244766 0.00220000000000 0.01687377588417 0.00670000000000 0.00810000000000 0.00650000000000 0.01656550127577 0.00800000000000 
0.00150000000000 0.00140000000000 0.00130000000000 0.00130000000000 0.00160000000000 0.00160000000000 0.00140000000000 0.00140000000000 0.00150000000000 0.00140000000000 0.00130000000000 0.00130000000000 0.00160000000000 0.00160000000000 0.00140000000000 0.00140000000000 0.00150000000000 0.00150000000000 0.00140000000000 0.00140000000000 0.00170000000000 0.00170000000000 0.00150000000000 0.00140000000000 0.00150000000000 0.00150000000000 0.00140000000000 0.00140000000000 0.00170000000000 0.00170000000000 0.00150000000000 0.00140000000000 
0.00180000000000 0.00180000000000 0.00220000000000 0.00210000000000 0.00170000000000 0.00170000000000 0.00210000000000 0.00210000000000 0.00170000000000 0.00170000000000 0.00200000000000 0.00200000000000 0.00160000000000 0.00160000000000 0.00190000000000 0.00190000000000 0.01562023339526 0.01542378346156 0.01997914554482 0.01966235906223 0.01594335751437 0.01583273118516 0.01997316130730 0.01966426499218 0.00740000000000 0.00740000000000 0.01435197804035 0.01424446464846 0.00720000000000 0.00720000000000 0.01486628569743 0.01475739161021 
0.01519747604154 0.00200000000000 0.00340000000000 0.00210000000000 0.02367989341884 0.01839596522625 0.00990000000000 0.00870000000000 0.00160000000000 0.00140000000000 0.00180000000000 0.00150000000000 0.01371161064859 0.00160000000000 0.00210000000000 0.00170000000000 0.02213749095169 0.01558049276993 0.00710000000000 0.00840000000000 0.04589920733541 0.02400518395826 0.03508694445439 0.03004976173197 0.00650000000000 0.00570000000000 0.00660000000000 0.00210000000000 0.02134167061444 0.01682827447785 0.02354448680961 0.01507081373600 
0.00160000000000 0.00160000000000 0.00150000000000 0.00150000000000 0.01819676350081 0.01819789276672 0.00750000000000 0.00750000000000 0.01330922802304 0.01491871155987 0.00610000000000 0.00610000000000 0.02230135282229 0.02260180989196 0.00840000000000 0.00850000000000 0.01636889496733 0.01637231193838 0.00680000000000 0.00680000000000 0.03640040650416 0.03719615330983 0.01997234318941 0.02017444099002 0.02074006983826 0.02094336509732 0.01366606611791 0.01378269215788 0.01528602025044 0.01538236890383 0.00540000000000 0.00540000000000 
0.01682220954892 0.01902815393325 0.01649051603431 0.01860530436424 0.02677415391333 0.03650114914130 0.02462650561917 0.03243159290693 0.00150000000000 0.00150000000000 0.00150000000000 0.00150000000000 0.00180000000000 0.00190000000000 0.00180000000000 0.00190000000000 0.01501639751724 0.01762690697649 0.01522319326904 0.01803365483457 0.00190000000000 0.00200000000000 0.00190000000000 0.00220000000000 0.06835150895592 0.05374381966161 0.06645371572921 0.05039445005237 0.00670000000000 0.01767793556778 0.00710000000000 0.01829921100990 
0.00170000000000 0.00130000000000 0.00170000000000 0.00130000000000 0.01584761707885 0.00170000000000 0.01584390390429 0.00170000000000 0.00150000000000 0.00120000000000 0.00150000000000 0.00120000000000 0.01275313359883 0.00150000000000 0.01275018797931 0.00150000000000 0.10871165930899 0.01724846668606 0.10880558764756 0.01724530606822 0.02394125091543 0.10949587189319 0.02394605734041 0.10362900119598 0.03006425341638 0.01484925319807 0.02986798094053 0.01484802191029 0.03698645656230 0.02227778215203 0.03749531573973 0.02218919268741 
0.00170000000000 0.01654164526432 0.00170000000000 0.01654207983432 0.00120000000000 0.00140000000000 0.00120000000000 0.00140000000000 0.01445840575558 0.02527181848431 0.01445873635476 0.02527420218164 0.00140000000000 0.00170000000000 0.00140000000000 0.00170000000000 0.00130000000000 0.00150000000000 0.00130000000000 0.00150000000000 0.00110000000000 0.00120000000000 0.00110000000000 0.00120000000000 0.00140000000000 0.00700000000000 0.00140000000000 0.00700000000000 0.00110000000000 0.00130000000000 0.00110000000000 0.00130000000000 
0.00190000000000 0.01436766502364 0.02790446790206 0.03798529001537 0.02004228638550 0.02616720995538 0.03188966746023 0.02538031436832 0.00160000000000 0.00190000000000 0.02174215298210 0.02605674872974 0.01678280577508 0.01983231411234 0.04374994390379 0.03166247343641 0.00140000000000 0.00150000000000 0.01661619410609 0.01884707926728 0.00660000000000 0.01511304667210 0.02996265093932 0.04868547421762 0.00130000000000 0.00140000000000 0.01350188565462 0.01674564062164 0.00200000000000 0.01260817001086 0.02277652738853 0.02815460389865 
0.00150000000000 0.00130000000000 0.00200000000000 0.00160000000000 0.00170000000000 0.00150000000000 0.00250000000000 0.00190000000000 0.01441109793191 0.00170000000000 0.01547807765004 0.00640000000000 0.00290000000000 0.00200000000000 0.01868610233051 0.00370000000000 0.00120000000000 0.00110000000000 0.00130000000000 0.00120000000000 0.00120000000000 0.00120000000000 0.00140000000000 0.00130000000000 0.00130000000000 0.00120000000000 0.00150000000000 0.00140000000000 0.00140000000000 0.00130000000000 0.00180000000000 0.00150000000000 
0.01563444415734 0.02655292860931 0.03259428189423 0.01678254529601 0.02595568298357 0.02112975648342 0.05225954748882 0.01505936989078 0.01657825643002 0.10709842041756 0.02846047969146 0.02944695431820 0.02374596724729 0.02957687347992 0.03312269767476 0.01770190935273 0.00190000000000 0.04511492032449 0.01936580753265 0.02719109515280 0.01715610628134 0.02609660621348 0.03560857683278 0.01841645699554 0.00590000000000 0.02923342375993 0.01962740907607 0.04756845647869 0.01784271274524 0.06954616444054 0.02438021028456 0.02400142562715 
M_out
1 1 1 1 1 0 0 0 0 0 0 0 0 0 0 0 0 0 0 0 0 0 0 0 0 0 0 0 0 0 0 0 0 0 0 0 0 0 0 0 0 0 0 0 0 0 0 0 0 0 0 0 0 0 0 0 0 0 0 0 0 0 0 0 0 0 0 0 0 0 0 0 0 0 0 0 0 0 0 0 0 0 0 0 0 0 0 0 0 0 0 0 0 0 0 0 0 0 0 0 
0 1 1 1 1 1 0 0 0 0 0 0 0 0 0 0 0 0 0 0 0 0 0 0 0 0 0 0 0 0 0 0 0 0 0 0 0 0 0 0 0 0 0 0 0 0 0 0 0 0 0 0 0 0 0 0 0 0 0 0 0 0 0 0 0 0 0 0 0 0 0 0 0 0 0 0 0 0 0 0 0 0 0 0 0 0 0 0 0 0 0 0 0 0 0 0 0 0 0 0 
0 0 1 1 1 1 1 0 0 0 0 0 0 0 0 0 0 0 0 0 0 0 0 0 0 0 0 0 0 0 0 0 0 0 0 0 0 0 0 0 0 0 0 0 0 0 0 0 0 0 0 0 0 0 0 0 0 0 0 0 0 0 0 0 0 0 0 0 0 0 0 0 0 0 0 0 0 0 0 0 0 0 0 0 0 0 0 0 0 0 0 0 0 0 0 0 0 0 0 0 
0 0 0 1 1 1 1 1 0 0 0 0 0 0 0 0 0 0 0 0 0 0 0 0 0 0 0 0 0 0 0 0 0 0 0 0 0 0 0 0 0 0 0 0 0 0 0 0 0 0 0 0 0 0 0 0 0 0 0 0 0 0 0 0 0 0 0 0 0 0 0 0 0 0 0 0 0 0 0 0 0 0 0 0 0 0 0 0 0 0 0 0 0 0 0 0 0 0 0 0 
0 0 0 0 1 1 1 1 1 0 0 0 0 0 0 0 0 0 0 0 0 0 0 0 0 0 0 0 0 0 0 0 0 0 0 0 0 0 0 0 0 0 0 0 0 0 0 0 0 0 0 0 0 0 0 0 0 0 0 0 0 0 0 0 0 0 0 0 0 0 0 0 0 0 0 0 0 0 0 0 0 0 0 0 0 0 0 0 0 0 0 0 0 0 0 0 0 0 0 0 
0 0 0 0 0 1 1 1 1 1 0 0 0 0 0 0 0 0 0 0 0 0 0 0 0 0 0 0 0 0 0 0 0 0 0 0 0 0 0 0 0 0 0 0 0 0 0 0 0 0 0 0 0 0 0 0 0 0 0 0 0 0 0 0 0 0 0 0 0 0 0 0 0 0 0 0 0 0 0 0 0 0 0 0 0 0 0 0 0 0 0 0 0 0 0 0 0 0 0 0 
0 0 0 0 0 0 1 1 1 1 1 0 0 0 0 0 0 0 0 0 0 0 0 0 0 0 0 0 0 0 0 0 0 0 0 0 0 0 0 0 0 0 0 0 0 0 0 0 0 0 0 0 0 0 0 0 0 0 0 0 0 0 0 0 0 0 0 0 0 0 0 0 0 0 0 0 0 0 0 0 0 0 0 0 0 0 0 0 0 0 0 0 0 0 0 0 0 0 0 0 
0 0 0 0 0 0 0 1 1 1 1 1 0 0 0 0 0 0 0 0 0 0 0 0 0 0 0 0 0 0 0 0 0 0 0 0 0 0 0 0 0 0 0 0 0 0 0 0 0 0 0 0 0 0 0 0 0 0 0 0 0 0 0 0 0 0 0 0 0 0 0 0 0 0 0 0 0 0 0 0 0 0 0 0 0 0 0 0 0 0 0 0 0 0 0 0 0 0 0 0 
0 0 0 0 0 0 0 0 1 1 1 1 1 0 0 0 0 0 0 0 0 0 0 0 0 0 0 0 0 0 0 0 0 0 0 0 0 0 0 0 0 0 0 0 0 0 0 0 0 0 0 0 0 0 0 0 0 0 0 0 0 0 0 0 0 0 0 0 0 0 0 0 0 0 0 0 0 0 0 0 0 0 0 0 0 0 0 0 0 0 0 0 0 0 0 0 0 0 0 0 
0 0 0 0 0 0 0 0 0 1 1 1 1 1 0 0 0 0 0 0 0 0 0 0 0 0 0 0 0 0 0 0 0 0 0 0 0 0 0 0 0 0 0 0 0 0 0 0 0 0 0 0 0 0 0 0 0 0 0 0 0 0 0 0 0 0 0 0 0 0 0 0 0 0 0 0 0 0 0 0 0 0 0 0 0 0 0 0 0 0 0 0 0 0 0 0 0 0 0 0 
0 0 0 0 0 0 0 0 0 0 1 1 1 1 1 0 0 0 0 0 0 0 0 0 0 0 0 0 0 0 0 0 0 0 0 0 0 0 0 0 0 0 0 0 0 0 0 0 0 0 0 0 0 0 0 0 0 0 0 0 0 0 0 0 0 0 0 0 0 0 0 0 0 0 0 0 0 0 0 0 0 0 0 0 0 0 0 0 0 0 0 0 0 0 0 0 0 0 0 0 
0 0 0 0 0 0 0 0 0 0 0 1 1 1 1 1 0 0 0 0 0 0 0 0 0 0 0 0 0 0 0 0 0 0 0 0 0 0 0 0 0 0 0 0 0 0 0 0 0 0 0 0 0 0 0 0 0 0 0 0 0 0 0 0 0 0 0 0 0 0 0 0 0 0 0 0 0 0 0 0 0 0 0 0 0 0 0 0 0 0 0 0 0 0 0 0 0 0 0 0 
0 0 0 0 0 0 0 0 0 0 0 0 1 1 1 1 1 0 0 0 0 0 0 0 0 0 0 0 0 0 0 0 0 0 0 0 0 0 0 0 0 0 0 0 0 0 0 0 0 0 0 0 0 0 0 0 0 0 0 0 0 0 0 0 0 0 0 0 0 0 0 0 0 0 0 0 0 0 0 0 0 0 0 0 0 0 0 0 0 0 0 0 0 0 0 0 0 0 0 0 
0 0 0 0 0 0 0 0 0 0 0 0 0 1 1 1 1 1 0 0 0 0 0 0 0 0 0 0 0 0 0 0 0 0 0 0 0 0 0 0 0 0 0 0 0 0 0 0 0 0 0 0 0 0 0 0 0 0 0 0 0 0 0 0 0 0 0 0 0 0 0 0 0 0 0 0 0 0 0 0 0 0 0 0 0 0 0 0 0 0 0 0 0 0 0 0 0 0 0 0 
0 0 0 0 0 0 0 0 0 0 0 0 0 0 1 1 1 1 1 0 0 0 0 0 0 0 0 0 0 0 0 0 0 0 0 0 0 0 0 0 0 0 0 0 0 0 0 0 0 0 0 0 0 0 0 0 0 0 0 0 0 0 0 0 0 0 0 0 0 0 0 0 0 0 0 0 0 0 0 0 0 0 0 0 0 0 0 0 0 0 0 0 0 0 0 0 0 0 0 0 
0 0 0 0 0 0 0 0 0 0 0 0 0 0 0 1 1 1 1 1 0 0 0 0 0 0 0 0 0 0 0 0 0 0 0 0 0 0 0 0 0 0 0 0 0 0 0 0 0 0 0 0 0 0 0 0 0 0 0 0 0 0 0 0 0 0 0 0 0 0 0 0 0 0 0 0 0 0 0 0 0 0 0 0 0 0 0 0 0 0 0 0 0 0 0 0 0 0 0 0 
0 0 0 0 0 0 0 0 0 0 0 0 0 0 0 0 1 1 1 1 1 0 0 0 0 0 0 0 0 0 0 0 0 0 0 0 0 0 0 0 0 0 0 0 0 0 0 0 0 0 0 0 0 0 0 0 0 0 0 0 0 0 0 0 0 0 0 0 0 0 0 0 0 0 0 0 0 0 0 0 0 0 0 0 0 0 0 0 0 0 0 0 0 0 0 0 0 0 0 0 
0 0 0 0 0 0 0 0 0 0 0 0 0 0 0 0 0 1 1 1 1 1 0 0 0 0 0 0 0 0 0 0 0 0 0 0 0 0 0 0 0 0 0 0 0 0 0 0 0 0 0 0 0 0 0 0 0 0 0 0 0 0 0 0 0 0 0 0 0 0 0 0 0 0 0 0 0 0 0 0 0 0 0 0 0 0 0 0 0 0 0 0 0 0 0 0 0 0 0 0 
0 0 0 0 0 0 0 0 0 0 0 0 0 0 0 0 0 0 1 1 1 1 1 0 0 0 0 0 0 0 0 0 0 0 0 0 0 0 0 0 0 0 0 0 0 0 0 0 0 0 0 0 0 0 0 0 0 0 0 0 0 0 0 0 0 0 0 0 0 0 0 0 0 0 0 0 0 0 0 0 0 0 0 0 0 0 0 0 0 0 0 0 0 0 0 0 0 0 0 0 
0 0 0 0 0 0 0 0 0 0 0 0 0 0 0 0 0 0 0 1 1 1 1 1 0 0 0 0 0 0 0 0 0 0 0 0 0 0 0 0 0 0 0 0 0 0 0 0 0 0 0 0 0 0 0 0 0 0 0 0 0 0 0 0 0 0 0 0 0 0 0 0 0 0 0 0 0 0 0 0 0 0 0 0 0 0 0 0 0 0 0 0 0 0 0 0 0 0 0 0 
0 0 0 0 0 0 0 0 0 0 0 0 0 0 0 0 0 0 0 0 1 1 1 1 1 0 0 0 0 0 0 0 0 0 0 0 0 0 0 0 0 0 0 0 0 0 0 0 0 0 0 0 0 0 0 0 0 0 0 0 0 0 0 0 0 0 0 0 0 0 0 0 0 0 0 0 0 0 0 0 0 0 0 0 0 0 0 0 0 0 0 0 0 0 0 0 0 0 0 0 
0 0 0 0 0 0 0 0 0 0 0 0 0 0 0 0 0 0 0 0 0 1 1 1 1 1 0 0 0 0 0 0 0 0 0 0 0 0 0 0 0 0 0 0 0 0 0 0 0 0 0 0 0 0 0 0 0 0 0 0 0 0 0 0 0 0 0 0 0 0 0 0 0 0 0 0 0 0 0 0 0 0 0 0 0 0 0 0 0 0 0 0 0 0 0 0 0 0 0 0 
0 0 0 0 0 0 0 0 0 0 0 0 0 0 0 0 0 0 0 0 0 0 1 1 1 1 1 0 0 0 0 0 0 0 0 0 0 0 0 0 0 0 0 0 0 0 0 0 0 0 0 0 0 0 0 0 0 0 0 0 0 0 0 0 0 0 0 0 0 0 0 0 0 0 0 0 0 0 0 0 0 0 0 0 0 0 0 0 0 0 0 0 0 0 0 0 0 0 0 0 
0 0 0 0 0 0 0 0 0 0 0 0 0 0 0 0 0 0 0 0 0 0 0 1 1 1 1 1 0 0 0 0 0 0 0 0 0 0 0 0 0 0 0 0 0 0 0 0 0 0 0 0 0 0 0 0 0 0 0 0 0 0 0 0 0 0 0 0 0 0 0 0 0 0 0 0 0 0 0 0 0 0 0 0 0 0 0 0 0 0 0 0 0 0 0 0 0 0 0 0 
0 0 0 0 0 0 0 0 0 0 0 0 0 0 0 0 0 0 0 0 0 0 0 0 1 1 1 1 1 0 0 0 0 0 0 0 0 0 0 0 0 0 0 0 0 0 0 0 0 0 0 0 0 0 0 0 0 0 0 0 0 0 0 0 0 0 0 0 0 0 0 0 0 0 0 0 0 0 0 0 0 0 0 0 0 0 0 0 0 0 0 0 0 0 0 0 0 0 0 0 
0 0 0 0 0 0 0 0 0 0 0 0 0 0 0 0 0 0 0 0 0 0 0 0 0 1 1 1 1 1 0 0 0 0 0 0 0 0 0 0 0 0 0 0 0 0 0 0 0 0 0 0 0 0 0 0 0 0 0 0 0 0 0 0 0 0 0 0 0 0 0 0 0 0 0 0 0 0 0 0 0 0 0 0 0 0 0 0 0 0 0 0 0 0 0 0 0 0 0 0 
0 0 0 0 0 0 0 0 0 0 0 0 0 0 0 0 0 0 0 0 0 0 0 0 0 0 1 1 1 1 1 0 0 0 0 0 0 0 0 0 0 0 0 0 0 0 0 0 0 0 0 0 0 0 0 0 0 0 0 0 0 0 0 0 0 0 0 0 0 0 0 0 0 0 0 0 0 0 0 0 0 0 0 0 0 0 0 0 0 0 0 0 0 0 0 0 0 0 0 0 
0 0 0 0 0 0 0 0 0 0 0 0 0 0 0 0 0 0 0 0 0 0 0 0 0 0 0 1 1 1 1 1 0 0 0 0 0 0 0 0 0 0 0 0 0 0 0 0 0 0 0 0 0 0 0 0 0 0 0 0 0 0 0 0 0 0 0 0 0 0 0 0 0 0 0 0 0 0 0 0 0 0 0 0 0 0 0 0 0 0 0 0 0 0 0 0 0 0 0 0 
0 0 0 0 0 0 0 0 0 0 0 0 0 0 0 0 0 0 0 0 0 0 0 0 0 0 0 0 1 1 1 1 1 0 0 0 0 0 0 0 0 0 0 0 0 0 0 0 0 0 0 0 0 0 0 0 0 0 0 0 0 0 0 0 0 0 0 0 0 0 0 0 0 0 0 0 0 0 0 0 0 0 0 0 0 0 0 0 0 0 0 0 0 0 0 0 0 0 0 0 
0 0 0 0 0 0 0 0 0 0 0 0 0 0 0 0 0 0 0 0 0 0 0 0 0 0 0 0 0 1 1 1 1 1 0 0 0 0 0 0 0 0 0 0 0 0 0 0 0 0 0 0 0 0 0 0 0 0 0 0 0 0 0 0 0 0 0 0 0 0 0 0 0 0 0 0 0 0 0 0 0 0 0 0 0 0 0 0 0 0 0 0 0 0 0 0 0 0 0 0 
0 0 0 0 0 0 0 0 0 0 0 0 0 0 0 0 0 0 0 0 0 0 0 0 0 0 0 0 0 0 1 1 1 1 1 0 0 0 0 0 0 0 0 0 0 0 0 0 0 0 0 0 0 0 0 0 0 0 0 0 0 0 0 0 0 0 0 0 0 0 0 0 0 0 0 0 0 0 0 0 0 0 0 0 0 0 0 0 0 0 0 0 0 0 0 0 0 0 0 0 
0 0 0 0 0 0 0 0 0 0 0 0 0 0 0 0 0 0 0 0 0 0 0 0 0 0 0 0 0 0 0 1 1 1 1 1 0 0 0 0 0 0 0 0 0 0 0 0 0 0 0 0 0 0 0 0 0 0 0 0 0 0 0 0 0 0 0 0 0 0 0 0 0 0 0 0 0 0 0 0 0 0 0 0 0 0 0 0 0 0 0 0 0 0 0 0 0 0 0 0 
0 0 0 0 0 0 0 0 0 0 0 0 0 0 0 0 0 0 0 0 0 0 0 0 0 0 0 0 0 0 0 0 1 1 1 1 1 0 0 0 0 0 0 0 0 0 0 0 0 0 0 0 0 0 0 0 0 0 0 0 0 0 0 0 0 0 0 0 0 0 0 0 0 0 0 0 0 0 0 0 0 0 0 0 0 0 0 0 0 0 0 0 0 0 0 0 0 0 0 0 
0 0 0 0 0 0 0 0 0 0 0 0 0 0 0 0 0 0 0 0 0 0 0 0 0 0 0 0 0 0 0 0 0 1 1 1 1 1 0 0 0 0 0 0 0 0 0 0 0 0 0 0 0 0 0 0 0 0 0 0 0 0 0 0 0 0 0 0 0 0 0 0 0 0 0 0 0 0 0 0 0 0 0 0 0 0 0 0 0 0 0 0 0 0 0 0 0 0 0 0 
0 0 0 0 0 0 0 0 0 0 0 0 0 0 0 0 0 0 0 0 0 0 0 0 0 0 0 0 0 0 0 0 0 0 1 1 1 1 1 0 0 0 0 0 0 0 0 0 0 0 0 0 0 0 0 0 0 0 0 0 0 0 0 0 0 0 0 0 0 0 0 0 0 0 0 0 0 0 0 0 0 0 0 0 0 0 0 0 0 0 0 0 0 0 0 0 0 0 0 0 
0 0 0 0 0 0 0 0 0 0 0 0 0 0 0 0 0 0 0 0 0 0 0 0 0 0 0 0 0 0 0 0 0 0 0 1 1 1 1 1 0 0 0 0 0 0 0 0 0 0 0 0 0 0 0 0 0 0 0 0 0 0 0 0 0 0 0 0 0 0 0 0 0 0 0 0 0 0 0 0 0 0 0 0 0 0 0 0 0 0 0 0 0 0 0 0 0 0 0 0 
0 0 0 0 0 0 0 0 0 0 0 0 0 0 0 0 0 0 0 0 0 0 0 0 0 0 0 0 0 0 0 0 0 0 0 0 1 1 1 1 1 0 0 0 0 0 0 0 0 0 0 0 0 0 0 0 0 0 0 0 0 0 0 0 0 0 0 0 0 0 0 0 0 0 0 0 0 0 0 0 0 0 0 0 0 0 0 0 0 0 0 0 0 0 0 0 0 0 0 0 
0 0 0 0 0 0 0 0 0 0 0 0 0 0 0 0 0 0 0 0 0 0 0 0 0 0 0 0 0 0 0 0 0 0 0 0 0 1 1 1 1 1 0 0 0 0 0 0 0 0 0 0 0 0 0 0 0 0 0 0 0 0 0 0 0 0 0 0 0 0 0 0 0 0 0 0 0 0 0 0 0 0 0 0 0 0 0 0 0 0 0 0 0 0 0 0 0 0 0 0 
0 0 0 0 0 0 0 0 0 0 0 0 0 0 0 0 0 0 0 0 0 0 0 0 0 0 0 0 0 0 0 0 0 0 0 0 0 0 1 1 1 1 1 0 0 0 0 0 0 0 0 0 0 0 0 0 0 0 0 0 0 0 0 0 0 0 0 0 0 0 0 0 0 0 0 0 0 0 0 0 0 0 0 0 0 0 0 0 0 0 0 0 0 0 0 0 0 0 0 0 
0 0 0 0 0 0 0 0 0 0 0 0 0 0 0 0 0 0 0 0 0 0 0 0 0 0 0 0 0 0 0 0 0 0 0 0 0 0 0 1 1 1 1 1 0 0 0 0 0 0 0 0 0 0 0 0 0 0 0 0 0 0 0 0 0 0 0 0 0 0 0 0 0 0 0 0 0 0 0 0 0 0 0 0 0 0 0 0 0 0 0 0 0 0 0 0 0 0 0 0 
0 0 0 0 0 0 0 0 0 0 0 0 0 0 0 0 0 0 0 0 0 0 0 0 0 0 0 0 0 0 0 0 0 0 0 0 0 0 0 0 1 1 1 1 1 0 0 0 0 0 0 0 0 0 0 0 0 0 0 0 0 0 0 0 0 0 0 0 0 0 0 0 0 0 0 0 0 0 0 0 0 0 0 0 0 0 0 0 0 0 0 0 0 0 0 0 0 0 0 0 
0 0 0 0 0 0 0 0 0 0 0 0 0 0 0 0 0 0 0 0 0 0 0 0 0 0 0 0 0 0 0 0 0 0 0 0 0 0 0 0 0 1 1 1 1 1 0 0 0 0 0 0 0 0 0 0 0 0 0 0 0 0 0 0 0 0 0 0 0 0 0 0 0 0 0 0 0 0 0 0 0 0 0 0 0 0 0 0 0 0 0 0 0 0 0 0 0 0 0 0 
0 0 0 0 0 0 0 0 0 0 0 0 0 0 0 0 0 0 0 0 0 0 0 0 0 0 0 0 0 0 0 0 0 0 0 0 0 0 0 0 0 0 1 1 1 1 1 0 0 0 0 0 0 0 0 0 0 0 0 0 0 0 0 0 0 0 0 0 0 0 0 0 0 0 0 0 0 0 0 0 0 0 0 0 0 0 0 0 0 0 0 0 0 0 0 0 0 0 0 0 
0 0 0 0 0 0 0 0 0 0 0 0 0 0 0 0 0 0 0 0 0 0 0 0 0 0 0 0 0 0 0 0 0 0 0 0 0 0 0 0 0 0 0 1 1 1 1 1 0 0 0 0 0 0 0 0 0 0 0 0 0 0 0 0 0 0 0 0 0 0 0 0 0 0 0 0 0 0 0 0 0 0 0 0 0 0 0 0 0 0 0 0 0 0 0 0 0 0 0 0 
0 0 0 0 0 0 0 0 0 0 0 0 0 0 0 0 0 0 0 0 0 0 0 0 0 0 0 0 0 0 0 0 0 0 0 0 0 0 0 0 0 0 0 0 1 1 1 1 1 0 0 0 0 0 0 0 0 0 0 0 0 0 0 0 0 0 0 0 0 0 0 0 0 0 0 0 0 0 0 0 0 0 0 0 0 0 0 0 0 0 0 0 0 0 0 0 0 0 0 0 
0 0 0 0 0 0 0 0 0 0 0 0 0 0 0 0 0 0 0 0 0 0 0 0 0 0 0 0 0 0 0 0 0 0 0 0 0 0 0 0 0 0 0 0 0 1 1 1 1 1 0 0 0 0 0 0 0 0 0 0 0 0 0 0 0 0 0 0 0 0 0 0 0 0 0 0 0 0 0 0 0 0 0 0 0 0 0 0 0 0 0 0 0 0 0 0 0 0 0 0 
0 0 0 0 0 0 0 0 0 0 0 0 0 0 0 0 0 0 0 0 0 0 0 0 0 0 0 0 0 0 0 0 0 0 0 0 0 0 0 0 0 0 0 0 0 0 1 1 1 1 1 0 0 0 0 0 0 0 0 0 0 0 0 0 0 0 0 0 0 0 0 0 0 0 0 0 0 0 0 0 0 0 0 0 0 0 0 0 0 0 0 0 0 0 0 0 0 0 0 0 
0 0 0 0 0 0 0 0 0 0 0 0 0 0 0 0 0 0 0 0 0 0 0 0 0 0 0 0 0 0 0 0 0 0 0 0 0 0 0 0 0 0 0 0 0 0 0 1 1 1 1 1 0 0 0 0 0 0 0 0 0 0 0 0 0 0 0 0 0 0 0 0 0 0 0 0 0 0 0 0 0 0 0 0 0 0 0 0 0 0 0 0 0 0 0 0 0 0 0 0 
0 0 0 0 0 0 0 0 0 0 0 0 0 0 0 0 0 0 0 0 0 0 0 0 0 0 0 0 0 0 0 0 0 0 0 0 0 0 0 0 0 0 0 0 0 0 0 0 1 1 1 1 1 0 0 0 0 0 0 0 0 0 0 0 0 0 0 0 0 0 0 0 0 0 0 0 0 0 0 0 0 0 0 0 0 0 0 0 0 0 0 0 0 0 0 0 0 0 0 0 
0 0 0 0 0 0 0 0 0 0 0 0 0 0 0 0 0 0 0 0 0 0 0 0 0 0 0 0 0 0 0 0 0 0 0 0 0 0 0 0 0 0 0 0 0 0 0 0 0 1 1 1 1 1 0 0 0 0 0 0 0 0 0 0 0 0 0 0 0 0 0 0 0 0 0 0 0 0 0 0 0 0 0 0 0 0 0 0 0 0 0 0 0 0 0 0 0 0 0 0 
0 0 0 0 0 0 0 0 0 0 0 0 0 0 0 0 0 0 0 0 0 0 0 0 0 0 0 0 0 0 0 0 0 0 0 0 0 0 0 0 0 0 0 0 0 0 0 0 0 0 1 1 1 1 1 0 0 0 0 0 0 0 0 0 0 0 0 0 0 0 0 0 0 0 0 0 0 0 0 0 0 0 0 0 0 0 0 0 0 0 0 0 0 0 0 0 0 0 0 0 
0 0 0 0 0 0 0 0 0 0 0 0 0 0 0 0 0 0 0 0 0 0 0 0 0 0 0 0 0 0 0 0 0 0 0 0 0 0 0 0 0 0 0 0 0 0 0 0 0 0 0 1 1 1 1 1 0 0 0 0 0 0 0 0 0 0 0 0 0 0 0 0 0 0 0 0 0 0 0 0 0 0 0 0 0 0 0 0 0 0 0 0 0 0 0 0 0 0 0 0 
0 0 0 0 0 0 0 0 0 0 0 0 0 0 0 0 0 0 0 0 0 0 0 0 0 0 0 0 0 0 0 0 0 0 0 0 0 0 0 0 0 0 0 0 0 0 0 0 0 0 0 0 1 1 1 1 1 0 0 0 0 0 0 0 0 0 0 0 0 0 0 0 0 0 0 0 0 0 0 0 0 0 0 0 0 0 0 0 0 0 0 0 0 0 0 0 0 0 0 0 
0 0 0 0 0 0 0 0 0 0 0 0 0 0 0 0 0 0 0 0 0 0 0 0 0 0 0 0 0 0 0 0 0 0 0 0 0 0 0 0 0 0 0 0 0 0 0 0 0 0 0 0 0 1 1 1 1 1 0 0 0 0 0 0 0 0 0 0 0 0 0 0 0 0 0 0 0 0 0 0 0 0 0 0 0 0 0 0 0 0 0 0 0 0 0 0 0 0 0 0 
0 0 0 0 0 0 0 0 0 0 0 0 0 0 0 0 0 0 0 0 0 0 0 0 0 0 0 0 0 0 0 0 0 0 0 0 0 0 0 0 0 0 0 0 0 0 0 0 0 0 0 0 0 0 1 1 1 1 1 0 0 0 0 0 0 0 0 0 0 0 0 0 0 0 0 0 0 0 0 0 0 0 0 0 0 0 0 0 0 0 0 0 0 0 0 0 0 0 0 0 
0 0 0 0 0 0 0 0 0 0 0 0 0 0 0 0 0 0 0 0 0 0 0 0 0 0 0 0 0 0 0 0 0 0 0 0 0 0 0 0 0 0 0 0 0 0 0 0 0 0 0 0 0 0 0 1 1 1 1 1 0 0 0 0 0 0 0 0 0 0 0 0 0 0 0 0 0 0 0 0 0 0 0 0 0 0 0 0 0 0 0 0 0 0 0 0 0 0 0 0 
0 0 0 0 0 0 0 0 0 0 0 0 0 0 0 0 0 0 0 0 0 0 0 0 0 0 0 0 0 0 0 0 0 0 0 0 0 0 0 0 0 0 0 0 0 0 0 0 0 0 0 0 0 0 0 0 1 1 1 1 1 0 0 0 0 0 0 0 0 0 0 0 0 0 0 0 0 0 0 0 0 0 0 0 0 0 0 0 0 0 0 0 0 0 0 0 0 0 0 0 
0 0 0 0 0 0 0 0 0 0 0 0 0 0 0 0 0 0 0 0 0 0 0 0 0 0 0 0 0 0 0 0 0 0 0 0 0 0 0 0 0 0 0 0 0 0 0 0 0 0 0 0 0 0 0 0 0 1 1 1 1 1 0 0 0 0 0 0 0 0 0 0 0 0 0 0 0 0 0 0 0 0 0 0 0 0 0 0 0 0 0 0 0 0 0 0 0 0 0 0 
0 0 0 0 0 0 0 0 0 0 0 0 0 0 0 0 0 0 0 0 0 0 0 0 0 0 0 0 0 0 0 0 0 0 0 0 0 0 0 0 0 0 0 0 0 0 0 0 0 0 0 0 0 0 0 0 0 0 1 1 1 1 1 0 0 0 0 0 0 0 0 0 0 0 0 0 0 0 0 0 0 0 0 0 0 0 0 0 0 0 0 0 0 0 0 0 0 0 0 0 
0 0 0 0 0 0 0 0 0 0 0 0 0 0 0 0 0 0 0 0 0 0 0 0 0 0 0 0 0 0 0 0 0 0 0 0 0 0 0 0 0 0 0 0 0 0 0 0 0 0 0 0 0 0 0 0 0 0 0 1 1 1 1 1 0 0 0 0 0 0 0 0 0 0 0 0 0 0 0 0 0 0 0 0 0 0 0 0 0 0 0 0 0 0 0 0 0 0 0 0 
0 0 0 0 0 0 0 0 0 0 0 0 0 0 0 0 0 0 0 0 0 0 0 0 0 0 0 0 0 0 0 0 0 0 0 0 0 0 0 0 0 0 0 0 0 0 0 0 0 0 0 0 0 0 0 0 0 0 0 0 1 1 1 1 1 0 0 0 0 0 0 0 0 0 0 0 0 0 0 0 0 0 0 0 0 0 0 0 0 0 0 0 0 0 0 0 0 0 0 0 
0 0 0 0 0 0 0 0 0 0 0 0 0 0 0 0 0 0 0 0 0 0 0 0 0 0 0 0 0 0 0 0 0 0 0 0 0 0 0 0 0 0 0 0 0 0 0 0 0 0 0 0 0 0 0 0 0 0 0 0 0 1 1 1 1 1 0 0 0 0 0 0 0 0 0 0 0 0 0 0 0 0 0 0 0 0 0 0 0 0 0 0 0 0 0 0 0 0 0 0 
0 0 0 0 0 0 0 0 0 0 0 0 0 0 0 0 0 0 0 0 0 0 0 0 0 0 0 0 0 0 0 0 0 0 0 0 0 0 0 0 0 0 0 0 0 0 0 0 0 0 0 0 0 0 0 0 0 0 0 0 0 0 1 1 1 1 1 0 0 0 0 0 0 0 0 0 0 0 0 0 0 0 0 0 0 0 0 0 0 0 0 0 0 0 0 0 0 0 0 0 
0 0 0 0 0 0 0 0 0 0 0 0 0 0 0 0 0 0 0 0 0 0 0 0 0 0 0 0 0 0 0 0 0 0 0 0 0 0 0 0 0 0 0 0 0 0 0 0 0 0 0 0 0 0 0 0 0 0 0 0 0 0 0 1 1 1 1 1 0 0 0 0 0 0 0 0 0 0 0 0 0 0 0 0 0 0 0 0 0 0 0 0 0 0 0 0 0 0 0 0 
0 0 0 0 0 0 0 0 0 0 0 0 0 0 0 0 0 0 0 0 0 0 0 0 0 0 0 0 0 0 0 0 0 0 0 0 0 0 0 0 0 0 0 0 0 0 0 0 0 0 0 0 0 0 0 0 0 0 0 0 0 0 0 0 1 1 1 1 1 0 0 0 0 0 0 0 0 0 0 0 0 0 0 0 0 0 0 0 0 0 0 0 0 0 0 0 0 0 0 0 
0 0 0 0 0 0 0 0 0 0 0 0 0 0 0 0 0 0 0 0 0 0 0 0 0 0 0 0 0 0 0 0 0 0 0 0 0 0 0 0 0 0 0 0 0 0 0 0 0 0 0 0 0 0 0 0 0 0 0 0 0 0 0 0 0 1 1 1 1 1 0 0 0 0 0 0 0 0 0 0 0 0 0 0 0 0 0 0 0 0 0 0 0 0 0 0 0 0 0 0 
0 0 0 0 0 0 0 0 0 0 0 0 0 0 0 0 0 0 0 0 0 0 0 0 0 0 0 0 0 0 0 0 0 0 0 0 0 0 0 0 0 0 0 0 0 0 0 0 0 0 0 0 0 0 0 0 0 0 0 0 0 0 0 0 0 0 1 1 1 1 1 0 0 0 0 0 0 0 0 0 0 0 0 0 0 0 0 0 0 0 0 0 0 0 0 0 0 0 0 0 
0 0 0 0 0 0 0 0 0 0 0 0 0 0 0 0 0 0 0 0 0 0 0 0 0 0 0 0 0 0 0 0 0 0 0 0 0 0 0 0 0 0 0 0 0 0 0 0 0 0 0 0 0 0 0 0 0 0 0 0 0 0 0 0 0 0 0 1 1 1 1 1 0 0 0 0 0 0 0 0 0 0 0 0 0 0 0 0 0 0 0 0 0 0 0 0 0 0 0 0 
0 0 0 0 0 0 0 0 0 0 0 0 0 0 0 0 0 0 0 0 0 0 0 0 0 0 0 0 0 0 0 0 0 0 0 0 0 0 0 0 0 0 0 0 0 0 0 0 0 0 0 0 0 0 0 0 0 0 0 0 0 0 0 0 0 0 0 0 1 1 1 1 1 0 0 0 0 0 0 0 0 0 0 0 0 0 0 0 0 0 0 0 0 0 0 0 0 0 0 0 
0 0 0 0 0 0 0 0 0 0 0 0 0 0 0 0 0 0 0 0 0 0 0 0 0 0 0 0 0 0 0 0 0 0 0 0 0 0 0 0 0 0 0 0 0 0 0 0 0 0 0 0 0 0 0 0 0 0 0 0 0 0 0 0 0 0 0 0 0 1 1 1 1 1 0 0 0 0 0 0 0 0 0 0 0 0 0 0 0 0 0 0 0 0 0 0 0 0 0 0 
0 0 0 0 0 0 0 0 0 0 0 0 0 0 0 0 0 0 0 0 0 0 0 0 0 0 0 0 0 0 0 0 0 0 0 0 0 0 0 0 0 0 0 0 0 0 0 0 0 0 0 0 0 0 0 0 0 0 0 0 0 0 0 0 0 0 0 0 0 0 1 1 1 1 1 0 0 0 0 0 0 0 0 0 0 0 0 0 0 0 0 0 0 0 0 0 0 0 0 0 
0 0 0 0 0 0 0 0 0 0 0 0 0 0 0 0 0 0 0 0 0 0 0 0 0 0 0 0 0 0 0 0 0 0 0 0 0 0 0 0 0 0 0 0 0 0 0 0 0 0 0 0 0 0 0 0 0 0 0 0 0 0 0 0 0 0 0 0 0 0 0 1 1 1 1 1 0 0 0 0 0 0 0 0 0 0 0 0 0 0 0 0 0 0 0 0 0 0 0 0 
0 0 0 0 0 0 0 0 0 0 0 0 0 0 0 0 0 0 0 0 0 0 0 0 0 0 0 0 0 0 0 0 0 0 0 0 0 0 0 0 0 0 0 0 0 0 0 0 0 0 0 0 0 0 0 0 0 0 0 0 0 0 0 0 0 0 0 0 0 0 0 0 1 1 1 1 1 0 0 0 0 0 0 0 0 0 0 0 0 0 0 0 0 0 0 0 0 0 0 0 
0 0 0 0 0 0 0 0 0 0 0 0 0 0 0 0 0 0 0 0 0 0 0 0 0 0 0 0 0 0 0 0 0 0 0 0 0 0 0 0 0 0 0 0 0 0 0 0 0 0 0 0 0 0 0 0 0 0 0 0 0 0 0 0 0 0 0 0 0 0 0 0 0 1 1 1 1 1 0 0 0 0 0 0 0 0 0 0 0 0 0 0 0 0 0 0 0 0 0 0 
0 0 0 0 0 0 0 0 0 0 0 0 0 0 0 0 0 0 0 0 0 0 0 0 0 0 0 0 0 0 0 0 0 0 0 0 0 0 0 0 0 0 0 0 0 0 0 0 0 0 0 0 0 0 0 0 0 0 0 0 0 0 0 0 0 0 0 0 0 0 0 0 0 0 1 1 1 1 1 0 0 0 0 0 0 0 0 0 0 0 0 0 0 0 0 0 0 0 0 0 
0 0 0 0 0 0 0 0 0 0 0 0 0 0 0 0 0 0 0 0 0 0 0 0 0 0 0 0 0 0 0 0 0 0 0 0 0 0 0 0 0 0 0 0 0 0 0 0 0 0 0 0 0 0 0 0 0 0 0 0 0 0 0 0 0 0 0 0 0 0 0 0 0 0 0 1 1 1 1 1 0 0 0 0 0 0 0 0 0 0 0 0 0 0 0 0 0 0 0 0 
0 0 0 0 0 0 0 0 0 0 0 0 0 0 0 0 0 0 0 0 0 0 0 0 0 0 0 0 0 0 0 0 0 0 0 0 0 0 0 0 0 0 0 0 0 0 0 0 0 0 0 0 0 0 0 0 0 0 0 0 0 0 0 0 0 0 0 0 0 0 0 0 0 0 0 0 1 1 1 1 1 0 0 0 0 0 0 0 0 0 0 0 0 0 0 0 0 0 0 0 
0 0 0 0 0 0 0 0 0 0 0 0 0 0 0 0 0 0 0 0 0 0 0 0 0 0 0 0 0 0 0 0 0 0 0 0 0 0 0 0 0 0 0 0 0 0 0 0 0 0 0 0 0 0 0 0 0 0 0 0 0 0 0 0 0 0 0 0 0 0 0 0 0 0 0 0 0 1 1 1 1 1 0 0 0 0 0 0 0 0 0 0 0 0 0 0 0 0 0 0 
0 0 0 0 0 0 0 0 0 0 0 0 0 0 0 0 0 0 0 0 0 0 0 0 0 0 0 0 0 0 0 0 0 0 0 0 0 0 0 0 0 0 0 0 0 0 0 0 0 0 0 0 0 0 0 0 0 0 0 0 0 0 0 0 0 0 0 0 0 0 0 0 0 0 0 0 0 0 1 1 1 1 1 0 0 0 0 0 0 0 0 0 0 0 0 0 0 0 0 0 
0 0 0 0 0 0 0 0 0 0 0 0 0 0 0 0 0 0 0 0 0 0 0 0 0 0 0 0 0 0 0 0 0 0 0 0 0 0 0 0 0 0 0 0 0 0 0 0 0 0 0 0 0 0 0 0 0 0 0 0 0 0 0 0 0 0 0 0 0 0 0 0 0 0 0 0 0 0 0 1 1 1 1 1 0 0 0 0 0 0 0 0 0 0 0 0 0 0 0 0 
0 0 0 0 0 0 0 0 0 0 0 0 0 0 0 0 0 0 0 0 0 0 0 0 0 0 0 0 0 0 0 0 0 0 0 0 0 0 0 0 0 0 0 0 0 0 0 0 0 0 0 0 0 0 0 0 0 0 0 0 0 0 0 0 0 0 0 0 0 0 0 0 0 0 0 0 0 0 0 0 1 1 1 1 1 0 0 0 0 0 0 0 0 0 0 0 0 0 0 0 
0 0 0 0 0 0 0 0 0 0 0 0 0 0 0 0 0 0 0 0 0 0 0 0 0 0 0 0 0 0 0 0 0 0 0 0 0 0 0 0 0 0 0 0 0 0 0 0 0 0 0 0 0 0 0 0 0 0 0 0 0 0 0 0 0 0 0 0 0 0 0 0 0 0 0 0 0 0 0 0 0 1 1 1 1 1 0 0 0 0 0 0 0 0 0 0 0 0 0 0 
0 0 0 0 0 0 0 0 0 0 0 0 0 0 0 0 0 0 0 0 0 0 0 0 0 0 0 0 0 0 0 0 0 0 0 0 0 0 0 0 0 0 0 0 0 0 0 0 0 0 0 0 0 0 0 0 0 0 0 0 0 0 0 0 0 0 0 0 0 0 0 0 0 0 0 0 0 0 0 0 0 0 1 1 1 1 1 0 0 0 0 0 0 0 0 0 0 0 0 0 
0 0 0 0 0 0 0 0 0 0 0 0 0 0 0 0 0 0 0 0 0 0 0 0 0 0 0 0 0 0 0 0 0 0 0 0 0 0 0 0 0 0 0 0 0 0 0 0 0 0 0 0 0 0 0 0 0 0 0 0 0 0 0 0 0 0 0 0 0 0 0 0 0 0 0 0 0 0 0 0 0 0 0 1 1 1 1 1 0 0 0 0 0 0 0 0 0 0 0 0 
0 0 0 0 0 0 0 0 0 0 0 0 0 0 0 0 0 0 0 0 0 0 0 0 0 0 0 0 0 0 0 0 0 0 0 0 0 0 0 0 0 0 0 0 0 0 0 0 0 0 0 0 0 0 0 0 0 0 0 0 0 0 0 0 0 0 0 0 0 0 0 0 0 0 0 0 0 0 0 0 0 0 0 0 1 1 1 1 1 0 0 0 0 0 0 0 0 0 0 0 
0 0 0 0 0 0 0 0 0 0 0 0 0 0 0 0 0 0 0 0 0 0 0 0 0 0 0 0 0 0 0 0 0 0 0 0 0 0 0 0 0 0 0 0 0 0 0 0 0 0 0 0 0 0 0 0 0 0 0 0 0 0 0 0 0 0 0 0 0 0 0 0 0 0 0 0 0 0 0 0 0 0 0 0 0 1 1 1 1 1 0 0 0 0 0 0 0 0 0 0 
0 0 0 0 0 0 0 0 0 0 0 0 0 0 0 0 0 0 0 0 0 0 0 0 0 0 0 0 0 0 0 0 0 0 0 0 0 0 0 0 0 0 0 0 0 0 0 0 0 0 0 0 0 0 0 0 0 0 0 0 0 0 0 0 0 0 0 0 0 0 0 0 0 0 0 0 0 0 0 0 0 0 0 0 0 0 1 1 1 1 1 0 0 0 0 0 0 0 0 0 
0 0 0 0 0 0 0 0 0 0 0 0 0 0 0 0 0 0 0 0 0 0 0 0 0 0 0 0 0 0 0 0 0 0 0 0 0 0 0 0 0 0 0 0 0 0 0 0 0 0 0 0 0 0 0 0 0 0 0 0 0 0 0 0 0 0 0 0 0 0 0 0 0 0 0 0 0 0 0 0 0 0 0 0 0 0 0 1 1 1 1 1 0 0 0 0 0 0 0 0 
0 0 0 0 0 0 0 0 0 0 0 0 0 0 0 0 0 0 0 0 0 0 0 0 0 0 0 0 0 0 0 0 0 0 0 0 0 0 0 0 0 0 0 0 0 0 0 0 0 0 0 0 0 0 0 0 0 0 0 0 0 0 0 0 0 0 0 0 0 0 0 0 0 0 0 0 0 0 0 0 0 0 0 0 0 0 0 0 1 1 1 1 1 0 0 0 0 0 0 0 
0 0 0 0 0 0 0 0 0 0 0 0 0 0 0 0 0 0 0 0 0 0 0 0 0 0 0 0 0 0 0 0 0 0 0 0 0 0 0 0 0 0 0 0 0 0 0 0 0 0 0 0 0 0 0 0 0 0 0 0 0 0 0 0 0 0 0 0 0 0 0 0 0 0 0 0 0 0 0 0 0 0 0 0 0 0 0 0 0 1 1 1 1 1 0 0 0 0 0 0 
0 0 0 0 0 0 0 0 0 0 0 0 0 0 0 0 0 0 0 0 0 0 0 0 0 0 0 0 0 0 0 0 0 0 0 0 0 0 0 0 0 0 0 0 0 0 0 0 0 0 0 0 0 0 0 0 0 0 0 0 0 0 0 0 0 0 0 0 0 0 0 0 0 0 0 0 0 0 0 0 0 0 0 0 0 0 0 0 0 0 1 1 1 1 1 0 0 0 0 0 
0 0 0 0 0 0 0 0 0 0 0 0 0 0 0 0 0 0 0 0 0 0 0 0 0 0 0 0 0 0 0 0 0 0 0 0 0 0 0 0 0 0 0 0 0 0 0 0 0 0 0 0 0 0 0 0 0 0 0 0 0 0 0 0 0 0 0 0 0 0 0 0 0 0 0 0 0 0 0 0 0 0 0 0 0 0 0 0 0 0 0 1 1 1 1 1 0 0 0 0 
0 0 0 0 0 0 0 0 0 0 0 0 0 0 0 0 0 0 0 0 0 0 0 0 0 0 0 0 0 0 0 0 0 0 0 0 0 0 0 0 0 0 0 0 0 0 0 0 0 0 0 0 0 0 0 0 0 0 0 0 0 0 0 0 0 0 0 0 0 0 0 0 0 0 0 0 0 0 0 0 0 0 0 0 0 0 0 0 0 0 0 0 1 1 1 1 1 0 0 0 
0 0 0 0 0 0 0 0 0 0 0 0 0 0 0 0 0 0 0 0 0 0 0 0 0 0 0 0 0 0 0 0 0 0 0 0 0 0 0 0 0 0 0 0 0 0 0 0 0 0 0 0 0 0 0 0 0 0 0 0 0 0 0 0 0 0 0 0 0 0 0 0 0 0 0 0 0 0 0 0 0 0 0 0 0 0 0 0 0 0 0 0 0 1 1 1 1 1 0 0 
0 0 0 0 0 0 0 0 0 0 0 0 0 0 0 0 0 0 0 0 0 0 0 0 0 0 0 0 0 0 0 0 0 0 0 0 0 0 0 0 0 0 0 0 0 0 0 0 0 0 0 0 0 0 0 0 0 0 0 0 0 0 0 0 0 0 0 0 0 0 0 0 0 0 0 0 0 0 0 0 0 0 0 0 0 0 0 0 0 0 0 0 0 0 1 1 1 1 1 0 
0 0 0 0 0 0 0 0 0 0 0 0 0 0 0 0 0 0 0 0 0 0 0 0 0 0 0 0 0 0 0 0 0 0 0 0 0 0 0 0 0 0 0 0 0 0 0 0 0 0 0 0 0 0 0 0 0 0 0 0 0 0 0 0 0 0 0 0 0 0 0 0 0 0 0 0 0 0 0 0 0 0 0 0 0 0 0 0 0 0 0 0 0 0 0 1 1 1 1 1 
1 0 0 0 0 0 0 0 0 0 0 0 0 0 0 0 0 0 0 0 0 0 0 0 0 0 0 0 0 0 0 0 0 0 0 0 0 0 0 0 0 0 0 0 0 0 0 0 0 0 0 0 0 0 0 0 0 0 0 0 0 0 0 0 0 0 0 0 0 0 0 0 0 0 0 0 0 0 0 0 0 0 0 0 0 0 0 0 0 0 0 0 0 0 0 0 1 1 1 1 
1 1 0 0 0 0 0 0 0 0 0 0 0 0 0 0 0 0 0 0 0 0 0 0 0 0 0 0 0 0 0 0 0 0 0 0 0 0 0 0 0 0 0 0 0 0 0 0 0 0 0 0 0 0 0 0 0 0 0 0 0 0 0 0 0 0 0 0 0 0 0 0 0 0 0 0 0 0 0 0 0 0 0 0 0 0 0 0 0 0 0 0 0 0 0 0 0 1 1 1 
1 1 1 0 0 0 0 0 0 0 0 0 0 0 0 0 0 0 0 0 0 0 0 0 0 0 0 0 0 0 0 0 0 0 0 0 0 0 0 0 0 0 0 0 0 0 0 0 0 0 0 0 0 0 0 0 0 0 0 0 0 0 0 0 0 0 0 0 0 0 0 0 0 0 0 0 0 0 0 0 0 0 0 0 0 0 0 0 0 0 0 0 0 0 0 0 0 0 1 1 
1 1 1 1 0 0 0 0 0 0 0 0 0 0 0 0 0 0 0 0 0 0 0 0 0 0 0 0 0 0 0 0 0 0 0 0 0 0 0 0 0 0 0 0 0 0 0 0 0 0 0 0 0 0 0 0 0 0 0 0 0 0 0 0 0 0 0 0 0 0 0 0 0 0 0 0 0 0 0 0 0 0 0 0 0 0 0 0 0 0 0 0 0 0 0 0 0 0 0 1 
