Parameters
100 4
F_el
0.00140000000000 0.00140000000000 0.00120000000000 0.00120000000000 0.01940153199353 0.01878038286142 0.00630000000000 0.00620000000000 0.00110000000000 0.00110000000000 0.00100000000000 0.00100000000000 0.00140000000000 0.00130000000000 0.00120000000000 0.00120000000000 0.00140000000000 0.00140000000000 0.00120000000000 0.00120000000000 0.01843501402823 0.01781423440767 0.00600000000000 0.00600000000000 0.00110000000000 0.00110000000000 0.00100000000000 0.00100000000000 0.00130000000000 0.00130000000000 0.00120000000000 0.00120000000000 
0.00150000000000 0.00130000000000 0.00130000000000 0.00120000000000 0.00130000000000 0.00120000000000 0.00120000000000 0.00110000000000 0.00160000000000 0.00140000000000 0.00130000000000 0.00120000000000 0.00140000000000 0.00120000000000 0.00120000000000 0.00110000000000 0.00220000000000 0.00170000000000 0.00150000000000 0.00130000000000 0.00160000000000 0.00140000000000 0.00130000000000 0.00120000000000 0.01383608656471 0.00180000000000 0.00150000000000 0.00130000000000 0.00170000000000 0.00140000000000 0.00130000000000 0.00120000000000 
0.01423198038794 0.01423653650466 0.00180000000000 0.00180000000000 0.01390069045092 0.01391583784979 0.01331750951080 0.01332556613299 0.00140000000000 0.00140000000000 0.00130000000000 0.00130000000000 0.00150000000000 0.00150000000000 0.00130000000000 0.00130000000000 0.02521258407003 0.02541489002420 0.01932502789175 0.01942272396808 0.02431249852901 0.02441343388023 0.02065500603586 0.02066828267491 0.00210000000000 0.00210000000000 0.00170000000000 0.00170000000000 0.01387208169110 0.01388411632277 0.00200000000000 0.00200000000000 
0.06267444150848 0.00220000000000 0.00840000000000 0.00170000000000 0.01521134890982 0.02014444805270 0.00210000000000 0.00620000000000 0.01434594624802 0.00130000000000 0.00180000000000 0.00130000000000 0.07271528219283 0.00190000000000 0.00780000000000 0.00160000000000 0.01768995550852 0.00140000000000 0.00220000000000 0.00130000000000 0.03676093921464 0.00710000000000 0.01917412786531 0.00190000000000 0.00150000000000 0.00120000000000 0.00140000000000 0.00110000000000 0.01499284808950 0.00140000000000 0.00200000000000 0.00130000000000 
0.02482591168545 0.03116495930809 0.00140000000000 0.00150000000000 0.01443245708011 0.01768300511596 0.00120000000000 0.00120000000000 0.01512502627654 0.01670335766353 0.00120000000000 0.00120000000000 0.00150000000000 0.00180000000000 0.00110000000000 0.00110000000000 0.00140000000000 0.00150000000000 0.00110000000000 0.00110000000000 0.00120000000000 0.00120000000000 0.00100000000000 0.00100000000000 0.00120000000000 0.00120000000000 0.00100000000000 0.00100000000000 0.00110000000000 0.00110000000000 0.00100000000000 0.00100000000000 
0.01472340517053 0.05371690456216 0.00210000000000 0.03005096514610 0.01730319098256 0.02164596662952 0.01590116655879 0.02714371076030 0.00170000000000 0.01817989964320 0.00150000000000 0.01527773497245 0.00210000000000 0.02794164850599 0.00180000000000 0.02105197978973 0.01567844562523 0.04202831847149 0.01472625714701 0.03704388078128 0.01869252216639 0.02165429678219 0.01700249459248 0.02634539989175 0.00180000000000 0.01971293555885 0.00160000000000 0.01767610936067 0.00680000000000 0.03478787209793 0.00190000000000 0.02379157860151 
0.00190000000000 0.00150000000000 0.01723222800889 0.00700000000000 0.00120000000000 0.00110000000000 0.00140000000000 0.00130000000000 0.01491282408513 0.00170000000000 0.01913231747197 0.01489148401672 0.00120000000000 0.00120000000000 0.00150000000000 0.00130000000000 0.00150000000000 0.00130000000000 0.01497463335914 0.00170000000000 0.00120000000000 0.00110000000000 0.00130000000000 0.00120000000000 0.00540000000000 0.00140000000000 0.01715799475519 0.00890000000000 0.00120000000000 0.00110000000000 0.00130000000000 0.00120000000000 
0.00200000000000 0.02935120799888 0.10236759599320 0.01617588259851 0.00210000000000 0.02780078674426 0.06987848769062 0.01758276808339 0.01405313102732 0.11022750830343 0.02657692186131 0.00700000000000 0.01468166137584 0.05726967774212 0.03293638596060 0.01563548530753 0.00160000000000 0.01946279155695 0.02535832123079 0.01915976849774 0.00160000000000 0.01978189540334 0.02473194063675 0.02124028900391 0.00180000000000 0.02463460150444 0.05845798215398 0.01639383245442 0.00190000000000 0.02412020603207 0.04035364667053 0.01790800854510 
0.02961529519716 0.00150000000000 0.10311854378358 0.00150000000000 0.03631556922159 0.00170000000000 0.01870575724961 0.00170000000000 0.00180000000000 0.00120000000000 0.00170000000000 0.00120000000000 0.00750000000000 0.00120000000000 0.00220000000000 0.00120000000000 0.10484795705858 0.00150000000000 0.12530812604696 0.00150000000000 0.10413537230756 0.00180000000000 0.01910185573816 0.00170000000000 0.00180000000000 0.00120000000000 0.00170000000000 0.00120000000000 0.00680000000000 0.00120000000000 0.00220000000000 0.00120000000000 
0.02174064331196 0.03502696005424 0.01557370553292 0.02105006433816 0.01664153081787 0.02257436085138 0.00200000000000 0.01718217129258 0.02153181306964 0.03430986591355 0.01557458157312 0.02094578370153 0.01664904424664 0.02237072258342 0.00200000000000 0.01709183712975 0.02140497735700 0.02955947379850 0.01653154646305 0.02082262890975 0.01750084670707 0.02204635581269 0.00180000000000 0.01764512779706 0.02120406123036 0.02914686808296 0.01654083490366 0.02071834310707 0.01750268799804 0.02184845995549 0.00180000000000 0.01763944321681 
0.01877343720768 0.00210000000000 0.00160000000000 0.00130000000000 0.01941212072130 0.00660000000000 0.00170000000000 0.00140000000000 0.01580740355778 0.00140000000000 0.00130000000000 0.00110000000000 0.01547520168934 0.00150000000000 0.00130000000000 0.00120000000000 0.03360875619695 0.02653374348273 0.01966428208735 0.00190000000000 0.04091791853445 0.03186073844405 0.02054462125669 0.00670000000000 0.03262179279722 0.02327156034215 0.01564472506603 0.00130000000000 0.03456842159752 0.02351717926599 0.01524963853633 0.00140000000000 
0.00680000000000 0.02122879312573 0.00690000000000 0.02133159379102 0.02397773442802 0.00150000000000 0.02939279015592 0.00150000000000 0.00140000000000 0.01581551196967 0.00140000000000 0.01591383972476 0.00200000000000 0.00250000000000 0.00200000000000 0.00250000000000 0.00170000000000 0.04018986000540 0.00180000000000 0.04111750131978 0.00420000000000 0.00170000000000 0.00440000000000 0.00170000000000 0.00130000000000 0.00650000000000 0.00130000000000 0.00660000000000 0.00170000000000 0.00810000000000 0.00170000000000 0.00800000000000 
0.01524566279708 0.01555321522943 0.01620460690645 0.01617134672645 0.00140000000000 0.00160000000000 0.00140000000000 0.00150000000000 0.02472164391474 0.08612689015848 0.02337042999557 0.02945416360939 0.00190000000000 0.00600000000000 0.00170000000000 0.00620000000000 0.11343527062618 0.09664469778658 0.10724886993376 0.08027869409431 0.01583673396242 0.01614387024206 0.01679921590137 0.01694996248539 0.02382113272255 0.04882797017705 0.03588466026634 0.05205283638315 0.10189680759507 0.06867299786237 0.02751757286506 0.05327247941265 
0.01650548516123 0.00140000000000 0.02504705787731 0.00190000000000 0.01456720735872 0.00130000000000 0.06213700925300 0.00170000000000 0.01693738732908 0.00140000000000 0.02186682871827 0.00200000000000 0.01479198445548 0.00130000000000 0.05057630779464 0.00170000000000 0.03426094430117 0.00190000000000 0.01482626544140 0.02020979420731 0.02543574056005 0.00160000000000 0.01941751507343 0.01600775422546 0.03749483370620 0.00210000000000 0.01448583353748 0.02143085121715 0.02584165730822 0.00170000000000 0.01889498712167 0.01655024063696 
0.01460851108704 0.10228542354364 0.03528693024789 0.01704161830045 0.00150000000000 0.01693097229129 0.01634988195669 0.02215272086315 0.00640000000000 0.03073980211252 0.01878509110568 0.00190000000000 0.00160000000000 0.01539189267733 0.00900000000000 0.01685507423384 0.00160000000000 0.02509171395798 0.02685536384194 0.02236714387298 0.00130000000000 0.00190000000000 0.00210000000000 0.04719593297919 0.00180000000000 0.02627070274834 0.10197768352283 0.01775719580930 0.00140000000000 0.00220000000000 0.00260000000000 0.03035245543526 
0.01686125481412 0.00180000000000 0.02182213125909 0.01460315458366 0.01707385934627 0.00180000000000 0.02182483744528 0.01471682705294 0.01911776993160 0.00220000000000 0.02805510941382 0.01570007735735 0.01922182342296 0.00220000000000 0.02773846394033 0.01590677876141 0.01588433791531 0.00170000000000 0.01978674463694 0.00220000000000 0.01600370995857 0.00170000000000 0.01988747320355 0.00210000000000 0.01755120820497 0.00200000000000 0.02388559599061 0.01485735993149 0.01775763291843 0.00200000000000 0.02387097966038 0.01505734209859 
0.01969870642460 0.01526418227837 0.01897493650060 0.00780000000000 0.00140000000000 0.00130000000000 0.00150000000000 0.00130000000000 0.02430604517880 0.01720095689588 0.02492898065005 0.01632703241367 0.00150000000000 0.00140000000000 0.00160000000000 0.00140000000000 0.01970247564415 0.01526624993050 0.01898035454643 0.00790000000000 0.00140000000000 0.00130000000000 0.00150000000000 0.00130000000000 0.02431001070879 0.01720399867429 0.02502409822856 0.01641727261821 0.00150000000000 0.00140000000000 0.00160000000000 0.00140000000000 
0.06227308774570 0.02301948270588 0.03111224359959 0.02886428742396 0.01901991438403 0.02920734760822 0.01712554465749 0.02262281254713 0.02113840909835 0.03248967891624 0.01710812093037 0.03394404183702 0.00210000000000 0.01860539039658 0.00170000000000 0.01469810703725 0.01593117140483 0.00180000000000 0.01704121664906 0.01319024878209 0.11422057076660 0.02005112337755 0.10625744759963 0.02733707005395 0.01612750079883 0.01321909365377 0.01767032117825 0.01379277766175 0.02826595454527 0.02948154222786 0.02165002782916 0.03955860090994 
0.00160000000000 0.01434308799431 0.00140000000000 0.00170000000000 0.00140000000000 0.00170000000000 0.00130000000000 0.00150000000000 0.00110000000000 0.00120000000000 0.00110000000000 0.00110000000000 0.00110000000000 0.00110000000000 0.00110000000000 0.00110000000000 0.00160000000000 0.00210000000000 0.00140000000000 0.00170000000000 0.00140000000000 0.00170000000000 0.00130000000000 0.00140000000000 0.00110000000000 0.00120000000000 0.00110000000000 0.00110000000000 0.00110000000000 0.00110000000000 0.00110000000000 0.00110000000000 
0.00160000000000 0.00200000000000 0.00190000000000 0.01477442672029 0.00110000000000 0.00120000000000 0.00120000000000 0.00130000000000 0.00150000000000 0.00190000000000 0.00180000000000 0.00260000000000 0.00110000000000 0.00120000000000 0.00120000000000 0.00130000000000 0.00150000000000 0.00180000000000 0.00170000000000 0.00240000000000 0.00110000000000 0.00120000000000 0.00120000000000 0.00120000000000 0.00140000000000 0.00170000000000 0.00160000000000 0.00200000000000 0.00110000000000 0.00120000000000 0.00110000000000 0.00120000000000 
0.01456237488380 0.01445395266675 0.00120000000000 0.00120000000000 0.00220000000000 0.00220000000000 0.00120000000000 0.00120000000000 0.00120000000000 0.00120000000000 0.00100000000000 0.00100000000000 0.00120000000000 0.00120000000000 0.00100000000000 0.00100000000000 0.01584927257820 0.01564736462305 0.00130000000000 0.00130000000000 0.00900000000000 0.00890000000000 0.00130000000000 0.00130000000000 0.00120000000000 0.00120000000000 0.00100000000000 0.00100000000000 0.00120000000000 0.00120000000000 0.00100000000000 0.00100000000000 
0.02318528199819 0.01671026119261 0.02656999072803 0.01893492563779 0.00130000000000 0.00120000000000 0.00130000000000 0.00120000000000 0.00240000000000 0.00170000000000 0.00200000000000 0.00160000000000 0.00120000000000 0.00110000000000 0.00120000000000 0.00110000000000 0.00220000000000 0.00170000000000 0.00200000000000 0.00160000000000 0.00120000000000 0.00110000000000 0.00120000000000 0.00110000000000 0.00140000000000 0.00130000000000 0.00140000000000 0.00130000000000 0.00110000000000 0.00100000000000 0.00110000000000 0.00100000000000 
0.06737316200421 0.02747410649140 0.02379784989371 0.01738005641283 0.00160000000000 0.00190000000000 0.00140000000000 0.00150000000000 0.01822453618244 0.01607792482408 0.03036606244566 0.03659617687983 0.00210000000000 0.00580000000000 0.00160000000000 0.00180000000000 0.04790123393114 0.03088495640855 0.02492582857054 0.01770070550852 0.00160000000000 0.00180000000000 0.00140000000000 0.00150000000000 0.01759545219374 0.01546389391815 0.02745104370405 0.02687895214417 0.00210000000000 0.00590000000000 0.00160000000000 0.00180000000000 
0.01627768895545 0.02205726832139 0.00140000000000 0.00160000000000 0.02101535925941 0.04605821668920 0.00160000000000 0.00200000000000 0.01532067882839 0.01977011932798 0.00140000000000 0.00150000000000 0.01914159571664 0.03246179539276 0.00150000000000 0.00180000000000 0.00170000000000 0.00240000000000 0.00120000000000 0.00130000000000 0.00220000000000 0.01789877935123 0.00130000000000 0.00140000000000 0.00160000000000 0.00200000000000 0.00120000000000 0.00130000000000 0.00190000000000 0.01719735809508 0.00130000000000 0.00140000000000 
0.02379774866108 0.02860040877261 0.01822611263301 0.02009871088161 0.01898760695612 0.02097075770301 0.01605743748185 0.01712788812075 0.07906838509801 0.03762054494959 0.02814069275669 0.03783292711478 0.03029533724663 0.04423403641062 0.02077473055229 0.02383507368465 0.01884765198561 0.01736350814585 0.02127656268608 0.01877260913474 0.02283565213483 0.02017665970068 0.02973096348246 0.02325775435959 0.01622896360111 0.01557765422843 0.01689137299685 0.01603023752370 0.01793376274205 0.01686415447126 0.01901810822389 0.01755606650067 
0.00190000000000 0.00170000000000 0.00610000000000 0.00180000000000 0.00280000000000 0.00220000000000 0.00650000000000 0.00600000000000 0.00180000000000 0.00160000000000 0.00190000000000 0.00170000000000 0.00230000000000 0.00200000000000 0.00590000000000 0.00210000000000 0.01717537418915 0.01639923297075 0.01589195092028 0.01535211423717 0.03397309730548 0.02304211169269 0.02386857739400 0.02009110146190 0.01556722349208 0.01512208579889 0.01474960159594 0.00770000000000 0.02223989436976 0.01921002070837 0.01857078003109 0.01706049027330 
0.00200000000000 0.01587225218325 0.01867206449673 0.02597845637222 0.00120000000000 0.00130000000000 0.00140000000000 0.00180000000000 0.00130000000000 0.00140000000000 0.00150000000000 0.00940000000000 0.00110000000000 0.00110000000000 0.00110000000000 0.00120000000000 0.03953699671539 0.02748311956256 0.02117151373097 0.01862081355672 0.00190000000000 0.01664730005446 0.01839334615766 0.02237340022248 0.01345191564635 0.01760212471772 0.02005812219760 0.02623667802924 0.00130000000000 0.00140000000000 0.00150000000000 0.01489370297340 
0.00220000000000 0.01728087856839 0.03425861482244 0.02699824368338 0.00170000000000 0.01510644124197 0.01913884997817 0.05342110299771 0.00170000000000 0.01470186794615 0.01920271830095 0.07274014757883 0.00150000000000 0.00190000000000 0.01503279145817 0.02391309908876 0.00210000000000 0.01675571231624 0.02779807735769 0.03074538774862 0.00170000000000 0.01489021612879 0.01809391039180 0.03656494572314 0.00170000000000 0.01448731786258 0.01796287154732 0.04871784273725 0.00150000000000 0.00180000000000 0.01471741727000 0.02172513853982 
0.00150000000000 0.00130000000000 0.00120000000000 0.00110000000000 0.01679645227582 0.00200000000000 0.00140000000000 0.00130000000000 0.00130000000000 0.00120000000000 0.00110000000000 0.00110000000000 0.01317248351469 0.00160000000000 0.00130000000000 0.00120000000000 0.01596004308152 0.00180000000000 0.00140000000000 0.00120000000000 0.05456843185021 0.02115984162560 0.01576564436031 0.00160000000000 0.00210000000000 0.00150000000000 0.00120000000000 0.00110000000000 0.02198151476443 0.01729307024184 0.00180000000000 0.00140000000000 
0.02440847730958 0.02454855371830 0.01560185856539 0.02832262547398 0.00150000000000 0.00220000000000 0.00130000000000 0.00150000000000 0.00180000000000 0.00140000000000 0.01654775866125 0.00180000000000 0.02074176367135 0.00240000000000 0.00630000000000 0.03128673656710 0.02161613564392 0.01747112201215 0.01300549976386 0.02575391657144 0.00170000000000 0.00680000000000 0.00140000000000 0.00180000000000 0.00170000000000 0.00130000000000 0.00680000000000 0.00170000000000 0.01524676885874 0.00210000000000 0.00640000000000 0.01431715317762 
0.00230000000000 0.02299792060401 0.01540478151419 0.03607219767282 0.00120000000000 0.00160000000000 0.00130000000000 0.00190000000000 0.00230000000000 0.02339242899938 0.01570278999100 0.03667785082936 0.00120000000000 0.00160000000000 0.00130000000000 0.00190000000000 0.00120000000000 0.00150000000000 0.00130000000000 0.00180000000000 0.00110000000000 0.00110000000000 0.00110000000000 0.00120000000000 0.00120000000000 0.00150000000000 0.00130000000000 0.00180000000000 0.00110000000000 0.00110000000000 0.00110000000000 0.00120000000000 
0.03730701675096 0.01758779739378 0.00170000000000 0.00220000000000 0.10390073577418 0.01317891690614 0.00170000000000 0.00230000000000 0.01696036405702 0.00190000000000 0.01488626176446 0.01924837805350 0.01922589329542 0.00160000000000 0.01851969425592 0.10318928974715 0.00190000000000 0.00150000000000 0.02131908429846 0.02227973128238 0.00170000000000 0.00140000000000 0.10305431828782 0.01645060438424 0.00140000000000 0.00130000000000 0.01909550366135 0.00630000000000 0.00140000000000 0.00120000000000 0.09515230932605 0.00230000000000 
0.01514320238248 0.02503976682931 0.00890000000000 0.01753873299115 0.00120000000000 0.00190000000000 0.00130000000000 0.00560000000000 0.01664471927889 0.01947271994991 0.01587507535827 0.01525201372161 0.00130000000000 0.00570000000000 0.00140000000000 0.00580000000000 0.01450843916502 0.02533877903292 0.00790000000000 0.01741107213105 0.00120000000000 0.00180000000000 0.00130000000000 0.00560000000000 0.01579226883215 0.01926131044066 0.01525569019347 0.01503776159396 0.00130000000000 0.00220000000000 0.00140000000000 0.00570000000000 
0.02100619207630 0.02071851154645 0.00160000000000 0.00160000000000 0.00180000000000 0.00180000000000 0.00130000000000 0.00130000000000 0.02143332040639 0.02131725091609 0.00160000000000 0.00160000000000 0.00190000000000 0.00190000000000 0.00130000000000 0.00130000000000 0.02028917214659 0.02008640436438 0.00160000000000 0.00160000000000 0.00180000000000 0.00180000000000 0.00130000000000 0.00120000000000 0.02091037192597 0.02071202358567 0.00160000000000 0.00160000000000 0.00180000000000 0.00180000000000 0.00120000000000 0.00120000000000 
0.10628770237827 0.00160000000000 0.01489148008609 0.01614369938315 0.03600534747849 0.00200000000000 0.01680567937470 0.02825891760868 0.00240000000000 0.00550000000000 0.00140000000000 0.01969825036298 0.01472045311114 0.00750000000000 0.00140000000000 0.07201731157049 0.01610858691802 0.00220000000000 0.00150000000000 0.03195773019975 0.01779808803584 0.02052044418942 0.00140000000000 0.02699202403220 0.00140000000000 0.01899588819236 0.00120000000000 0.00190000000000 0.00140000000000 0.03834278327378 0.00120000000000 0.00190000000000 
0.01692782436572 0.00140000000000 0.00750000000000 0.00140000000000 0.00140000000000 0.00110000000000 0.00150000000000 0.00120000000000 0.00140000000000 0.00110000000000 0.00140000000000 0.00110000000000 0.00110000000000 0.00100000000000 0.00120000000000 0.00100000000000 0.01682860998207 0.00140000000000 0.00740000000000 0.00140000000000 0.00140000000000 0.00110000000000 0.00150000000000 0.00120000000000 0.00140000000000 0.00110000000000 0.00140000000000 0.00110000000000 0.00110000000000 0.00100000000000 0.00110000000000 0.00100000000000 
0.00160000000000 0.00160000000000 0.01717758639608 0.01686772108206 0.00120000000000 0.00120000000000 0.00130000000000 0.00140000000000 0.00170000000000 0.00170000000000 0.01772082322694 0.01749783572089 0.00120000000000 0.00120000000000 0.00140000000000 0.00140000000000 0.01851008302146 0.01808619221607 0.05236168501937 0.06429711102985 0.00140000000000 0.00140000000000 0.00180000000000 0.00180000000000 0.01967496660030 0.01925750521666 0.10040936726465 0.07349817495535 0.00140000000000 0.00140000000000 0.00190000000000 0.00190000000000 
0.00180000000000 0.00130000000000 0.00150000000000 0.00120000000000 0.01669977236579 0.00150000000000 0.00770000000000 0.00130000000000 0.00120000000000 0.00110000000000 0.00120000000000 0.00110000000000 0.00140000000000 0.00120000000000 0.00130000000000 0.00110000000000 0.00150000000000 0.00120000000000 0.00130000000000 0.00110000000000 0.00840000000000 0.00140000000000 0.00470000000000 0.00130000000000 0.00120000000000 0.00110000000000 0.00110000000000 0.00100000000000 0.00130000000000 0.00110000000000 0.00120000000000 0.00110000000000 
0.04084659518185 0.02698154759817 0.10948535708175 0.02442018386532 0.06237372771080 0.08305449915672 0.06151603112652 0.10789513940680 0.03214758067978 0.01863477605968 0.02740503975321 0.01789006843719 0.10236240079755 0.11532000021708 0.10415203972500 0.12112713574394 0.10914171226903 0.02109596823687 0.11007209940726 0.09177085022169 0.02750192039820 0.00870000000000 0.04861042199742 0.08456408776370 0.02183044933959 0.00570000000000 0.02114979390524 0.00550000000000 0.00820000000000 0.02162950920885 0.02260504911473 0.02186083797200 
0.01531957649026 0.01677168869538 0.12051192031535 0.04253572755478 0.01597314808586 0.01763205921571 0.09932268051967 0.03906831515777 0.01354941435254 0.01404648517585 0.02290868919288 0.01694335161798 0.01406198413645 0.01527020332038 0.02186615244538 0.01703013943142 0.02688378881194 0.01721597744706 0.01510107416193 0.00170000000000 0.02524820797932 0.01710780979286 0.01485459334140 0.00160000000000 0.01799426000030 0.00720000000000 0.00610000000000 0.00160000000000 0.01778533621037 0.00720000000000 0.00590000000000 0.00160000000000 
0.01793713900101 0.01610724561334 0.01506121944367 0.02027739667847 0.02737986385543 0.02518275399202 0.00620000000000 0.00670000000000 0.01483084812135 0.00200000000000 0.01912752185039 0.00720000000000 0.01922786575999 0.00220000000000 0.00720000000000 0.02075128896273 0.00150000000000 0.00140000000000 0.00220000000000 0.00180000000000 0.00150000000000 0.00140000000000 0.00220000000000 0.00180000000000 0.00140000000000 0.00130000000000 0.00180000000000 0.00160000000000 0.00140000000000 0.00130000000000 0.00180000000000 0.00160000000000 
0.00200000000000 0.00150000000000 0.00200000000000 0.00150000000000 0.00160000000000 0.00130000000000 0.00160000000000 0.00130000000000 0.01656645018676 0.00210000000000 0.01707986491186 0.00210000000000 0.00730000000000 0.00160000000000 0.01340070431375 0.00160000000000 0.00130000000000 0.00120000000000 0.00130000000000 0.00120000000000 0.00120000000000 0.00110000000000 0.00120000000000 0.00110000000000 0.00160000000000 0.00130000000000 0.00160000000000 0.00130000000000 0.00140000000000 0.00120000000000 0.00140000000000 0.00120000000000 
0.01478548530235 0.01605103565174 0.01970757719040 0.02409784874410 0.02622700232013 0.03547495631363 0.00530000000000 0.00550000000000 0.00210000000000 0.00200000000000 0.02177887647103 0.02888275145464 0.03390443444853 0.02866222898340 0.00540000000000 0.00560000000000 0.02395176768324 0.10230796685493 0.02006432384562 0.10386048345899 0.02256617768456 0.10199332666119 0.00150000000000 0.00150000000000 0.01716267982631 0.02013423036595 0.02211319892063 0.10492059221143 0.02586033719452 0.10237678323502 0.00160000000000 0.00170000000000 
0.00170000000000 0.00120000000000 0.00140000000000 0.00110000000000 0.00130000000000 0.00110000000000 0.00120000000000 0.00100000000000 0.00210000000000 0.00120000000000 0.00150000000000 0.00110000000000 0.00140000000000 0.00110000000000 0.00130000000000 0.00110000000000 0.00120000000000 0.00100000000000 0.00110000000000 0.00100000000000 0.00110000000000 0.00100000000000 0.00100000000000 0.00100000000000 0.00120000000000 0.00110000000000 0.00110000000000 0.00100000000000 0.00110000000000 0.00100000000000 0.00110000000000 0.00100000000000 
0.01545829832109 0.11038410952962 0.01800680478339 0.00160000000000 0.01529033397392 0.10919512781643 0.02236931678959 0.00170000000000 0.01795333239243 0.10421206945524 0.01468379947267 0.00140000000000 0.01744276830953 0.10616141495252 0.01595591839479 0.00150000000000 0.01705062518946 0.10471908769421 0.01482534489394 0.00150000000000 0.01666965018842 0.11033650818823 0.01639746756411 0.00150000000000 0.02116308921001 0.01677420386994 0.00680000000000 0.00130000000000 0.02014363062929 0.01812589417801 0.00740000000000 0.00140000000000 
0.10316389374524 0.02348030356123 0.10353984611787 0.06867960543384 0.04973874186409 0.02190668822331 0.10298629971442 0.04861709599619 0.02175588938628 0.00220000000000 0.02068167053075 0.00160000000000 0.02010559613780 0.00200000000000 0.00220000000000 0.00150000000000 0.03881512671399 0.02097023342848 0.10309384366444 0.02333449441879 0.03036049818290 0.02002527149574 0.10287972260453 0.02112742181343 0.01928200336872 0.00190000000000 0.00210000000000 0.00150000000000 0.01836663472826 0.00180000000000 0.00190000000000 0.00150000000000 
0.03614023238928 0.01827072127455 0.01912545367655 0.02052765418712 0.02316208758934 0.03721810726334 0.00170000000000 0.00210000000000 0.03192537283391 0.01784337051685 0.01963836988992 0.02134511412694 0.02472947031396 0.05019394862103 0.00170000000000 0.00220000000000 0.00170000000000 0.00150000000000 0.02058673266133 0.01610091815648 0.01802910214171 0.01565610012219 0.04784994064283 0.02253255786131 0.00170000000000 0.00140000000000 0.01994939170330 0.01587841871377 0.01772050428193 0.01545017081143 0.04323598683808 0.02182801270737 
0.00170000000000 0.01574375736524 0.00160000000000 0.01529985614365 0.00130000000000 0.00170000000000 0.00130000000000 0.00160000000000 0.01556994759236 0.03221676383278 0.01523782045632 0.02817392558231 0.00150000000000 0.00740000000000 0.00150000000000 0.00680000000000 0.00150000000000 0.00250000000000 0.00150000000000 0.00230000000000 0.00120000000000 0.00150000000000 0.00120000000000 0.00150000000000 0.00200000000000 0.02303381730072 0.00190000000000 0.01827735928834 0.00140000000000 0.00190000000000 0.00140000000000 0.00190000000000 
0.01460037365529 0.00170000000000 0.02380091104422 0.01813572412446 0.00120000000000 0.00120000000000 0.00150000000000 0.00130000000000 0.01471754840622 0.00180000000000 0.02400926493946 0.01834498564751 0.00130000000000 0.00120000000000 0.00150000000000 0.00130000000000 0.02141619308637 0.03327132654858 0.01517576313196 0.01807568350149 0.01505491895206 0.00180000000000 0.02826933517545 0.01934624214640 0.02173257091137 0.03398285628024 0.01528765516872 0.01828009791713 0.01526296741284 0.00180000000000 0.02846853333432 0.01955818887062 
0.00150000000000 0.00230000000000 0.00120000000000 0.00140000000000 0.00570000000000 0.01525528086249 0.00130000000000 0.00150000000000 0.00110000000000 0.00120000000000 0.00100000000000 0.00110000000000 0.00120000000000 0.00130000000000 0.00100000000000 0.00110000000000 0.00120000000000 0.00140000000000 0.00110000000000 0.00120000000000 0.00130000000000 0.00160000000000 0.00110000000000 0.00120000000000 0.00100000000000 0.00110000000000 0.00100000000000 0.00100000000000 0.00110000000000 0.00110000000000 0.00100000000000 0.00100000000000 
0.01585767873472 0.01906762838332 0.00190000000000 0.00240000000000 0.00150000000000 0.00170000000000 0.00130000000000 0.00140000000000 0.08636199307433 0.01734703617419 0.00900000000000 0.00270000000000 0.00210000000000 0.00290000000000 0.00170000000000 0.00200000000000 0.01648403954099 0.01767825720028 0.00160000000000 0.00190000000000 0.00130000000000 0.00150000000000 0.00120000000000 0.00130000000000 0.02288602247636 0.03186567725187 0.00250000000000 0.02159115048590 0.00170000000000 0.01627169613016 0.00140000000000 0.00150000000000 
0.00240000000000 0.00190000000000 0.02163845460783 0.01901239724012 0.03322718474128 0.02804743486549 0.00920000000000 0.00950000000000 0.00160000000000 0.00150000000000 0.02965372020984 0.02217262131051 0.02249059785280 0.02068967341865 0.00990000000000 0.00210000000000 0.00200000000000 0.00180000000000 0.01978050641434 0.01756374340248 0.03378976820897 0.02730772484060 0.00910000000000 0.00180000000000 0.00160000000000 0.00150000000000 0.02578669611450 0.01672040327563 0.01993676594736 0.01794560690066 0.00980000000000 0.00180000000000 
0.00140000000000 0.01642872771423 0.00200000000000 0.02647282406012 0.00150000000000 0.01783515684267 0.00680000000000 0.03252156933431 0.01937761147850 0.05078256876403 0.02538879973679 0.06029751881460 0.02050307351984 0.05686823242810 0.02729857046907 0.05163534302506 0.00110000000000 0.00140000000000 0.00120000000000 0.00580000000000 0.00110000000000 0.00140000000000 0.00130000000000 0.00590000000000 0.00130000000000 0.01731664357042 0.00970000000000 0.02151933708565 0.00140000000000 0.01824965057139 0.00960000000000 0.02275641546897 
0.01771418327514 0.00160000000000 0.03813331788811 0.01767029616344 0.00180000000000 0.00140000000000 0.00630000000000 0.00160000000000 0.00160000000000 0.00120000000000 0.01463589871818 0.00140000000000 0.00130000000000 0.00110000000000 0.00150000000000 0.00120000000000 0.00150000000000 0.00120000000000 0.01492988755463 0.00140000000000 0.00130000000000 0.00110000000000 0.00150000000000 0.00120000000000 0.00120000000000 0.00110000000000 0.00140000000000 0.00120000000000 0.00110000000000 0.00100000000000 0.00120000000000 0.00110000000000 
0.00140000000000 0.00130000000000 0.00140000000000 0.00130000000000 0.00120000000000 0.00110000000000 0.00120000000000 0.00110000000000 0.00120000000000 0.00110000000000 0.00120000000000 0.00110000000000 0.00110000000000 0.00100000000000 0.00110000000000 0.00100000000000 0.00160000000000 0.00150000000000 0.00160000000000 0.00150000000000 0.00120000000000 0.00120000000000 0.00120000000000 0.00120000000000 0.00120000000000 0.00120000000000 0.00120000000000 0.00120000000000 0.00110000000000 0.00110000000000 0.00110000000000 0.00110000000000 
0.00140000000000 0.01907097388340 0.00120000000000 0.00150000000000 0.00110000000000 0.00120000000000 0.00100000000000 0.00110000000000 0.00130000000000 0.01554435110766 0.00110000000000 0.00130000000000 0.00100000000000 0.00110000000000 0.00100000000000 0.00100000000000 0.00160000000000 0.02140358815944 0.00130000000000 0.00580000000000 0.00110000000000 0.00120000000000 0.00100000000000 0.00110000000000 0.00140000000000 0.01592030311309 0.00120000000000 0.00140000000000 0.00110000000000 0.00110000000000 0.00100000000000 0.00110000000000 
0.00150000000000 0.00110000000000 0.00110000000000 0.00100000000000 0.01779197347015 0.00130000000000 0.00120000000000 0.00100000000000 0.01822316149129 0.00130000000000 0.00120000000000 0.00110000000000 0.06933907667997 0.00850000000000 0.00170000000000 0.00120000000000 0.00160000000000 0.00110000000000 0.00110000000000 0.00100000000000 0.02318107398500 0.00140000000000 0.00130000000000 0.00110000000000 0.02368479028852 0.00140000000000 0.00130000000000 0.00110000000000 0.10417043010466 0.02008798465737 0.01705188751438 0.00120000000000 
0.01969557733676 0.00130000000000 0.02001549733238 0.00130000000000 0.01775561125673 0.00190000000000 0.01680603009770 0.00200000000000 0.01684056064179 0.00140000000000 0.01704760418979 0.00140000000000 0.01446016924849 0.00200000000000 0.01403253507169 0.00210000000000 0.02389836631253 0.00140000000000 0.02502785111770 0.00140000000000 0.01646971894831 0.00220000000000 0.01582863973081 0.00230000000000 0.01962230610717 0.00140000000000 0.02022706350093 0.00140000000000 0.01400443755291 0.00240000000000 0.01367813517811 0.00250000000000 
0.00180000000000 0.00150000000000 0.00150000000000 0.00130000000000 0.00180000000000 0.00150000000000 0.00160000000000 0.00130000000000 0.00130000000000 0.00120000000000 0.00120000000000 0.00110000000000 0.00130000000000 0.00120000000000 0.00120000000000 0.00110000000000 0.01814950107639 0.01660059219533 0.01689938039994 0.00160000000000 0.01677805933256 0.01615317324642 0.01593383180808 0.00160000000000 0.00150000000000 0.00130000000000 0.00130000000000 0.00120000000000 0.00150000000000 0.00130000000000 0.00140000000000 0.00120000000000 
0.00200000000000 0.00140000000000 0.00160000000000 0.00130000000000 0.00150000000000 0.00120000000000 0.00130000000000 0.00110000000000 0.01492467417570 0.00150000000000 0.00170000000000 0.00130000000000 0.00150000000000 0.00130000000000 0.00130000000000 0.00120000000000 0.00300000000000 0.00170000000000 0.00190000000000 0.00140000000000 0.00180000000000 0.00140000000000 0.00150000000000 0.00120000000000 0.00660000000000 0.00180000000000 0.00460000000000 0.00150000000000 0.00190000000000 0.00140000000000 0.00150000000000 0.00130000000000 
0.01654356824508 0.01904931569782 0.03264156913619 0.04761304719297 0.01697391920397 0.01945999236379 0.03174349140068 0.04436726756691 0.01641976001083 0.01864110361928 0.05782636756378 0.10960098050309 0.01674985269580 0.01904453966850 0.05107481768215 0.10787410679892 0.00930000000000 0.01574557440455 0.02886141885955 0.03775804998502 0.01499811595932 0.01596541215445 0.02805619218753 0.03582480894166 0.01478480600435 0.01564533159767 0.03896829507678 0.04197271422576 0.01490656605423 0.01585899303260 0.04601656408605 0.04656511781103 
0.00180000000000 0.00200000000000 0.00180000000000 0.01501645876651 0.03288915858457 0.04426311652701 0.02421288046458 0.02594029912411 0.00180000000000 0.00190000000000 0.00180000000000 0.01299456022665 0.03464831110787 0.05679537911572 0.02461179411247 0.02635229901586 0.00130000000000 0.00130000000000 0.00120000000000 0.00120000000000 0.00210000000000 0.01404095334563 0.01575463550571 0.01598653235625 0.00120000000000 0.00130000000000 0.00120000000000 0.00120000000000 0.00200000000000 0.01424191472448 0.01586980657359 0.01602009484579 
0.03011539540835 0.02339330686956 0.02918209118043 0.10436122383083 0.02915930383026 0.02676318011917 0.02642848543648 0.04381882834790 0.00150000000000 0.00150000000000 0.01542446566680 0.01684770327579 0.00150000000000 0.00140000000000 0.01493696204263 0.01388808277896 0.01461220465392 0.01633766106462 0.03266869188957 0.02388033442513 0.00850000000000 0.00730000000000 0.04064136909353 0.02766311064879 0.00130000000000 0.00130000000000 0.00160000000000 0.00160000000000 0.00120000000000 0.00120000000000 0.00150000000000 0.00150000000000 
0.05244481821938 0.00170000000000 0.02484238750296 0.00190000000000 0.00620000000000 0.00610000000000 0.00710000000000 0.00820000000000 0.07874572017857 0.00170000000000 0.02691016147207 0.00180000000000 0.00630000000000 0.00870000000000 0.00720000000000 0.00930000000000 0.02443034977367 0.00150000000000 0.02149761814302 0.00150000000000 0.01606843240245 0.01947512138747 0.01466663553683 0.01732669099077 0.02245824168081 0.00150000000000 0.01987707813670 0.00150000000000 0.01618852502269 0.01833175064930 0.01477392536861 0.01638617761536 
0.00160000000000 0.00160000000000 0.00180000000000 0.00180000000000 0.01652443965481 0.01560356416233 0.01957251077668 0.01805745893157 0.00220000000000 0.00690000000000 0.01530780955421 0.01452280416441 0.02635425218117 0.02254271604036 0.10420378521569 0.04405452680313 0.00140000000000 0.00140000000000 0.00150000000000 0.00150000000000 0.00190000000000 0.00190000000000 0.00230000000000 0.00240000000000 0.00170000000000 0.00170000000000 0.00190000000000 0.00200000000000 0.00770000000000 0.00730000000000 0.01540424124735 0.01490571328154 
0.00190000000000 0.01557122071615 0.00170000000000 0.01489096759478 0.00150000000000 0.00200000000000 0.00140000000000 0.00180000000000 0.00170000000000 0.00220000000000 0.00160000000000 0.00200000000000 0.00140000000000 0.00170000000000 0.00140000000000 0.00160000000000 0.00150000000000 0.00190000000000 0.00140000000000 0.00170000000000 0.00130000000000 0.00150000000000 0.00130000000000 0.00150000000000 0.00140000000000 0.00170000000000 0.00140000000000 0.00160000000000 0.00130000000000 0.00150000000000 0.00130000000000 0.00140000000000 
0.01611247524321 0.02438032677209 0.03087519820826 0.01627168495132 0.00230000000000 0.00940000000000 0.01641070485253 0.00270000000000 0.00980000000000 0.02100670326272 0.03452501343436 0.00890000000000 0.00650000000000 0.01370099976720 0.01824552557820 0.00250000000000 0.02465819096290 0.00200000000000 0.01486230448269 0.00150000000000 0.01453012729406 0.00180000000000 0.00190000000000 0.00140000000000 0.01596523103400 0.00200000000000 0.00610000000000 0.00140000000000 0.00670000000000 0.00170000000000 0.00180000000000 0.00130000000000 
0.00150000000000 0.00160000000000 0.00620000000000 0.01310363356979 0.00150000000000 0.00160000000000 0.00560000000000 0.00980000000000 0.00150000000000 0.00160000000000 0.00180000000000 0.01292871494568 0.00140000000000 0.00150000000000 0.00560000000000 0.00570000000000 0.00110000000000 0.00120000000000 0.00120000000000 0.00120000000000 0.00110000000000 0.00120000000000 0.00120000000000 0.00120000000000 0.00110000000000 0.00110000000000 0.00120000000000 0.00120000000000 0.00110000000000 0.00110000000000 0.00120000000000 0.00120000000000 
0.00230000000000 0.01673151961193 0.00570000000000 0.01536587724304 0.01726533216209 0.02358878615856 0.01259462672785 0.01854013979715 0.02483164947033 0.02881654858165 0.02247222690297 0.03324250210206 0.01848746350256 0.01982948382475 0.01682916880061 0.02231879116711 0.00720000000000 0.01668202489245 0.00560000000000 0.01528668043144 0.01714928582464 0.02361690347452 0.01000000000000 0.01862908148961 0.02004640993812 0.02748341580660 0.01939327865531 0.02721270654442 0.01644136341362 0.01916944069927 0.01358203360894 0.02031191604358 
0.01504056855624 0.00160000000000 0.01732429569946 0.00660000000000 0.02756846149052 0.00520000000000 0.00180000000000 0.00190000000000 0.02694190359806 0.00180000000000 0.00960000000000 0.00320000000000 0.10570608425432 0.00490000000000 0.00160000000000 0.00170000000000 0.00760000000000 0.00180000000000 0.00230000000000 0.00250000000000 0.11619961939375 0.00610000000000 0.00150000000000 0.00160000000000 0.03714214088418 0.00200000000000 0.00190000000000 0.00210000000000 0.02952262078384 0.00550000000000 0.00140000000000 0.00150000000000 
0.01628573634352 0.00140000000000 0.00120000000000 0.00110000000000 0.01607094211301 0.00140000000000 0.00120000000000 0.00110000000000 0.01616734774655 0.00140000000000 0.00120000000000 0.00110000000000 0.01595305016336 0.00140000000000 0.00120000000000 0.00110000000000 0.03593481337790 0.00180000000000 0.00140000000000 0.00110000000000 0.04419148787926 0.00190000000000 0.00150000000000 0.00110000000000 0.03512340263202 0.00180000000000 0.00140000000000 0.00110000000000 0.04246626469198 0.00190000000000 0.00150000000000 0.00110000000000 
0.07450043631185 0.01434895800504 0.02075039662194 0.00710000000000 0.01530701337828 0.00150000000000 0.01520648737985 0.00160000000000 0.00720000000000 0.00140000000000 0.00660000000000 0.00150000000000 0.00160000000000 0.00120000000000 0.00170000000000 0.00120000000000 0.00160000000000 0.00120000000000 0.00170000000000 0.00130000000000 0.00130000000000 0.00110000000000 0.00130000000000 0.00110000000000 0.00130000000000 0.00110000000000 0.00130000000000 0.00110000000000 0.00110000000000 0.00100000000000 0.00120000000000 0.00100000000000 
0.02072128601799 0.10357933499952 0.02092184048404 0.10392209922863 0.01924420462904 0.03830968506321 0.01925674764648 0.04000044189068 0.01642451721757 0.02923916068125 0.01632634991099 0.02983251847529 0.01610324048811 0.02557166815373 0.01600034125735 0.02587378883955 0.00610000000000 0.01939117707947 0.00610000000000 0.01940019619958 0.00210000000000 0.01539961536793 0.00210000000000 0.01556382695024 0.00200000000000 0.01508457538590 0.00200000000000 0.01515456553373 0.00170000000000 0.00190000000000 0.00170000000000 0.00190000000000 
0.00670000000000 0.00640000000000 0.00950000000000 0.01346387740631 0.03707631340541 0.02245879901651 0.01349822808502 0.00190000000000 0.02349449924734 0.02763765855268 0.11023161091691 0.08219207319929 0.10226292289834 0.02290145436918 0.00200000000000 0.00170000000000 0.01803923592828 0.02635960246846 0.00700000000000 0.00230000000000 0.00200000000000 0.00170000000000 0.00140000000000 0.00130000000000 0.03108069311074 0.02120128598811 0.01368194663850 0.00190000000000 0.00170000000000 0.00150000000000 0.00130000000000 0.00120000000000 
0.09973234390332 0.03241502143548 0.00160000000000 0.01638646532712 0.10563806107602 0.03038634404080 0.00160000000000 0.01629519987124 0.02316312054941 0.02086693358098 0.02530301784067 0.10381033449584 0.02243517601780 0.02043739798619 0.02530764896517 0.10386317203253 0.00170000000000 0.01468203352876 0.00120000000000 0.00120000000000 0.00180000000000 0.01467887817896 0.00120000000000 0.00120000000000 0.02420607737566 0.11543865527338 0.00140000000000 0.00170000000000 0.02431211573988 0.12409564040902 0.00140000000000 0.00170000000000 
0.00170000000000 0.01543618916564 0.00160000000000 0.01597981916881 0.02024435573556 0.11224733997604 0.02007827897774 0.10333880709000 0.00120000000000 0.00130000000000 0.00110000000000 0.00130000000000 0.00140000000000 0.00170000000000 0.00130000000000 0.00160000000000 0.00170000000000 0.01592622245097 0.00150000000000 0.01648722801577 0.02156640956052 0.10536692165256 0.02122638570577 0.08101390256931 0.00120000000000 0.00130000000000 0.00110000000000 0.00120000000000 0.00140000000000 0.00170000000000 0.00130000000000 0.00160000000000 
0.00150000000000 0.00140000000000 0.00150000000000 0.00150000000000 0.00270000000000 0.00250000000000 0.00570000000000 0.00560000000000 0.00150000000000 0.00150000000000 0.00150000000000 0.00150000000000 0.00560000000000 0.00260000000000 0.00590000000000 0.00580000000000 0.00140000000000 0.00140000000000 0.00150000000000 0.00150000000000 0.00580000000000 0.00570000000000 0.00590000000000 0.00590000000000 0.00150000000000 0.00140000000000 0.00150000000000 0.00150000000000 0.00600000000000 0.00590000000000 0.00630000000000 0.00610000000000 
0.00710000000000 0.01628408558478 0.01553830871315 0.01863807101333 0.01649212074071 0.02108430636339 0.01892341080006 0.01954743050972 0.00710000000000 0.01586926740363 0.01532455845887 0.02005396931647 0.01626352138187 0.01942514443831 0.01808878777857 0.02100972000373 0.00230000000000 0.01496362759436 0.01307584030671 0.01441716134300 0.00240000000000 0.02453417395055 0.01947321441288 0.00760000000000 0.00240000000000 0.01411089352687 0.00800000000000 0.01463773666693 0.00240000000000 0.02117241374447 0.01841688252963 0.01480280059713 
0.01790261443904 0.03616148067819 0.01700272736795 0.03365517592622 0.01628293366073 0.02718705454056 0.01526713191220 0.02495140831692 0.01448898564434 0.02613808698134 0.01424039017163 0.02488397178002 0.00790000000000 0.02184340654480 0.00770000000000 0.02032186353660 0.01904872872584 0.03176894568007 0.01918550322619 0.02165491819734 0.01489501049529 0.10498918944583 0.01320717459976 0.02429382308920 0.01493072010417 0.03397971561274 0.01387508833810 0.02244729945806 0.00780000000000 0.07075448798267 0.00770000000000 0.02725035312988 
0.02267299392065 0.02151074204109 0.01986942609825 0.01877877559940 0.02062442884322 0.01976338013723 0.01844023884551 0.01752889022056 0.01954485406551 0.01902415053824 0.01869935989047 0.01810026729029 0.01893485475431 0.01842002426684 0.01810091990231 0.01758741073158 0.01998200429087 0.01907386847979 0.01800243027223 0.01708435318409 0.01853698125732 0.01773972844745 0.01694704888147 0.01604290790965 0.01871564613792 0.01820966598161 0.01797032747404 0.01738436055544 0.01819711294530 0.01768966542292 0.01746571737409 0.01695842956343 
0.01851797492010 0.00230000000000 0.02140756378176 0.01678669634239 0.01819006820408 0.00190000000000 0.01931897072446 0.01708094635701 0.01529342197355 0.00180000000000 0.01697704064639 0.00200000000000 0.01650908218168 0.00160000000000 0.01745494374781 0.00170000000000 0.00200000000000 0.00160000000000 0.00250000000000 0.00170000000000 0.00170000000000 0.00140000000000 0.00190000000000 0.00150000000000 0.00170000000000 0.00140000000000 0.00180000000000 0.00150000000000 0.00150000000000 0.00130000000000 0.00160000000000 0.00140000000000 
0.02986470095668 0.03107547864560 0.03141755283568 0.02888992190693 0.01537604947159 0.01474584052223 0.01650356148819 0.01607387500836 0.02185302851302 0.02205081157858 0.10293043144888 0.10230471174368 0.02937900835039 0.02589517232720 0.02215809800891 0.02123172444695 0.03006570488212 0.03138806813720 0.03070976336456 0.02837813549623 0.01536789688643 0.01473992401525 0.01649253584373 0.01606357597818 0.02196109982404 0.02215841415225 0.10246006840657 0.09412732130745 0.02835440907444 0.02527584323114 0.02195477439449 0.02112003374945 
0.01459875468643 0.00140000000000 0.01663105859737 0.00150000000000 0.01460360951486 0.00140000000000 0.01653649516774 0.00150000000000 0.00170000000000 0.00130000000000 0.00210000000000 0.00140000000000 0.00170000000000 0.00130000000000 0.00210000000000 0.00140000000000 0.01664613280698 0.00130000000000 0.02422879222961 0.00150000000000 0.01654912967147 0.00130000000000 0.02404454662744 0.00150000000000 0.00180000000000 0.00120000000000 0.01450094686446 0.00130000000000 0.00180000000000 0.00120000000000 0.01447791430434 0.00130000000000 
0.02184669511470 0.01846141272841 0.01949644784278 0.01761748698640 0.02019105476392 0.01691915402566 0.01799804948921 0.01632941463960 0.02277551796898 0.01749302510590 0.02675274135764 0.02395365849676 0.02315739511824 0.01745421946523 0.02602959358871 0.02333222601363 0.01866018404368 0.01642639492569 0.01760366627610 0.01622131679705 0.01667565985322 0.00250000000000 0.01611964079903 0.01507018080131 0.02249264465033 0.01706654887201 0.02427613266240 0.02223237887425 0.02321562164679 0.01728626397218 0.02374560102709 0.02150168771315 
0.00150000000000 0.00170000000000 0.00160000000000 0.00190000000000 0.00150000000000 0.00170000000000 0.00160000000000 0.00180000000000 0.00150000000000 0.00180000000000 0.00160000000000 0.00190000000000 0.00150000000000 0.00170000000000 0.00160000000000 0.00180000000000 0.00160000000000 0.00200000000000 0.00180000000000 0.00220000000000 0.00160000000000 0.00190000000000 0.00170000000000 0.00210000000000 0.00170000000000 0.01439996892625 0.00180000000000 0.01586124573003 0.00160000000000 0.01289392695080 0.00170000000000 0.01531136016349 
0.00150000000000 0.00130000000000 0.00150000000000 0.00130000000000 0.00210000000000 0.00140000000000 0.01614093567399 0.00140000000000 0.00150000000000 0.00130000000000 0.00150000000000 0.00130000000000 0.00610000000000 0.00140000000000 0.00620000000000 0.00140000000000 0.02273903592139 0.00170000000000 0.02413003295384 0.00170000000000 0.10388537671152 0.00530000000000 0.05701033989889 0.00520000000000 0.01643897445205 0.00160000000000 0.01763089921328 0.00160000000000 0.02502594080091 0.02306620859229 0.02636187056330 0.03257613274290 
0.04911829681649 0.05790882293350 0.02288735160796 0.02995798025619 0.10362527125060 0.04757116919866 0.12400608401871 0.04617008695459 0.02486009292057 0.03032861109455 0.02478742407138 0.03395968424998 0.02876161198550 0.03295212800693 0.05449886009227 0.08772017957075 0.04772675805592 0.06622636928999 0.02370326882462 0.03078995709066 0.10367553183015 0.04931025067092 0.12996056866316 0.04679080070534 0.02486445290783 0.03023976607683 0.02488715547339 0.03386847582890 0.02887230033035 0.03315596680353 0.05490024790702 0.09442862496351 
0.01477982999679 0.01787562987420 0.01468152125455 0.01778092160379 0.01561950881656 0.01816801217360 0.01551041156610 0.01807360738523 0.00820000000000 0.01471341219071 0.00810000000000 0.01470079583559 0.00820000000000 0.01432621550063 0.00820000000000 0.01431341773139 0.00180000000000 0.00180000000000 0.00180000000000 0.00180000000000 0.00160000000000 0.00170000000000 0.00170000000000 0.00170000000000 0.00180000000000 0.00180000000000 0.00190000000000 0.00190000000000 0.00170000000000 0.00170000000000 0.00170000000000 0.00170000000000 
0.02776194083359 0.10659835544902 0.01620473204577 0.02912857616264 0.10625202137447 0.11091705850393 0.01785919176966 0.10573424929002 0.01861353025206 0.03212013360698 0.01465110002447 0.01487788099003 0.02165396870327 0.10305123689396 0.01499902744593 0.02529704498819 0.03761639340621 0.00920000000000 0.01635171177659 0.00630000000000 0.03938231380578 0.00990000000000 0.02080665847399 0.01972499886210 0.01891918655691 0.00540000000000 0.00230000000000 0.00240000000000 0.02350362053537 0.03558772691677 0.01498944662350 0.01655225755513 
0.01541330262741 0.01458607734696 0.01590813393898 0.01471699298257 0.01715832223301 0.01777772675501 0.01745788013875 0.01725551348347 0.01806041957057 0.01977746605291 0.01843459436732 0.01883558832061 0.02060067618960 0.03872324058490 0.02076823591625 0.02756139897873 0.01883952870508 0.02693172611486 0.01912586179675 0.02144051545485 0.02173763654862 0.02826698050272 0.02164010435929 0.05878846149626 0.02463029571762 0.03007131516992 0.02470485910689 0.10587106098194 0.03075443569786 0.02329820175132 0.03030901241933 0.02972883682543 
0.01729210542883 0.01778726053698 0.01708256677128 0.01757229816581 0.01669970600199 0.01811237252690 0.01632313497850 0.01781818268192 0.00690000000000 0.00700000000000 0.00680000000000 0.00700000000000 0.00180000000000 0.00200000000000 0.00180000000000 0.00190000000000 0.01694999274022 0.01758691952783 0.01682765033850 0.01737159282845 0.00280000000000 0.00660000000000 0.00270000000000 0.00320000000000 0.00190000000000 0.00210000000000 0.00190000000000 0.00200000000000 0.00180000000000 0.00190000000000 0.00170000000000 0.00180000000000 
0.01424215520271 0.00160000000000 0.01498090543383 0.00170000000000 0.00190000000000 0.00150000000000 0.00230000000000 0.00150000000000 0.01404453559497 0.00160000000000 0.01477887174015 0.00170000000000 0.00190000000000 0.00150000000000 0.00220000000000 0.00150000000000 0.01457206918994 0.00160000000000 0.01531995101689 0.00170000000000 0.00200000000000 0.00150000000000 0.01413348016042 0.00160000000000 0.01445352013583 0.00160000000000 0.01519773007895 0.00170000000000 0.00200000000000 0.00150000000000 0.01393838536616 0.00160000000000 
0.00160000000000 0.01395454787632 0.01745041452530 0.02512912130691 0.00160000000000 0.00210000000000 0.01629579441954 0.02204130308887 0.00150000000000 0.00180000000000 0.01497464740762 0.01958728917247 0.00140000000000 0.00170000000000 0.01413934477296 0.01796188422162 0.00180000000000 0.01498875270958 0.01987671876198 0.03997677280153 0.00170000000000 0.01426907597510 0.01824407232408 0.02813057681177 0.00160000000000 0.00630000000000 0.01649328938772 0.02437323665612 0.00150000000000 0.00190000000000 0.01543456189506 0.02107916730269 
0.01670784005098 0.00130000000000 0.02432422374173 0.00140000000000 0.01967728632929 0.00140000000000 0.03724299298024 0.00150000000000 0.00160000000000 0.00110000000000 0.00180000000000 0.00120000000000 0.00170000000000 0.00120000000000 0.01555192490354 0.00120000000000 0.01403727519231 0.00120000000000 0.01757207167549 0.00130000000000 0.01587150133339 0.00130000000000 0.02082139891567 0.00130000000000 0.00140000000000 0.00110000000000 0.00150000000000 0.00110000000000 0.00150000000000 0.00110000000000 0.00170000000000 0.00110000000000 
0.00160000000000 0.00560000000000 0.00160000000000 0.00190000000000 0.00190000000000 0.00590000000000 0.00180000000000 0.00580000000000 0.00180000000000 0.00580000000000 0.00170000000000 0.00570000000000 0.00240000000000 0.00740000000000 0.00220000000000 0.00790000000000 0.00560000000000 0.00550000000000 0.00570000000000 0.00550000000000 0.00650000000000 0.00600000000000 0.00650000000000 0.00590000000000 0.00620000000000 0.00580000000000 0.00630000000000 0.00570000000000 0.00770000000000 0.00820000000000 0.00760000000000 0.00820000000000 
0.00140000000000 0.00170000000000 0.01814772694491 0.01784555496574 0.00150000000000 0.00180000000000 0.01951021929012 0.06521747083224 0.00170000000000 0.00210000000000 0.01804026105830 0.01733706501275 0.00180000000000 0.00230000000000 0.02060422569703 0.01522068553825 0.00240000000000 0.00450000000000 0.02017732807999 0.00180000000000 0.00290000000000 0.00910000000000 0.01799353215405 0.00170000000000 0.00520000000000 0.01566894785861 0.01463978268539 0.00150000000000 0.00750000000000 0.01421224143983 0.00220000000000 0.00140000000000 
0.00230000000000 0.01522865998262 0.00120000000000 0.00130000000000 0.03127557013008 0.04980874192112 0.00150000000000 0.00170000000000 0.00130000000000 0.00140000000000 0.00110000000000 0.00110000000000 0.00180000000000 0.00220000000000 0.00120000000000 0.00120000000000 0.00200000000000 0.01446357776761 0.00120000000000 0.00120000000000 0.02535155719904 0.03331980649302 0.00150000000000 0.00160000000000 0.00130000000000 0.00130000000000 0.00110000000000 0.00110000000000 0.00170000000000 0.00190000000000 0.00120000000000 0.00120000000000 
0.01638997145338 0.00160000000000 0.00170000000000 0.00130000000000 0.01766868563574 0.00170000000000 0.00180000000000 0.00140000000000 0.10363645273393 0.01982639279936 0.02371296818935 0.00180000000000 0.10856113436333 0.02337231297764 0.02636413826944 0.00190000000000 0.02255788511350 0.00210000000000 0.00250000000000 0.00150000000000 0.02617383150166 0.00230000000000 0.01708294213590 0.00150000000000 0.08210000035209 0.10306657037391 0.10730590339211 0.00280000000000 0.08771773993275 0.10425978482239 0.10742943655294 0.00670000000000 
0.00150000000000 0.00200000000000 0.00140000000000 0.00190000000000 0.01632311142090 0.10378904969676 0.01504985856068 0.11930030786875 0.00130000000000 0.00150000000000 0.00120000000000 0.00150000000000 0.00190000000000 0.00620000000000 0.00170000000000 0.00610000000000 0.00180000000000 0.00350000000000 0.00170000000000 0.00290000000000 0.02643551057651 0.01720302726778 0.02033785883870 0.01854074723658 0.00140000000000 0.00200000000000 0.00140000000000 0.00180000000000 0.01573014900500 0.02166130146649 0.01518764205909 0.02918755182022 
0.02001119441329 0.01816698357024 0.03223627622142 0.02358099738894 0.02235450021661 0.02736790545152 0.01911389299942 0.02152789699559 0.02037340613520 0.02390076243605 0.00970000000000 0.02002631975962 0.00170000000000 0.00200000000000 0.00150000000000 0.00160000000000 0.01556729682490 0.01484114600660 0.01719219569679 0.01676439351022 0.02370853036036 0.02143529346182 0.03811824820572 0.02762808318474 0.02742294884053 0.02340092918616 0.10299406208851 0.03363663591703 0.02267195687502 0.02667780133992 0.01983781705068 0.02201589830110 
M_out
1 1 1 1 1 0 0 0 0 0 0 0 0 0 0 0 0 0 0 0 0 0 0 0 0 0 0 0 0 0 0 0 0 0 0 0 0 0 0 0 0 0 0 0 0 0 0 0 0 0 0 0 0 0 0 0 0 0 0 0 0 0 0 0 0 0 0 0 0 0 0 0 0 0 0 0 0 0 0 0 0 0 0 0 0 0 0 0 0 0 0 0 0 0 0 0 0 0 0 0 
0 1 1 1 1 1 0 0 0 0 0 0 0 0 0 0 0 0 0 0 0 0 0 0 0 0 0 0 0 0 0 0 0 0 0 0 0 0 0 0 0 0 0 0 0 0 0 0 0 0 0 0 0 0 0 0 0 0 0 0 0 0 0 0 0 0 0 0 0 0 0 0 0 0 0 0 0 0 0 0 0 0 0 0 0 0 0 0 0 0 0 0 0 0 0 0 0 0 0 0 
0 0 1 1 1 1 1 0 0 0 0 0 0 0 0 0 0 0 0 0 0 0 0 0 0 0 0 0 0 0 0 0 0 0 0 0 0 0 0 0 0 0 0 0 0 0 0 0 0 0 0 0 0 0 0 0 0 0 0 0 0 0 0 0 0 0 0 0 0 0 0 0 0 0 0 0 0 0 0 0 0 0 0 0 0 0 0 0 0 0 0 0 0 0 0 0 0 0 0 0 
0 0 0 1 1 1 1 1 0 0 0 0 0 0 0 0 0 0 0 0 0 0 0 0 0 0 0 0 0 0 0 0 0 0 0 0 0 0 0 0 0 0 0 0 0 0 0 0 0 0 0 0 0 0 0 0 0 0 0 0 0 0 0 0 0 0 0 0 0 0 0 0 0 0 0 0 0 0 0 0 0 0 0 0 0 0 0 0 0 0 0 0 0 0 0 0 0 0 0 0 
0 0 0 0 1 1 1 1 1 0 0 0 0 0 0 0 0 0 0 0 0 0 0 0 0 0 0 0 0 0 0 0 0 0 0 0 0 0 0 0 0 0 0 0 0 0 0 0 0 0 0 0 0 0 0 0 0 0 0 0 0 0 0 0 0 0 0 0 0 0 0 0 0 0 0 0 0 0 0 0 0 0 0 0 0 0 0 0 0 0 0 0 0 0 0 0 0 0 0 0 
0 0 0 0 0 1 1 1 1 1 0 0 0 0 0 0 0 0 0 0 0 0 0 0 0 0 0 0 0 0 0 0 0 0 0 0 0 0 0 0 0 0 0 0 0 0 0 0 0 0 0 0 0 0 0 0 0 0 0 0 0 0 0 0 0 0 0 0 0 0 0 0 0 0 0 0 0 0 0 0 0 0 0 0 0 0 0 0 0 0 0 0 0 0 0 0 0 0 0 0 
0 0 0 0 0 0 1 1 1 1 1 0 0 0 0 0 0 0 0 0 0 0 0 0 0 0 0 0 0 0 0 0 0 0 0 0 0 0 0 0 0 0 0 0 0 0 0 0 0 0 0 0 0 0 0 0 0 0 0 0 0 0 0 0 0 0 0 0 0 0 0 0 0 0 0 0 0 0 0 0 0 0 0 0 0 0 0 0 0 0 0 0 0 0 0 0 0 0 0 0 
0 0 0 0 0 0 0 1 1 1 1 1 0 0 0 0 0 0 0 0 0 0 0 0 0 0 0 0 0 0 0 0 0 0 0 0 0 0 0 0 0 0 0 0 0 0 0 0 0 0 0 0 0 0 0 0 0 0 0 0 0 0 0 0 0 0 0 0 0 0 0 0 0 0 0 0 0 0 0 0 0 0 0 0 0 0 0 0 0 0 0 0 0 0 0 0 0 0 0 0 
0 0 0 0 0 0 0 0 1 1 1 1 1 0 0 0 0 0 0 0 0 0 0 0 0 0 0 0 0 0 0 0 0 0 0 0 0 0 0 0 0 0 0 0 0 0 0 0 0 0 0 0 0 0 0 0 0 0 0 0 0 0 0 0 0 0 0 0 0 0 0 0 0 0 0 0 0 0 0 0 0 0 0 0 0 0 0 0 0 0 0 0 0 0 0 0 0 0 0 0 
0 0 0 0 0 0 0 0 0 1 1 1 1 1 0 0 0 0 0 0 0 0 0 0 0 0 0 0 0 0 0 0 0 0 0 0 0 0 0 0 0 0 0 0 0 0 0 0 0 0 0 0 0 0 0 0 0 0 0 0 0 0 0 0 0 0 0 0 0 0 0 0 0 0 0 0 0 0 0 0 0 0 0 0 0 0 0 0 0 0 0 0 0 0 0 0 0 0 0 0 
0 0 0 0 0 0 0 0 0 0 1 1 1 1 1 0 0 0 0 0 0 0 0 0 0 0 0 0 0 0 0 0 0 0 0 0 0 0 0 0 0 0 0 0 0 0 0 0 0 0 0 0 0 0 0 0 0 0 0 0 0 0 0 0 0 0 0 0 0 0 0 0 0 0 0 0 0 0 0 0 0 0 0 0 0 0 0 0 0 0 0 0 0 0 0 0 0 0 0 0 
0 0 0 0 0 0 0 0 0 0 0 1 1 1 1 1 0 0 0 0 0 0 0 0 0 0 0 0 0 0 0 0 0 0 0 0 0 0 0 0 0 0 0 0 0 0 0 0 0 0 0 0 0 0 0 0 0 0 0 0 0 0 0 0 0 0 0 0 0 0 0 0 0 0 0 0 0 0 0 0 0 0 0 0 0 0 0 0 0 0 0 0 0 0 0 0 0 0 0 0 
0 0 0 0 0 0 0 0 0 0 0 0 1 1 1 1 1 0 0 0 0 0 0 0 0 0 0 0 0 0 0 0 0 0 0 0 0 0 0 0 0 0 0 0 0 0 0 0 0 0 0 0 0 0 0 0 0 0 0 0 0 0 0 0 0 0 0 0 0 0 0 0 0 0 0 0 0 0 0 0 0 0 0 0 0 0 0 0 0 0 0 0 0 0 0 0 0 0 0 0 
0 0 0 0 0 0 0 0 0 0 0 0 0 1 1 1 1 1 0 0 0 0 0 0 0 0 0 0 0 0 0 0 0 0 0 0 0 0 0 0 0 0 0 0 0 0 0 0 0 0 0 0 0 0 0 0 0 0 0 0 0 0 0 0 0 0 0 0 0 0 0 0 0 0 0 0 0 0 0 0 0 0 0 0 0 0 0 0 0 0 0 0 0 0 0 0 0 0 0 0 
0 0 0 0 0 0 0 0 0 0 0 0 0 0 1 1 1 1 1 0 0 0 0 0 0 0 0 0 0 0 0 0 0 0 0 0 0 0 0 0 0 0 0 0 0 0 0 0 0 0 0 0 0 0 0 0 0 0 0 0 0 0 0 0 0 0 0 0 0 0 0 0 0 0 0 0 0 0 0 0 0 0 0 0 0 0 0 0 0 0 0 0 0 0 0 0 0 0 0 0 
0 0 0 0 0 0 0 0 0 0 0 0 0 0 0 1 1 1 1 1 0 0 0 0 0 0 0 0 0 0 0 0 0 0 0 0 0 0 0 0 0 0 0 0 0 0 0 0 0 0 0 0 0 0 0 0 0 0 0 0 0 0 0 0 0 0 0 0 0 0 0 0 0 0 0 0 0 0 0 0 0 0 0 0 0 0 0 0 0 0 0 0 0 0 0 0 0 0 0 0 
0 0 0 0 0 0 0 0 0 0 0 0 0 0 0 0 1 1 1 1 1 0 0 0 0 0 0 0 0 0 0 0 0 0 0 0 0 0 0 0 0 0 0 0 0 0 0 0 0 0 0 0 0 0 0 0 0 0 0 0 0 0 0 0 0 0 0 0 0 0 0 0 0 0 0 0 0 0 0 0 0 0 0 0 0 0 0 0 0 0 0 0 0 0 0 0 0 0 0 0 
0 0 0 0 0 0 0 0 0 0 0 0 0 0 0 0 0 1 1 1 1 1 0 0 0 0 0 0 0 0 0 0 0 0 0 0 0 0 0 0 0 0 0 0 0 0 0 0 0 0 0 0 0 0 0 0 0 0 0 0 0 0 0 0 0 0 0 0 0 0 0 0 0 0 0 0 0 0 0 0 0 0 0 0 0 0 0 0 0 0 0 0 0 0 0 0 0 0 0 0 
0 0 0 0 0 0 0 0 0 0 0 0 0 0 0 0 0 0 1 1 1 1 1 0 0 0 0 0 0 0 0 0 0 0 0 0 0 0 0 0 0 0 0 0 0 0 0 0 0 0 0 0 0 0 0 0 0 0 0 0 0 0 0 0 0 0 0 0 0 0 0 0 0 0 0 0 0 0 0 0 0 0 0 0 0 0 0 0 0 0 0 0 0 0 0 0 0 0 0 0 
0 0 0 0 0 0 0 0 0 0 0 0 0 0 0 0 0 0 0 1 1 1 1 1 0 0 0 0 0 0 0 0 0 0 0 0 0 0 0 0 0 0 0 0 0 0 0 0 0 0 0 0 0 0 0 0 0 0 0 0 0 0 0 0 0 0 0 0 0 0 0 0 0 0 0 0 0 0 0 0 0 0 0 0 0 0 0 0 0 0 0 0 0 0 0 0 0 0 0 0 
0 0 0 0 0 0 0 0 0 0 0 0 0 0 0 0 0 0 0 0 1 1 1 1 1 0 0 0 0 0 0 0 0 0 0 0 0 0 0 0 0 0 0 0 0 0 0 0 0 0 0 0 0 0 0 0 0 0 0 0 0 0 0 0 0 0 0 0 0 0 0 0 0 0 0 0 0 0 0 0 0 0 0 0 0 0 0 0 0 0 0 0 0 0 0 0 0 0 0 0 
0 0 0 0 0 0 0 0 0 0 0 0 0 0 0 0 0 0 0 0 0 1 1 1 1 1 0 0 0 0 0 0 0 0 0 0 0 0 0 0 0 0 0 0 0 0 0 0 0 0 0 0 0 0 0 0 0 0 0 0 0 0 0 0 0 0 0 0 0 0 0 0 0 0 0 0 0 0 0 0 0 0 0 0 0 0 0 0 0 0 0 0 0 0 0 0 0 0 0 0 
0 0 0 0 0 0 0 0 0 0 0 0 0 0 0 0 0 0 0 0 0 0 1 1 1 1 1 0 0 0 0 0 0 0 0 0 0 0 0 0 0 0 0 0 0 0 0 0 0 0 0 0 0 0 0 0 0 0 0 0 0 0 0 0 0 0 0 0 0 0 0 0 0 0 0 0 0 0 0 0 0 0 0 0 0 0 0 0 0 0 0 0 0 0 0 0 0 0 0 0 
0 0 0 0 0 0 0 0 0 0 0 0 0 0 0 0 0 0 0 0 0 0 0 1 1 1 1 1 0 0 0 0 0 0 0 0 0 0 0 0 0 0 0 0 0 0 0 0 0 0 0 0 0 0 0 0 0 0 0 0 0 0 0 0 0 0 0 0 0 0 0 0 0 0 0 0 0 0 0 0 0 0 0 0 0 0 0 0 0 0 0 0 0 0 0 0 0 0 0 0 
0 0 0 0 0 0 0 0 0 0 0 0 0 0 0 0 0 0 0 0 0 0 0 0 1 1 1 1 1 0 0 0 0 0 0 0 0 0 0 0 0 0 0 0 0 0 0 0 0 0 0 0 0 0 0 0 0 0 0 0 0 0 0 0 0 0 0 0 0 0 0 0 0 0 0 0 0 0 0 0 0 0 0 0 0 0 0 0 0 0 0 0 0 0 0 0 0 0 0 0 
0 0 0 0 0 0 0 0 0 0 0 0 0 0 0 0 0 0 0 0 0 0 0 0 0 1 1 1 1 1 0 0 0 0 0 0 0 0 0 0 0 0 0 0 0 0 0 0 0 0 0 0 0 0 0 0 0 0 0 0 0 0 0 0 0 0 0 0 0 0 0 0 0 0 0 0 0 0 0 0 0 0 0 0 0 0 0 0 0 0 0 0 0 0 0 0 0 0 0 0 
0 0 0 0 0 0 0 0 0 0 0 0 0 0 0 0 0 0 0 0 0 0 0 0 0 0 1 1 1 1 1 0 0 0 0 0 0 0 0 0 0 0 0 0 0 0 0 0 0 0 0 0 0 0 0 0 0 0 0 0 0 0 0 0 0 0 0 0 0 0 0 0 0 0 0 0 0 0 0 0 0 0 0 0 0 0 0 0 0 0 0 0 0 0 0 0 0 0 0 0 
0 0 0 0 0 0 0 0 0 0 0 0 0 0 0 0 0 0 0 0 0 0 0 0 0 0 0 1 1 1 1 1 0 0 0 0 0 0 0 0 0 0 0 0 0 0 0 0 0 0 0 0 0 0 0 0 0 0 0 0 0 0 0 0 0 0 0 0 0 0 0 0 0 0 0 0 0 0 0 0 0 0 0 0 0 0 0 0 0 0 0 0 0 0 0 0 0 0 0 0 
0 0 0 0 0 0 0 0 0 0 0 0 0 0 0 0 0 0 0 0 0 0 0 0 0 0 0 0 1 1 1 1 1 0 0 0 0 0 0 0 0 0 0 0 0 0 0 0 0 0 0 0 0 0 0 0 0 0 0 0 0 0 0 0 0 0 0 0 0 0 0 0 0 0 0 0 0 0 0 0 0 0 0 0 0 0 0 0 0 0 0 0 0 0 0 0 0 0 0 0 
0 0 0 0 0 0 0 0 0 0 0 0 0 0 0 0 0 0 0 0 0 0 0 0 0 0 0 0 0 1 1 1 1 1 0 0 0 0 0 0 0 0 0 0 0 0 0 0 0 0 0 0 0 0 0 0 0 0 0 0 0 0 0 0 0 0 0 0 0 0 0 0 0 0 0 0 0 0 0 0 0 0 0 0 0 0 0 0 0 0 0 0 0 0 0 0 0 0 0 0 
0 0 0 0 0 0 0 0 0 0 0 0 0 0 0 0 0 0 0 0 0 0 0 0 0 0 0 0 0 0 1 1 1 1 1 0 0 0 0 0 0 0 0 0 0 0 0 0 0 0 0 0 0 0 0 0 0 0 0 0 0 0 0 0 0 0 0 0 0 0 0 0 0 0 0 0 0 0 0 0 0 0 0 0 0 0 0 0 0 0 0 0 0 0 0 0 0 0 0 0 
0 0 0 0 0 0 0 0 0 0 0 0 0 0 0 0 0 0 0 0 0 0 0 0 0 0 0 0 0 0 0 1 1 1 1 1 0 0 0 0 0 0 0 0 0 0 0 0 0 0 0 0 0 0 0 0 0 0 0 0 0 0 0 0 0 0 0 0 0 0 0 0 0 0 0 0 0 0 0 0 0 0 0 0 0 0 0 0 0 0 0 0 0 0 0 0 0 0 0 0 
0 0 0 0 0 0 0 0 0 0 0 0 0 0 0 0 0 0 0 0 0 0 0 0 0 0 0 0 0 0 0 0 1 1 1 1 1 0 0 0 0 0 0 0 0 0 0 0 0 0 0 0 0 0 0 0 0 0 0 0 0 0 0 0 0 0 0 0 0 0 0 0 0 0 0 0 0 0 0 0 0 0 0 0 0 0 0 0 0 0 0 0 0 0 0 0 0 0 0 0 
0 0 0 0 0 0 0 0 0 0 0 0 0 0 0 0 0 0 0 0 0 0 0 0 0 0 0 0 0 0 0 0 0 1 1 1 1 1 0 0 0 0 0 0 0 0 0 0 0 0 0 0 0 0 0 0 0 0 0 0 0 0 0 0 0 0 0 0 0 0 0 0 0 0 0 0 0 0 0 0 0 0 0 0 0 0 0 0 0 0 0 0 0 0 0 0 0 0 0 0 
0 0 0 0 0 0 0 0 0 0 0 0 0 0 0 0 0 0 0 0 0 0 0 0 0 0 0 0 0 0 0 0 0 0 1 1 1 1 1 0 0 0 0 0 0 0 0 0 0 0 0 0 0 0 0 0 0 0 0 0 0 0 0 0 0 0 0 0 0 0 0 0 0 0 0 0 0 0 0 0 0 0 0 0 0 0 0 0 0 0 0 0 0 0 0 0 0 0 0 0 
0 0 0 0 0 0 0 0 0 0 0 0 0 0 0 0 0 0 0 0 0 0 0 0 0 0 0 0 0 0 0 0 0 0 0 1 1 1 1 1 0 0 0 0 0 0 0 0 0 0 0 0 0 0 0 0 0 0 0 0 0 0 0 0 0 0 0 0 0 0 0 0 0 0 0 0 0 0 0 0 0 0 0 0 0 0 0 0 0 0 0 0 0 0 0 0 0 0 0 0 
0 0 0 0 0 0 0 0 0 0 0 0 0 0 0 0 0 0 0 0 0 0 0 0 0 0 0 0 0 0 0 0 0 0 0 0 1 1 1 1 1 0 0 0 0 0 0 0 0 0 0 0 0 0 0 0 0 0 0 0 0 0 0 0 0 0 0 0 0 0 0 0 0 0 0 0 0 0 0 0 0 0 0 0 0 0 0 0 0 0 0 0 0 0 0 0 0 0 0 0 
0 0 0 0 0 0 0 0 0 0 0 0 0 0 0 0 0 0 0 0 0 0 0 0 0 0 0 0 0 0 0 0 0 0 0 0 0 1 1 1 1 1 0 0 0 0 0 0 0 0 0 0 0 0 0 0 0 0 0 0 0 0 0 0 0 0 0 0 0 0 0 0 0 0 0 0 0 0 0 0 0 0 0 0 0 0 0 0 0 0 0 0 0 0 0 0 0 0 0 0 
0 0 0 0 0 0 0 0 0 0 0 0 0 0 0 0 0 0 0 0 0 0 0 0 0 0 0 0 0 0 0 0 0 0 0 0 0 0 1 1 1 1 1 0 0 0 0 0 0 0 0 0 0 0 0 0 0 0 0 0 0 0 0 0 0 0 0 0 0 0 0 0 0 0 0 0 0 0 0 0 0 0 0 0 0 0 0 0 0 0 0 0 0 0 0 0 0 0 0 0 
0 0 0 0 0 0 0 0 0 0 0 0 0 0 0 0 0 0 0 0 0 0 0 0 0 0 0 0 0 0 0 0 0 0 0 0 0 0 0 1 1 1 1 1 0 0 0 0 0 0 0 0 0 0 0 0 0 0 0 0 0 0 0 0 0 0 0 0 0 0 0 0 0 0 0 0 0 0 0 0 0 0 0 0 0 0 0 0 0 0 0 0 0 0 0 0 0 0 0 0 
0 0 0 0 0 0 0 0 0 0 0 0 0 0 0 0 0 0 0 0 0 0 0 0 0 0 0 0 0 0 0 0 0 0 0 0 0 0 0 0 1 1 1 1 1 0 0 0 0 0 0 0 0 0 0 0 0 0 0 0 0 0 0 0 0 0 0 0 0 0 0 0 0 0 0 0 0 0 0 0 0 0 0 0 0 0 0 0 0 0 0 0 0 0 0 0 0 0 0 0 
0 0 0 0 0 0 0 0 0 0 0 0 0 0 0 0 0 0 0 0 0 0 0 0 0 0 0 0 0 0 0 0 0 0 0 0 0 0 0 0 0 1 1 1 1 1 0 0 0 0 0 0 0 0 0 0 0 0 0 0 0 0 0 0 0 0 0 0 0 0 0 0 0 0 0 0 0 0 0 0 0 0 0 0 0 0 0 0 0 0 0 0 0 0 0 0 0 0 0 0 
0 0 0 0 0 0 0 0 0 0 0 0 0 0 0 0 0 0 0 0 0 0 0 0 0 0 0 0 0 0 0 0 0 0 0 0 0 0 0 0 0 0 1 1 1 1 1 0 0 0 0 0 0 0 0 0 0 0 0 0 0 0 0 0 0 0 0 0 0 0 0 0 0 0 0 0 0 0 0 0 0 0 0 0 0 0 0 0 0 0 0 0 0 0 0 0 0 0 0 0 
0 0 0 0 0 0 0 0 0 0 0 0 0 0 0 0 0 0 0 0 0 0 0 0 0 0 0 0 0 0 0 0 0 0 0 0 0 0 0 0 0 0 0 1 1 1 1 1 0 0 0 0 0 0 0 0 0 0 0 0 0 0 0 0 0 0 0 0 0 0 0 0 0 0 0 0 0 0 0 0 0 0 0 0 0 0 0 0 0 0 0 0 0 0 0 0 0 0 0 0 
0 0 0 0 0 0 0 0 0 0 0 0 0 0 0 0 0 0 0 0 0 0 0 0 0 0 0 0 0 0 0 0 0 0 0 0 0 0 0 0 0 0 0 0 1 1 1 1 1 0 0 0 0 0 0 0 0 0 0 0 0 0 0 0 0 0 0 0 0 0 0 0 0 0 0 0 0 0 0 0 0 0 0 0 0 0 0 0 0 0 0 0 0 0 0 0 0 0 0 0 
0 0 0 0 0 0 0 0 0 0 0 0 0 0 0 0 0 0 0 0 0 0 0 0 0 0 0 0 0 0 0 0 0 0 0 0 0 0 0 0 0 0 0 0 0 1 1 1 1 1 0 0 0 0 0 0 0 0 0 0 0 0 0 0 0 0 0 0 0 0 0 0 0 0 0 0 0 0 0 0 0 0 0 0 0 0 0 0 0 0 0 0 0 0 0 0 0 0 0 0 
0 0 0 0 0 0 0 0 0 0 0 0 0 0 0 0 0 0 0 0 0 0 0 0 0 0 0 0 0 0 0 0 0 0 0 0 0 0 0 0 0 0 0 0 0 0 1 1 1 1 1 0 0 0 0 0 0 0 0 0 0 0 0 0 0 0 0 0 0 0 0 0 0 0 0 0 0 0 0 0 0 0 0 0 0 0 0 0 0 0 0 0 0 0 0 0 0 0 0 0 
0 0 0 0 0 0 0 0 0 0 0 0 0 0 0 0 0 0 0 0 0 0 0 0 0 0 0 0 0 0 0 0 0 0 0 0 0 0 0 0 0 0 0 0 0 0 0 1 1 1 1 1 0 0 0 0 0 0 0 0 0 0 0 0 0 0 0 0 0 0 0 0 0 0 0 0 0 0 0 0 0 0 0 0 0 0 0 0 0 0 0 0 0 0 0 0 0 0 0 0 
0 0 0 0 0 0 0 0 0 0 0 0 0 0 0 0 0 0 0 0 0 0 0 0 0 0 0 0 0 0 0 0 0 0 0 0 0 0 0 0 0 0 0 0 0 0 0 0 1 1 1 1 1 0 0 0 0 0 0 0 0 0 0 0 0 0 0 0 0 0 0 0 0 0 0 0 0 0 0 0 0 0 0 0 0 0 0 0 0 0 0 0 0 0 0 0 0 0 0 0 
0 0 0 0 0 0 0 0 0 0 0 0 0 0 0 0 0 0 0 0 0 0 0 0 0 0 0 0 0 0 0 0 0 0 0 0 0 0 0 0 0 0 0 0 0 0 0 0 0 1 1 1 1 1 0 0 0 0 0 0 0 0 0 0 0 0 0 0 0 0 0 0 0 0 0 0 0 0 0 0 0 0 0 0 0 0 0 0 0 0 0 0 0 0 0 0 0 0 0 0 
0 0 0 0 0 0 0 0 0 0 0 0 0 0 0 0 0 0 0 0 0 0 0 0 0 0 0 0 0 0 0 0 0 0 0 0 0 0 0 0 0 0 0 0 0 0 0 0 0 0 1 1 1 1 1 0 0 0 0 0 0 0 0 0 0 0 0 0 0 0 0 0 0 0 0 0 0 0 0 0 0 0 0 0 0 0 0 0 0 0 0 0 0 0 0 0 0 0 0 0 
0 0 0 0 0 0 0 0 0 0 0 0 0 0 0 0 0 0 0 0 0 0 0 0 0 0 0 0 0 0 0 0 0 0 0 0 0 0 0 0 0 0 0 0 0 0 0 0 0 0 0 1 1 1 1 1 0 0 0 0 0 0 0 0 0 0 0 0 0 0 0 0 0 0 0 0 0 0 0 0 0 0 0 0 0 0 0 0 0 0 0 0 0 0 0 0 0 0 0 0 
0 0 0 0 0 0 0 0 0 0 0 0 0 0 0 0 0 0 0 0 0 0 0 0 0 0 0 0 0 0 0 0 0 0 0 0 0 0 0 0 0 0 0 0 0 0 0 0 0 0 0 0 1 1 1 1 1 0 0 0 0 0 0 0 0 0 0 0 0 0 0 0 0 0 0 0 0 0 0 0 0 0 0 0 0 0 0 0 0 0 0 0 0 0 0 0 0 0 0 0 
0 0 0 0 0 0 0 0 0 0 0 0 0 0 0 0 0 0 0 0 0 0 0 0 0 0 0 0 0 0 0 0 0 0 0 0 0 0 0 0 0 0 0 0 0 0 0 0 0 0 0 0 0 1 1 1 1 1 0 0 0 0 0 0 0 0 0 0 0 0 0 0 0 0 0 0 0 0 0 0 0 0 0 0 0 0 0 0 0 0 0 0 0 0 0 0 0 0 0 0 
0 0 0 0 0 0 0 0 0 0 0 0 0 0 0 0 0 0 0 0 0 0 0 0 0 0 0 0 0 0 0 0 0 0 0 0 0 0 0 0 0 0 0 0 0 0 0 0 0 0 0 0 0 0 1 1 1 1 1 0 0 0 0 0 0 0 0 0 0 0 0 0 0 0 0 0 0 0 0 0 0 0 0 0 0 0 0 0 0 0 0 0 0 0 0 0 0 0 0 0 
0 0 0 0 0 0 0 0 0 0 0 0 0 0 0 0 0 0 0 0 0 0 0 0 0 0 0 0 0 0 0 0 0 0 0 0 0 0 0 0 0 0 0 0 0 0 0 0 0 0 0 0 0 0 0 1 1 1 1 1 0 0 0 0 0 0 0 0 0 0 0 0 0 0 0 0 0 0 0 0 0 0 0 0 0 0 0 0 0 0 0 0 0 0 0 0 0 0 0 0 
0 0 0 0 0 0 0 0 0 0 0 0 0 0 0 0 0 0 0 0 0 0 0 0 0 0 0 0 0 0 0 0 0 0 0 0 0 0 0 0 0 0 0 0 0 0 0 0 0 0 0 0 0 0 0 0 1 1 1 1 1 0 0 0 0 0 0 0 0 0 0 0 0 0 0 0 0 0 0 0 0 0 0 0 0 0 0 0 0 0 0 0 0 0 0 0 0 0 0 0 
0 0 0 0 0 0 0 0 0 0 0 0 0 0 0 0 0 0 0 0 0 0 0 0 0 0 0 0 0 0 0 0 0 0 0 0 0 0 0 0 0 0 0 0 0 0 0 0 0 0 0 0 0 0 0 0 0 1 1 1 1 1 0 0 0 0 0 0 0 0 0 0 0 0 0 0 0 0 0 0 0 0 0 0 0 0 0 0 0 0 0 0 0 0 0 0 0 0 0 0 
0 0 0 0 0 0 0 0 0 0 0 0 0 0 0 0 0 0 0 0 0 0 0 0 0 0 0 0 0 0 0 0 0 0 0 0 0 0 0 0 0 0 0 0 0 0 0 0 0 0 0 0 0 0 0 0 0 0 1 1 1 1 1 0 0 0 0 0 0 0 0 0 0 0 0 0 0 0 0 0 0 0 0 0 0 0 0 0 0 0 0 0 0 0 0 0 0 0 0 0 
0 0 0 0 0 0 0 0 0 0 0 0 0 0 0 0 0 0 0 0 0 0 0 0 0 0 0 0 0 0 0 0 0 0 0 0 0 0 0 0 0 0 0 0 0 0 0 0 0 0 0 0 0 0 0 0 0 0 0 1 1 1 1 1 0 0 0 0 0 0 0 0 0 0 0 0 0 0 0 0 0 0 0 0 0 0 0 0 0 0 0 0 0 0 0 0 0 0 0 0 
0 0 0 0 0 0 0 0 0 0 0 0 0 0 0 0 0 0 0 0 0 0 0 0 0 0 0 0 0 0 0 0 0 0 0 0 0 0 0 0 0 0 0 0 0 0 0 0 0 0 0 0 0 0 0 0 0 0 0 0 1 1 1 1 1 0 0 0 0 0 0 0 0 0 0 0 0 0 0 0 0 0 0 0 0 0 0 0 0 0 0 0 0 0 0 0 0 0 0 0 
0 0 0 0 0 0 0 0 0 0 0 0 0 0 0 0 0 0 0 0 0 0 0 0 0 0 0 0 0 0 0 0 0 0 0 0 0 0 0 0 0 0 0 0 0 0 0 0 0 0 0 0 0 0 0 0 0 0 0 0 0 1 1 1 1 1 0 0 0 0 0 0 0 0 0 0 0 0 0 0 0 0 0 0 0 0 0 0 0 0 0 0 0 0 0 0 0 0 0 0 
0 0 0 0 0 0 0 0 0 0 0 0 0 0 0 0 0 0 0 0 0 0 0 0 0 0 0 0 0 0 0 0 0 0 0 0 0 0 0 0 0 0 0 0 0 0 0 0 0 0 0 0 0 0 0 0 0 0 0 0 0 0 1 1 1 1 1 0 0 0 0 0 0 0 0 0 0 0 0 0 0 0 0 0 0 0 0 0 0 0 0 0 0 0 0 0 0 0 0 0 
0 0 0 0 0 0 0 0 0 0 0 0 0 0 0 0 0 0 0 0 0 0 0 0 0 0 0 0 0 0 0 0 0 0 0 0 0 0 0 0 0 0 0 0 0 0 0 0 0 0 0 0 0 0 0 0 0 0 0 0 0 0 0 1 1 1 1 1 0 0 0 0 0 0 0 0 0 0 0 0 0 0 0 0 0 0 0 0 0 0 0 0 0 0 0 0 0 0 0 0 
0 0 0 0 0 0 0 0 0 0 0 0 0 0 0 0 0 0 0 0 0 0 0 0 0 0 0 0 0 0 0 0 0 0 0 0 0 0 0 0 0 0 0 0 0 0 0 0 0 0 0 0 0 0 0 0 0 0 0 0 0 0 0 0 1 1 1 1 1 0 0 0 0 0 0 0 0 0 0 0 0 0 0 0 0 0 0 0 0 0 0 0 0 0 0 0 0 0 0 0 
0 0 0 0 0 0 0 0 0 0 0 0 0 0 0 0 0 0 0 0 0 0 0 0 0 0 0 0 0 0 0 0 0 0 0 0 0 0 0 0 0 0 0 0 0 0 0 0 0 0 0 0 0 0 0 0 0 0 0 0 0 0 0 0 0 1 1 1 1 1 0 0 0 0 0 0 0 0 0 0 0 0 0 0 0 0 0 0 0 0 0 0 0 0 0 0 0 0 0 0 
0 0 0 0 0 0 0 0 0 0 0 0 0 0 0 0 0 0 0 0 0 0 0 0 0 0 0 0 0 0 0 0 0 0 0 0 0 0 0 0 0 0 0 0 0 0 0 0 0 0 0 0 0 0 0 0 0 0 0 0 0 0 0 0 0 0 1 1 1 1 1 0 0 0 0 0 0 0 0 0 0 0 0 0 0 0 0 0 0 0 0 0 0 0 0 0 0 0 0 0 
0 0 0 0 0 0 0 0 0 0 0 0 0 0 0 0 0 0 0 0 0 0 0 0 0 0 0 0 0 0 0 0 0 0 0 0 0 0 0 0 0 0 0 0 0 0 0 0 0 0 0 0 0 0 0 0 0 0 0 0 0 0 0 0 0 0 0 1 1 1 1 1 0 0 0 0 0 0 0 0 0 0 0 0 0 0 0 0 0 0 0 0 0 0 0 0 0 0 0 0 
0 0 0 0 0 0 0 0 0 0 0 0 0 0 0 0 0 0 0 0 0 0 0 0 0 0 0 0 0 0 0 0 0 0 0 0 0 0 0 0 0 0 0 0 0 0 0 0 0 0 0 0 0 0 0 0 0 0 0 0 0 0 0 0 0 0 0 0 1 1 1 1 1 0 0 0 0 0 0 0 0 0 0 0 0 0 0 0 0 0 0 0 0 0 0 0 0 0 0 0 
0 0 0 0 0 0 0 0 0 0 0 0 0 0 0 0 0 0 0 0 0 0 0 0 0 0 0 0 0 0 0 0 0 0 0 0 0 0 0 0 0 0 0 0 0 0 0 0 0 0 0 0 0 0 0 0 0 0 0 0 0 0 0 0 0 0 0 0 0 1 1 1 1 1 0 0 0 0 0 0 0 0 0 0 0 0 0 0 0 0 0 0 0 0 0 0 0 0 0 0 
0 0 0 0 0 0 0 0 0 0 0 0 0 0 0 0 0 0 0 0 0 0 0 0 0 0 0 0 0 0 0 0 0 0 0 0 0 0 0 0 0 0 0 0 0 0 0 0 0 0 0 0 0 0 0 0 0 0 0 0 0 0 0 0 0 0 0 0 0 0 1 1 1 1 1 0 0 0 0 0 0 0 0 0 0 0 0 0 0 0 0 0 0 0 0 0 0 0 0 0 
0 0 0 0 0 0 0 0 0 0 0 0 0 0 0 0 0 0 0 0 0 0 0 0 0 0 0 0 0 0 0 0 0 0 0 0 0 0 0 0 0 0 0 0 0 0 0 0 0 0 0 0 0 0 0 0 0 0 0 0 0 0 0 0 0 0 0 0 0 0 0 1 1 1 1 1 0 0 0 0 0 0 0 0 0 0 0 0 0 0 0 0 0 0 0 0 0 0 0 0 
0 0 0 0 0 0 0 0 0 0 0 0 0 0 0 0 0 0 0 0 0 0 0 0 0 0 0 0 0 0 0 0 0 0 0 0 0 0 0 0 0 0 0 0 0 0 0 0 0 0 0 0 0 0 0 0 0 0 0 0 0 0 0 0 0 0 0 0 0 0 0 0 1 1 1 1 1 0 0 0 0 0 0 0 0 0 0 0 0 0 0 0 0 0 0 0 0 0 0 0 
0 0 0 0 0 0 0 0 0 0 0 0 0 0 0 0 0 0 0 0 0 0 0 0 0 0 0 0 0 0 0 0 0 0 0 0 0 0 0 0 0 0 0 0 0 0 0 0 0 0 0 0 0 0 0 0 0 0 0 0 0 0 0 0 0 0 0 0 0 0 0 0 0 1 1 1 1 1 0 0 0 0 0 0 0 0 0 0 0 0 0 0 0 0 0 0 0 0 0 0 
0 0 0 0 0 0 0 0 0 0 0 0 0 0 0 0 0 0 0 0 0 0 0 0 0 0 0 0 0 0 0 0 0 0 0 0 0 0 0 0 0 0 0 0 0 0 0 0 0 0 0 0 0 0 0 0 0 0 0 0 0 0 0 0 0 0 0 0 0 0 0 0 0 0 1 1 1 1 1 0 0 0 0 0 0 0 0 0 0 0 0 0 0 0 0 0 0 0 0 0 
0 0 0 0 0 0 0 0 0 0 0 0 0 0 0 0 0 0 0 0 0 0 0 0 0 0 0 0 0 0 0 0 0 0 0 0 0 0 0 0 0 0 0 0 0 0 0 0 0 0 0 0 0 0 0 0 0 0 0 0 0 0 0 0 0 0 0 0 0 0 0 0 0 0 0 1 1 1 1 1 0 0 0 0 0 0 0 0 0 0 0 0 0 0 0 0 0 0 0 0 
0 0 0 0 0 0 0 0 0 0 0 0 0 0 0 0 0 0 0 0 0 0 0 0 0 0 0 0 0 0 0 0 0 0 0 0 0 0 0 0 0 0 0 0 0 0 0 0 0 0 0 0 0 0 0 0 0 0 0 0 0 0 0 0 0 0 0 0 0 0 0 0 0 0 0 0 1 1 1 1 1 0 0 0 0 0 0 0 0 0 0 0 0 0 0 0 0 0 0 0 
0 0 0 0 0 0 0 0 0 0 0 0 0 0 0 0 0 0 0 0 0 0 0 0 0 0 0 0 0 0 0 0 0 0 0 0 0 0 0 0 0 0 0 0 0 0 0 0 0 0 0 0 0 0 0 0 0 0 0 0 0 0 0 0 0 0 0 0 0 0 0 0 0 0 0 0 0 1 1 1 1 1 0 0 0 0 0 0 0 0 0 0 0 0 0 0 0 0 0 0 
0 0 0 0 0 0 0 0 0 0 0 0 0 0 0 0 0 0 0 0 0 0 0 0 0 0 0 0 0 0 0 0 0 0 0 0 0 0 0 0 0 0 0 0 0 0 0 0 0 0 0 0 0 0 0 0 0 0 0 0 0 0 0 0 0 0 0 0 0 0 0 0 0 0 0 0 0 0 1 1 1 1 1 0 0 0 0 0 0 0 0 0 0 0 0 0 0 0 0 0 
0 0 0 0 0 0 0 0 0 0 0 0 0 0 0 0 0 0 0 0 0 0 0 0 0 0 0 0 0 0 0 0 0 0 0 0 0 0 0 0 0 0 0 0 0 0 0 0 0 0 0 0 0 0 0 0 0 0 0 0 0 0 0 0 0 0 0 0 0 0 0 0 0 0 0 0 0 0 0 1 1 1 1 1 0 0 0 0 0 0 0 0 0 0 0 0 0 0 0 0 
0 0 0 0 0 0 0 0 0 0 0 0 0 0 0 0 0 0 0 0 0 0 0 0 0 0 0 0 0 0 0 0 0 0 0 0 0 0 0 0 0 0 0 0 0 0 0 0 0 0 0 0 0 0 0 0 0 0 0 0 0 0 0 0 0 0 0 0 0 0 0 0 0 0 0 0 0 0 0 0 1 1 1 1 1 0 0 0 0 0 0 0 0 0 0 0 0 0 0 0 
0 0 0 0 0 0 0 0 0 0 0 0 0 0 0 0 0 0 0 0 0 0 0 0 0 0 0 0 0 0 0 0 0 0 0 0 0 0 0 0 0 0 0 0 0 0 0 0 0 0 0 0 0 0 0 0 0 0 0 0 0 0 0 0 0 0 0 0 0 0 0 0 0 0 0 0 0 0 0 0 0 1 1 1 1 1 0 0 0 0 0 0 0 0 0 0 0 0 0 0 
0 0 0 0 0 0 0 0 0 0 0 0 0 0 0 0 0 0 0 0 0 0 0 0 0 0 0 0 0 0 0 0 0 0 0 0 0 0 0 0 0 0 0 0 0 0 0 0 0 0 0 0 0 0 0 0 0 0 0 0 0 0 0 0 0 0 0 0 0 0 0 0 0 0 0 0 0 0 0 0 0 0 1 1 1 1 1 0 0 0 0 0 0 0 0 0 0 0 0 0 
0 0 0 0 0 0 0 0 0 0 0 0 0 0 0 0 0 0 0 0 0 0 0 0 0 0 0 0 0 0 0 0 0 0 0 0 0 0 0 0 0 0 0 0 0 0 0 0 0 0 0 0 0 0 0 0 0 0 0 0 0 0 0 0 0 0 0 0 0 0 0 0 0 0 0 0 0 0 0 0 0 0 0 1 1 1 1 1 0 0 0 0 0 0 0 0 0 0 0 0 
0 0 0 0 0 0 0 0 0 0 0 0 0 0 0 0 0 0 0 0 0 0 0 0 0 0 0 0 0 0 0 0 0 0 0 0 0 0 0 0 0 0 0 0 0 0 0 0 0 0 0 0 0 0 0 0 0 0 0 0 0 0 0 0 0 0 0 0 0 0 0 0 0 0 0 0 0 0 0 0 0 0 0 0 1 1 1 1 1 0 0 0 0 0 0 0 0 0 0 0 
0 0 0 0 0 0 0 0 0 0 0 0 0 0 0 0 0 0 0 0 0 0 0 0 0 0 0 0 0 0 0 0 0 0 0 0 0 0 0 0 0 0 0 0 0 0 0 0 0 0 0 0 0 0 0 0 0 0 0 0 0 0 0 0 0 0 0 0 0 0 0 0 0 0 0 0 0 0 0 0 0 0 0 0 0 1 1 1 1 1 0 0 0 0 0 0 0 0 0 0 
0 0 0 0 0 0 0 0 0 0 0 0 0 0 0 0 0 0 0 0 0 0 0 0 0 0 0 0 0 0 0 0 0 0 0 0 0 0 0 0 0 0 0 0 0 0 0 0 0 0 0 0 0 0 0 0 0 0 0 0 0 0 0 0 0 0 0 0 0 0 0 0 0 0 0 0 0 0 0 0 0 0 0 0 0 0 1 1 1 1 1 0 0 0 0 0 0 0 0 0 
0 0 0 0 0 0 0 0 0 0 0 0 0 0 0 0 0 0 0 0 0 0 0 0 0 0 0 0 0 0 0 0 0 0 0 0 0 0 0 0 0 0 0 0 0 0 0 0 0 0 0 0 0 0 0 0 0 0 0 0 0 0 0 0 0 0 0 0 0 0 0 0 0 0 0 0 0 0 0 0 0 0 0 0 0 0 0 1 1 1 1 1 0 0 0 0 0 0 0 0 
0 0 0 0 0 0 0 0 0 0 0 0 0 0 0 0 0 0 0 0 0 0 0 0 0 0 0 0 0 0 0 0 0 0 0 0 0 0 0 0 0 0 0 0 0 0 0 0 0 0 0 0 0 0 0 0 0 0 0 0 0 0 0 0 0 0 0 0 0 0 0 0 0 0 0 0 0 0 0 0 0 0 0 0 0 0 0 0 1 1 1 1 1 0 0 0 0 0 0 0 
0 0 0 0 0 0 0 0 0 0 0 0 0 0 0 0 0 0 0 0 0 0 0 0 0 0 0 0 0 0 0 0 0 0 0 0 0 0 0 0 0 0 0 0 0 0 0 0 0 0 0 0 0 0 0 0 0 0 0 0 0 0 0 0 0 0 0 0 0 0 0 0 0 0 0 0 0 0 0 0 0 0 0 0 0 0 0 0 0 1 1 1 1 1 0 0 0 0 0 0 
0 0 0 0 0 0 0 0 0 0 0 0 0 0 0 0 0 0 0 0 0 0 0 0 0 0 0 0 0 0 0 0 0 0 0 0 0 0 0 0 0 0 0 0 0 0 0 0 0 0 0 0 0 0 0 0 0 0 0 0 0 0 0 0 0 0 0 0 0 0 0 0 0 0 0 0 0 0 0 0 0 0 0 0 0 0 0 0 0 0 1 1 1 1 1 0 0 0 0 0 
0 0 0 0 0 0 0 0 0 0 0 0 0 0 0 0 0 0 0 0 0 0 0 0 0 0 0 0 0 0 0 0 0 0 0 0 0 0 0 0 0 0 0 0 0 0 0 0 0 0 0 0 0 0 0 0 0 0 0 0 0 0 0 0 0 0 0 0 0 0 0 0 0 0 0 0 0 0 0 0 0 0 0 0 0 0 0 0 0 0 0 1 1 1 1 1 0 0 0 0 
0 0 0 0 0 0 0 0 0 0 0 0 0 0 0 0 0 0 0 0 0 0 0 0 0 0 0 0 0 0 0 0 0 0 0 0 0 0 0 0 0 0 0 0 0 0 0 0 0 0 0 0 0 0 0 0 0 0 0 0 0 0 0 0 0 0 0 0 0 0 0 0 0 0 0 0 0 0 0 0 0 0 0 0 0 0 0 0 0 0 0 0 1 1 1 1 1 0 0 0 
0 0 0 0 0 0 0 0 0 0 0 0 0 0 0 0 0 0 0 0 0 0 0 0 0 0 0 0 0 0 0 0 0 0 0 0 0 0 0 0 0 0 0 0 0 0 0 0 0 0 0 0 0 0 0 0 0 0 0 0 0 0 0 0 0 0 0 0 0 0 0 0 0 0 0 0 0 0 0 0 0 0 0 0 0 0 0 0 0 0 0 0 0 1 1 1 1 1 0 0 
0 0 0 0 0 0 0 0 0 0 0 0 0 0 0 0 0 0 0 0 0 0 0 0 0 0 0 0 0 0 0 0 0 0 0 0 0 0 0 0 0 0 0 0 0 0 0 0 0 0 0 0 0 0 0 0 0 0 0 0 0 0 0 0 0 0 0 0 0 0 0 0 0 0 0 0 0 0 0 0 0 0 0 0 0 0 0 0 0 0 0 0 0 0 1 1 1 1 1 0 
0 0 0 0 0 0 0 0 0 0 0 0 0 0 0 0 0 0 0 0 0 0 0 0 0 0 0 0 0 0 0 0 0 0 0 0 0 0 0 0 0 0 0 0 0 0 0 0 0 0 0 0 0 0 0 0 0 0 0 0 0 0 0 0 0 0 0 0 0 0 0 0 0 0 0 0 0 0 0 0 0 0 0 0 0 0 0 0 0 0 0 0 0 0 0 1 1 1 1 1 
1 0 0 0 0 0 0 0 0 0 0 0 0 0 0 0 0 0 0 0 0 0 0 0 0 0 0 0 0 0 0 0 0 0 0 0 0 0 0 0 0 0 0 0 0 0 0 0 0 0 0 0 0 0 0 0 0 0 0 0 0 0 0 0 0 0 0 0 0 0 0 0 0 0 0 0 0 0 0 0 0 0 0 0 0 0 0 0 0 0 0 0 0 0 0 0 1 1 1 1 
1 1 0 0 0 0 0 0 0 0 0 0 0 0 0 0 0 0 0 0 0 0 0 0 0 0 0 0 0 0 0 0 0 0 0 0 0 0 0 0 0 0 0 0 0 0 0 0 0 0 0 0 0 0 0 0 0 0 0 0 0 0 0 0 0 0 0 0 0 0 0 0 0 0 0 0 0 0 0 0 0 0 0 0 0 0 0 0 0 0 0 0 0 0 0 0 0 1 1 1 
1 1 1 0 0 0 0 0 0 0 0 0 0 0 0 0 0 0 0 0 0 0 0 0 0 0 0 0 0 0 0 0 0 0 0 0 0 0 0 0 0 0 0 0 0 0 0 0 0 0 0 0 0 0 0 0 0 0 0 0 0 0 0 0 0 0 0 0 0 0 0 0 0 0 0 0 0 0 0 0 0 0 0 0 0 0 0 0 0 0 0 0 0 0 0 0 0 0 1 1 
1 1 1 1 0 0 0 0 0 0 0 0 0 0 0 0 0 0 0 0 0 0 0 0 0 0 0 0 0 0 0 0 0 0 0 0 0 0 0 0 0 0 0 0 0 0 0 0 0 0 0 0 0 0 0 0 0 0 0 0 0 0 0 0 0 0 0 0 0 0 0 0 0 0 0 0 0 0 0 0 0 0 0 0 0 0 0 0 0 0 0 0 0 0 0 0 0 0 0 1 
