Parameters
100 4
F_el
0.06204731619204 0.03629509973944 0.04605397608921 0.06763439175864 0.02358682784598 0.02223321028347 0.02786125774563 0.02470304472331 0.00750000000000 0.01767269725221 0.00640000000000 0.01622010008327 0.01685984646451 0.02205970764599 0.01546082056838 0.01936143962785 0.03433263878956 0.02820168655285 0.07771798713825 0.03600319975144 0.02021729860045 0.01974524472071 0.02265806294372 0.02142791579642 0.00700000000000 0.01778232665872 0.00610000000000 0.01621185224370 0.01686369396016 0.02338748287433 0.01534290785869 0.01987593883729 
0.00160000000000 0.01684907641018 0.00120000000000 0.00150000000000 0.00160000000000 0.01578425804737 0.00120000000000 0.00150000000000 0.00170000000000 0.01719602120761 0.00120000000000 0.00150000000000 0.00150000000000 0.01433070998127 0.00120000000000 0.00140000000000 0.00660000000000 0.02428327196581 0.00140000000000 0.00190000000000 0.00220000000000 0.02130486136050 0.00130000000000 0.00180000000000 0.00870000000000 0.01996671495833 0.00130000000000 0.01512150100735 0.00870000000000 0.01914684753239 0.00130000000000 0.00890000000000 
0.00740000000000 0.02357839138346 0.00140000000000 0.00230000000000 0.01504300363548 0.02065775606123 0.00140000000000 0.00630000000000 0.02008250090695 0.02714598511230 0.00190000000000 0.01643307911867 0.01895408234945 0.04162687009570 0.00200000000000 0.01645548642921 0.02835240131874 0.01585821155373 0.00200000000000 0.02035262943612 0.02160571642716 0.02331721355070 0.00190000000000 0.01841482640722 0.02093819894756 0.00210000000000 0.01599904420585 0.01650476373127 0.05204977413695 0.01653840726504 0.01657711975436 0.06246530565894 
0.00680000000000 0.00130000000000 0.01495299635477 0.00120000000000 0.02088865127739 0.00160000000000 0.01905936225136 0.00150000000000 0.01504136126356 0.00130000000000 0.01570366968014 0.00130000000000 0.02633950854060 0.00170000000000 0.02103532145156 0.00160000000000 0.00590000000000 0.00130000000000 0.00600000000000 0.00130000000000 0.01744584516680 0.00160000000000 0.01714477567777 0.00160000000000 0.00630000000000 0.00140000000000 0.00780000000000 0.00130000000000 0.02224905042664 0.00180000000000 0.01882114297164 0.00170000000000 
0.04198569952751 0.05643094914922 0.04718981578662 0.07124672984637 0.03633492885328 0.04479215685112 0.03953198268326 0.05100432023078 0.04298134008598 0.05752841364084 0.04828187051992 0.07285410226994 0.03730517578524 0.04577267682737 0.04064775732866 0.05224976818111 0.02685157321186 0.02583708955053 0.02573903888289 0.02492309271513 0.02805321446524 0.02684977349788 0.02684603132288 0.02583172357075 0.02694026520594 0.02593912148668 0.02584137013140 0.02502673213537 0.02813219279539 0.02694015058877 0.02693292114774 0.02593399144010 
0.02329857714654 0.00210000000000 0.01478712084148 0.00140000000000 0.02971802599538 0.01725193567713 0.01838250825170 0.00160000000000 0.03135701311344 0.01509798459018 0.01634189943979 0.00160000000000 0.04150948783933 0.01873994478706 0.02036411440877 0.00190000000000 0.02720049641719 0.01443421650738 0.01545999898261 0.00150000000000 0.03494041453839 0.01799101603650 0.01941235018296 0.00170000000000 0.04372713549504 0.01582740626599 0.01731930228176 0.00170000000000 0.10485959909231 0.01967355637606 0.02170346696980 0.01545854999898 
0.11032096376253 0.03220666045832 0.05728537116545 0.03904841755677 0.05583810433998 0.03708442953845 0.04331118122177 0.04689761873393 0.00170000000000 0.00160000000000 0.00190000000000 0.00170000000000 0.00170000000000 0.00160000000000 0.00200000000000 0.00180000000000 0.00190000000000 0.00170000000000 0.01595735126251 0.00200000000000 0.00210000000000 0.00180000000000 0.01628525685120 0.00220000000000 0.00120000000000 0.00120000000000 0.00120000000000 0.00120000000000 0.00120000000000 0.00120000000000 0.00120000000000 0.00120000000000 
0.00180000000000 0.00170000000000 0.00160000000000 0.00150000000000 0.00150000000000 0.00140000000000 0.00140000000000 0.00130000000000 0.00120000000000 0.00120000000000 0.00120000000000 0.00110000000000 0.00110000000000 0.00110000000000 0.00110000000000 0.00110000000000 0.00230000000000 0.00200000000000 0.00190000000000 0.00170000000000 0.00160000000000 0.00150000000000 0.00150000000000 0.00140000000000 0.00130000000000 0.00120000000000 0.00120000000000 0.00120000000000 0.00120000000000 0.00110000000000 0.00110000000000 0.00110000000000 
0.05520938141132 0.02118102791916 0.00180000000000 0.00150000000000 0.01624828354350 0.02385951207147 0.01959455546894 0.01516238696756 0.02536038386425 0.01687543736240 0.00160000000000 0.00140000000000 0.01666262634749 0.02693337680851 0.01565670626157 0.00660000000000 0.10353133252597 0.02005465570598 0.00170000000000 0.00140000000000 0.01688874644027 0.02588289519086 0.01855876408928 0.01305853595357 0.02286951426093 0.01624228797674 0.00160000000000 0.00140000000000 0.01727332458397 0.03188590699958 0.01521357683607 0.00630000000000 
0.00160000000000 0.00140000000000 0.04565832746471 0.02626342474715 0.00160000000000 0.00140000000000 0.04218662007851 0.02318496225053 0.00120000000000 0.00110000000000 0.00690000000000 0.00160000000000 0.00120000000000 0.00110000000000 0.00230000000000 0.00160000000000 0.00160000000000 0.00140000000000 0.04474270132089 0.02606210489217 0.00160000000000 0.00140000000000 0.04187769527243 0.02299674229047 0.00120000000000 0.00110000000000 0.00690000000000 0.00160000000000 0.00120000000000 0.00110000000000 0.00230000000000 0.00160000000000 
0.01468047079703 0.00240000000000 0.01466725581939 0.00220000000000 0.00120000000000 0.00120000000000 0.00120000000000 0.00120000000000 0.01457380963568 0.00240000000000 0.01456042124032 0.00220000000000 0.00120000000000 0.00120000000000 0.00120000000000 0.00120000000000 0.00810000000000 0.00680000000000 0.00790000000000 0.00300000000000 0.00130000000000 0.00130000000000 0.00130000000000 0.00130000000000 0.00790000000000 0.00670000000000 0.00770000000000 0.00300000000000 0.00130000000000 0.00130000000000 0.00130000000000 0.00130000000000 
0.05340770348562 0.07240666230844 0.01552930672495 0.00190000000000 0.03763877700293 0.10289201736000 0.01417591692735 0.00190000000000 0.05495452111693 0.05545593824257 0.01572259648708 0.00190000000000 0.03391293994574 0.10302167401383 0.01428054628389 0.00190000000000 0.01749134707938 0.07443261725338 0.01925909938362 0.01623452434220 0.01541115020031 0.07866635762714 0.01663866361616 0.01560489676385 0.01884266400555 0.10264639877910 0.01944224557507 0.01616934040614 0.01615200405482 0.03583093678430 0.01665272728339 0.01607346964362 
0.00180000000000 0.01489352914152 0.00180000000000 0.01678624924955 0.00150000000000 0.01757362378822 0.00150000000000 0.01518548135823 0.00140000000000 0.00160000000000 0.00140000000000 0.00170000000000 0.00130000000000 0.00150000000000 0.00130000000000 0.00150000000000 0.03257974263513 0.02216261327952 0.04392761522073 0.03068136069237 0.05101157738020 0.07216443127310 0.02726739679322 0.05780668440681 0.01575691886165 0.02255099108372 0.01659164538699 0.02594008146949 0.01806849025713 0.02400807339180 0.01419644279329 0.02077990033207 
0.00190000000000 0.00190000000000 0.02213972727261 0.02193172479167 0.00160000000000 0.00160000000000 0.01499879139306 0.01490080725267 0.02896363347309 0.02846890965382 0.05902977695857 0.05917846850181 0.01684563268278 0.01673925312853 0.08944617879152 0.09188789882689 0.00160000000000 0.00160000000000 0.01451725041508 0.01450740603821 0.00130000000000 0.00130000000000 0.01423957110849 0.01423187190480 0.01930103245477 0.01920374122581 0.03447640489015 0.03332947416780 0.01644321318488 0.01634395382772 0.02334326534975 0.02314162193725 
0.01414822823418 0.00680000000000 0.01458000477906 0.00760000000000 0.00130000000000 0.00150000000000 0.00140000000000 0.00160000000000 0.01498576517432 0.00810000000000 0.01553284234481 0.00970000000000 0.00140000000000 0.00160000000000 0.00140000000000 0.00160000000000 0.00150000000000 0.00170000000000 0.00150000000000 0.00180000000000 0.00120000000000 0.00120000000000 0.00120000000000 0.00130000000000 0.00150000000000 0.00180000000000 0.00160000000000 0.00190000000000 0.00120000000000 0.00130000000000 0.00120000000000 0.00130000000000 
0.01824493218243 0.00230000000000 0.11076936212329 0.02576004784703 0.12242594185229 0.00340000000000 0.01667400089962 0.06349400759778 0.11294435372721 0.02400386627755 0.01796563246880 0.02219605715260 0.01565218681140 0.01823013209951 0.00160000000000 0.00190000000000 0.03276714781883 0.02870487396576 0.01760776787283 0.02065080009078 0.00250000000000 0.01906210743969 0.00150000000000 0.00180000000000 0.01697276014895 0.01970836565176 0.00160000000000 0.00190000000000 0.00150000000000 0.00180000000000 0.00130000000000 0.00140000000000 
0.02111608848001 0.00190000000000 0.10236479308807 0.01848056097510 0.01691166992058 0.03020190481676 0.01646172377643 0.03305574028230 0.02132124674730 0.00190000000000 0.08350142559500 0.01858152628720 0.01680370415610 0.03080208985093 0.01636039857156 0.03253100764733 0.00200000000000 0.00130000000000 0.01820812437917 0.00170000000000 0.10719661257498 0.01515550141723 0.02257326162505 0.02279166734421 0.00200000000000 0.00130000000000 0.01831545546509 0.00170000000000 0.07986662154428 0.01525380833232 0.02236816725993 0.02299945189486 
0.00140000000000 0.00140000000000 0.00180000000000 0.00160000000000 0.00200000000000 0.00180000000000 0.01706120688966 0.01666183966786 0.00140000000000 0.00140000000000 0.00180000000000 0.00160000000000 0.00200000000000 0.00190000000000 0.01706953980926 0.01675732314296 0.00160000000000 0.00150000000000 0.01373805931167 0.01472869156681 0.01636432048566 0.01624731023497 0.02181174298392 0.01990804114162 0.00160000000000 0.00150000000000 0.01374274695659 0.01473216030270 0.01637105042952 0.01625228605252 0.02191456389238 0.01999943412162 
0.02595021948567 0.01578811624755 0.00160000000000 0.00130000000000 0.10645969080393 0.01804051643597 0.00190000000000 0.00150000000000 0.00220000000000 0.00160000000000 0.00130000000000 0.00120000000000 0.00610000000000 0.00180000000000 0.00140000000000 0.00120000000000 0.01722908764707 0.00180000000000 0.00140000000000 0.00120000000000 0.02105367916792 0.00240000000000 0.00150000000000 0.00130000000000 0.00170000000000 0.00140000000000 0.00120000000000 0.00110000000000 0.00200000000000 0.00150000000000 0.00130000000000 0.00120000000000 
0.02204625335741 0.02401103283606 0.01946522102907 0.02969643530575 0.01728362628805 0.02319261263450 0.01400437716906 0.02145520253784 0.02388280339769 0.02043855807878 0.02060009624794 0.02329230295146 0.01757062498886 0.02439660590826 0.01435520603027 0.02235057538419 0.00130000000000 0.00180000000000 0.00130000000000 0.00160000000000 0.00120000000000 0.00150000000000 0.00120000000000 0.00140000000000 0.00140000000000 0.00190000000000 0.00130000000000 0.00170000000000 0.00120000000000 0.00150000000000 0.00120000000000 0.00140000000000 
0.01557530423814 0.04811240617534 0.02573895763698 0.01835802203217 0.06269243062052 0.00580000000000 0.03247413729080 0.00560000000000 0.03264101148042 0.00230000000000 0.02720051874746 0.00180000000000 0.02525437635042 0.00140000000000 0.01937929300262 0.00130000000000 0.01610185864400 0.02409740947470 0.02737948147396 0.01794879119635 0.05732473546588 0.00570000000000 0.03235612603828 0.00550000000000 0.03840979602356 0.00220000000000 0.02590178999266 0.00180000000000 0.02312882517053 0.00140000000000 0.01896896088732 0.00130000000000 
0.01492841110386 0.01949184945513 0.02386462888155 0.04307988117096 0.01545839389957 0.02040201041972 0.02614916406280 0.05649816095988 0.11168766969003 0.02562519370810 0.02839384498324 0.02128568220083 0.03994079562686 0.02410849802759 0.02462426096072 0.02045582665910 0.00310000000000 0.02551492390763 0.10881455581112 0.10362292923404 0.01728311669401 0.02907696223945 0.11752469307950 0.10294690649040 0.02075331961170 0.01833505537727 0.01768755235194 0.01700737311605 0.01948208546056 0.01781423476354 0.01696841936143 0.01658325789997 
0.01513604758748 0.03488961069625 0.00130000000000 0.00170000000000 0.00180000000000 0.01872728578008 0.00120000000000 0.00140000000000 0.01514068538250 0.03753664359928 0.00130000000000 0.00180000000000 0.00180000000000 0.01892108006006 0.00120000000000 0.00140000000000 0.00170000000000 0.01765302190757 0.00120000000000 0.00140000000000 0.00140000000000 0.00670000000000 0.00110000000000 0.00130000000000 0.00170000000000 0.01766427409667 0.00120000000000 0.00140000000000 0.00140000000000 0.00670000000000 0.00110000000000 0.00130000000000 
0.00150000000000 0.00110000000000 0.00120000000000 0.00110000000000 0.00120000000000 0.00110000000000 0.00110000000000 0.00100000000000 0.00150000000000 0.00110000000000 0.00130000000000 0.00110000000000 0.00130000000000 0.00110000000000 0.00110000000000 0.00100000000000 0.01553271472445 0.00130000000000 0.00170000000000 0.00110000000000 0.00160000000000 0.00110000000000 0.00130000000000 0.00110000000000 0.01627965320242 0.00130000000000 0.00180000000000 0.00120000000000 0.00170000000000 0.00120000000000 0.00130000000000 0.00110000000000 
0.06295025531721 0.00670000000000 0.00240000000000 0.00130000000000 0.00160000000000 0.00120000000000 0.00120000000000 0.00110000000000 0.00190000000000 0.10285704912081 0.00220000000000 0.01367909998103 0.02555329232174 0.00180000000000 0.00190000000000 0.00130000000000 0.07600694323056 0.01454271406088 0.00240000000000 0.00130000000000 0.00160000000000 0.00120000000000 0.00120000000000 0.00110000000000 0.00190000000000 0.09140151453398 0.00210000000000 0.01368128272785 0.02626803154992 0.00190000000000 0.00200000000000 0.00130000000000 
0.00150000000000 0.00150000000000 0.00180000000000 0.00170000000000 0.00120000000000 0.00120000000000 0.00130000000000 0.00130000000000 0.00150000000000 0.00150000000000 0.00180000000000 0.00180000000000 0.00120000000000 0.00120000000000 0.00130000000000 0.00130000000000 0.02532570717624 0.02227630213652 0.05868958247484 0.05071912883417 0.00210000000000 0.00210000000000 0.01676531119978 0.01622832197169 0.02555107175833 0.02198593049802 0.03694664554176 0.08943115948769 0.00210000000000 0.00200000000000 0.01610320008171 0.01567556546253 
0.01499705006684 0.02389892166484 0.01735862936710 0.04897651710189 0.00160000000000 0.00240000000000 0.00180000000000 0.01374957370928 0.00140000000000 0.00170000000000 0.00150000000000 0.00200000000000 0.00120000000000 0.00140000000000 0.00130000000000 0.00150000000000 0.00180000000000 0.01575878755865 0.00220000000000 0.01915615947279 0.00140000000000 0.00170000000000 0.00150000000000 0.00200000000000 0.00120000000000 0.00140000000000 0.00130000000000 0.00150000000000 0.00110000000000 0.00120000000000 0.00120000000000 0.00130000000000 
0.01404150511696 0.01521823422380 0.01925776620891 0.02175143474177 0.02164251340802 0.01878122370451 0.02265343587675 0.02047708251306 0.02131530103669 0.01863706339851 0.02266425457883 0.02036877596423 0.00140000000000 0.00130000000000 0.00130000000000 0.00130000000000 0.01976521681280 0.02369604405964 0.03370847764742 0.06202508314527 0.01587918856028 0.01492044012381 0.01631373387833 0.01602771349984 0.01574595212850 0.00210000000000 0.01670011555948 0.01651938723358 0.00120000000000 0.00120000000000 0.00120000000000 0.00120000000000 
0.02800032332326 0.01383480751256 0.01413228841680 0.00160000000000 0.00160000000000 0.00130000000000 0.00120000000000 0.00110000000000 0.00150000000000 0.00130000000000 0.00120000000000 0.00110000000000 0.00110000000000 0.00110000000000 0.00110000000000 0.00100000000000 0.01452624845687 0.00150000000000 0.00140000000000 0.00120000000000 0.00120000000000 0.00110000000000 0.00110000000000 0.00110000000000 0.00120000000000 0.00110000000000 0.00110000000000 0.00110000000000 0.00110000000000 0.00100000000000 0.00100000000000 0.00100000000000 
0.00170000000000 0.00200000000000 0.03343339674621 0.02133130986632 0.00120000000000 0.00120000000000 0.01474222404905 0.01624846022371 0.00160000000000 0.00190000000000 0.04267658828676 0.02297750842011 0.00120000000000 0.00120000000000 0.01256131291239 0.01571508027607 0.00110000000000 0.00120000000000 0.00180000000000 0.00230000000000 0.00100000000000 0.00100000000000 0.00120000000000 0.00130000000000 0.00110000000000 0.00120000000000 0.00170000000000 0.00210000000000 0.00100000000000 0.00100000000000 0.00120000000000 0.00120000000000 
0.02309143408951 0.02081549840236 0.02359158037035 0.02112500227846 0.00210000000000 0.00240000000000 0.00200000000000 0.00230000000000 0.00170000000000 0.00170000000000 0.00180000000000 0.00170000000000 0.04617011925059 0.05212269861217 0.04268254107945 0.06283865192707 0.02215324665463 0.02027348672823 0.02247165554907 0.02048166434232 0.00150000000000 0.00160000000000 0.00150000000000 0.00160000000000 0.00180000000000 0.00170000000000 0.00180000000000 0.00170000000000 0.00610000000000 0.00630000000000 0.00610000000000 0.00630000000000 
0.00170000000000 0.00180000000000 0.00200000000000 0.00670000000000 0.00180000000000 0.00200000000000 0.00730000000000 0.01524481064220 0.00160000000000 0.00170000000000 0.00190000000000 0.00210000000000 0.00170000000000 0.00190000000000 0.00220000000000 0.01477770927117 0.02205017725274 0.02717854579099 0.04064516891190 0.10498367395881 0.02807099307589 0.04408152608774 0.10534732063102 0.03572741779697 0.02123137270833 0.02542944663726 0.03527649988495 0.07217370782435 0.02622316635014 0.03718258226603 0.06733658163056 0.03222692141937 
0.00190000000000 0.00150000000000 0.00130000000000 0.00120000000000 0.00140000000000 0.00130000000000 0.00120000000000 0.00110000000000 0.00130000000000 0.00120000000000 0.00110000000000 0.00110000000000 0.00120000000000 0.00110000000000 0.00110000000000 0.00100000000000 0.00660000000000 0.00160000000000 0.00130000000000 0.00120000000000 0.00150000000000 0.00130000000000 0.00120000000000 0.00110000000000 0.00140000000000 0.00130000000000 0.00120000000000 0.00110000000000 0.00120000000000 0.00110000000000 0.00110000000000 0.00100000000000 
0.01761147373131 0.01923737920665 0.01807047301176 0.01931016694254 0.02502282963197 0.01528795702591 0.02903204036219 0.01503645759520 0.01690780324545 0.02047668511998 0.01716538355447 0.02153063559661 0.02355489009959 0.01579379113737 0.02875922010166 0.01541577037082 0.00230000000000 0.01640936560490 0.00640000000000 0.01604509405179 0.01524775119416 0.01341181987391 0.01576642506979 0.00780000000000 0.00190000000000 0.01699350635812 0.00220000000000 0.01641904021375 0.00280000000000 0.00270000000000 0.00720000000000 0.00280000000000 
0.02194458840017 0.00600000000000 0.02350048304073 0.02202389766983 0.02298885901844 0.01922278269084 0.02218074591068 0.02131448684330 0.06807120191638 0.03964232571927 0.02185797144193 0.02486381673580 0.05799013755778 0.04494610801283 0.02424573339554 0.02384751542614 0.00180000000000 0.00150000000000 0.01749766380826 0.00240000000000 0.00210000000000 0.00160000000000 0.01838827815521 0.01490394616610 0.02138119517073 0.01398709291721 0.04905062130590 0.02869295717410 0.02212486610174 0.01396637170759 0.05680145531223 0.03896202192227 
0.02286839509362 0.02605393592520 0.02177085167990 0.02488433093365 0.07627511748426 0.05351264696335 0.05655621879440 0.07236632031366 0.02616149134698 0.03149239145010 0.02508305968847 0.03088955893017 0.05366525278200 0.04423980246205 0.07226017904823 0.05259405833928 0.02256509055762 0.02564129871380 0.02146435790527 0.02438439358916 0.07132982605955 0.05704977580878 0.05544495048206 0.07112401764455 0.02574984827575 0.03067780675491 0.02458543430896 0.03014686352558 0.05727904580997 0.04448244117704 0.06833049278543 0.05634722599362 
0.00210000000000 0.00200000000000 0.00220000000000 0.00220000000000 0.01501298908330 0.01521175398068 0.00290000000000 0.00290000000000 0.00130000000000 0.00130000000000 0.00140000000000 0.00140000000000 0.00150000000000 0.00150000000000 0.00150000000000 0.00150000000000 0.01555961113243 0.01577715048638 0.00290000000000 0.00280000000000 0.01780881346914 0.01810614684900 0.00840000000000 0.00830000000000 0.00150000000000 0.00150000000000 0.00150000000000 0.00150000000000 0.00160000000000 0.00160000000000 0.00170000000000 0.00170000000000 
0.00210000000000 0.00170000000000 0.10256439485338 0.03377490172695 0.01472133631028 0.00190000000000 0.02494851882729 0.02185524362974 0.00610000000000 0.00200000000000 0.06931604483701 0.01906785051677 0.00730000000000 0.00240000000000 0.01844488009777 0.01579549155799 0.00140000000000 0.00130000000000 0.02325756591792 0.01617531188881 0.00150000000000 0.00140000000000 0.10247054962871 0.01894710041044 0.00150000000000 0.00140000000000 0.10585423657949 0.01610115676871 0.00170000000000 0.00150000000000 0.13003964830803 0.02274758980204 
0.01521112596512 0.00170000000000 0.00130000000000 0.00120000000000 0.00150000000000 0.00130000000000 0.00110000000000 0.00110000000000 0.03147077353268 0.01741884524483 0.00170000000000 0.00140000000000 0.00200000000000 0.00160000000000 0.00130000000000 0.00120000000000 0.05814016862146 0.02163914620170 0.00720000000000 0.00160000000000 0.01446148441458 0.00180000000000 0.00140000000000 0.00120000000000 0.01990658224868 0.04045719157644 0.02031980395833 0.01498244788538 0.08620464089148 0.01652477306644 0.00180000000000 0.00140000000000 
0.02297555408285 0.01621156979465 0.01990683737767 0.01363941516260 0.00160000000000 0.00140000000000 0.00150000000000 0.00130000000000 0.00570000000000 0.00140000000000 0.00160000000000 0.00130000000000 0.00120000000000 0.00110000000000 0.00120000000000 0.00110000000000 0.01782993805261 0.00230000000000 0.01736650922289 0.00180000000000 0.00150000000000 0.00130000000000 0.00140000000000 0.00120000000000 0.00150000000000 0.00130000000000 0.00140000000000 0.00130000000000 0.00120000000000 0.00110000000000 0.00110000000000 0.00110000000000 
0.01642782758280 0.01657352222092 0.00140000000000 0.00150000000000 0.01754249910293 0.00240000000000 0.00280000000000 0.00400000000000 0.03712612121484 0.12466422153934 0.00210000000000 0.00610000000000 0.01657985697390 0.01452541996480 0.11830719223288 0.06156110453864 0.00190000000000 0.00220000000000 0.00120000000000 0.00130000000000 0.10393683496759 0.01903456456041 0.00180000000000 0.00210000000000 0.01899664001253 0.02097400348722 0.00150000000000 0.00160000000000 0.02048030592443 0.01688020164119 0.00680000000000 0.00970000000000 
0.06355449348058 0.00210000000000 0.01745589819185 0.01528335187574 0.03973190092550 0.00180000000000 0.01807935392412 0.00590000000000 0.05002025537749 0.00210000000000 0.01723026572770 0.01578655311571 0.04606502417541 0.00180000000000 0.01775175596942 0.00610000000000 0.04498719655344 0.00220000000000 0.01746286370509 0.01661961188084 0.05292018869717 0.00180000000000 0.01798588288752 0.00630000000000 0.03984391143619 0.00630000000000 0.01724160278583 0.01723641843983 0.07070331655083 0.00190000000000 0.01766743572479 0.00660000000000 
0.00190000000000 0.00150000000000 0.00130000000000 0.00120000000000 0.09025572986246 0.02225532214685 0.01503955461151 0.00180000000000 0.02191380288841 0.01641038081518 0.00160000000000 0.00140000000000 0.02499849350389 0.04764334237037 0.03713360817432 0.02132907577584 0.03335428374438 0.01859275576245 0.00210000000000 0.00160000000000 0.01657827003319 0.02123566482730 0.01766403910609 0.02562377808365 0.02725631176194 0.05382126928358 0.02148782436042 0.01901314039404 0.01523463320725 0.01965000778726 0.01717132159090 0.02483265575834 
0.02174881271642 0.00160000000000 0.00160000000000 0.00120000000000 0.02245245687956 0.00160000000000 0.00160000000000 0.00120000000000 0.00140000000000 0.00110000000000 0.00110000000000 0.00100000000000 0.00140000000000 0.00110000000000 0.00110000000000 0.00100000000000 0.00220000000000 0.00430000000000 0.12542398984272 0.00190000000000 0.00220000000000 0.00410000000000 0.12026550377676 0.00190000000000 0.02198901336243 0.00160000000000 0.00150000000000 0.00120000000000 0.02271552983616 0.00160000000000 0.00150000000000 0.00120000000000 
0.01696014029486 0.02553962167905 0.00210000000000 0.01545946029725 0.00130000000000 0.00150000000000 0.00120000000000 0.00130000000000 0.01719438463332 0.02685516944095 0.00220000000000 0.01576655020876 0.00130000000000 0.00150000000000 0.00120000000000 0.00130000000000 0.01862044895666 0.02891419824656 0.00210000000000 0.01709240067311 0.00130000000000 0.00140000000000 0.00120000000000 0.00130000000000 0.01901720634296 0.03076225093247 0.00210000000000 0.01750488108282 0.00130000000000 0.00140000000000 0.00120000000000 0.00130000000000 
0.02889796524301 0.02384376337225 0.00160000000000 0.00170000000000 0.02307480617444 0.00690000000000 0.01499410004274 0.01384493565813 0.12009767006045 0.10226241128905 0.00170000000000 0.00180000000000 0.02836779052057 0.01591003923515 0.01654747122760 0.01550925121885 0.01586246861655 0.01488686047089 0.00130000000000 0.00140000000000 0.03039094707810 0.01993905789068 0.00160000000000 0.00180000000000 0.01804017635971 0.01875622250518 0.00140000000000 0.00140000000000 0.10446755822517 0.10192881534307 0.00170000000000 0.00190000000000 
0.01719463021973 0.04277557145834 0.02184612240873 0.03143986928482 0.01812374653582 0.05055865317827 0.02305868001376 0.03812447537979 0.00140000000000 0.00170000000000 0.00150000000000 0.00220000000000 0.00140000000000 0.00170000000000 0.00150000000000 0.00220000000000 0.03842890533172 0.10802001717978 0.09182894291283 0.03582369657105 0.04217893705218 0.11491990309599 0.10700352878342 0.04169937510643 0.01533636712789 0.02110052252035 0.01836225937806 0.02502333108378 0.01540528372973 0.02160869225905 0.01875714523141 0.02583088547714 
0.00150000000000 0.11775346979841 0.00150000000000 0.11726755570882 0.00110000000000 0.00160000000000 0.00110000000000 0.00160000000000 0.00130000000000 0.00640000000000 0.00130000000000 0.00410000000000 0.00110000000000 0.00140000000000 0.00110000000000 0.00140000000000 0.00130000000000 0.01841414059060 0.00130000000000 0.02000088861157 0.00110000000000 0.00140000000000 0.00110000000000 0.00140000000000 0.00120000000000 0.00220000000000 0.00120000000000 0.00210000000000 0.00100000000000 0.00130000000000 0.00100000000000 0.00130000000000 
0.00150000000000 0.00150000000000 0.00140000000000 0.00140000000000 0.01600653391841 0.01643062197758 0.00190000000000 0.00190000000000 0.01755304136779 0.01816223338937 0.01574215354276 0.01615153352467 0.02914094754474 0.03038637136380 0.02397690248565 0.02450336762255 0.00160000000000 0.00160000000000 0.00140000000000 0.00140000000000 0.01752863645931 0.01794767536539 0.01589484274462 0.01631751514029 0.01993445092589 0.02053478655248 0.01724296213368 0.01775968700311 0.03264688083629 0.03610488864675 0.02724974103256 0.02814900761068 
0.00160000000000 0.00130000000000 0.01584007358391 0.00150000000000 0.00170000000000 0.00140000000000 0.01595932545762 0.00160000000000 0.00210000000000 0.00160000000000 0.01850260305763 0.01477702270475 0.00240000000000 0.00170000000000 0.01924694251465 0.01489620830473 0.00140000000000 0.00130000000000 0.01486312446342 0.00140000000000 0.00150000000000 0.00130000000000 0.01486294595141 0.00140000000000 0.00180000000000 0.00150000000000 0.01668082381390 0.00180000000000 0.00200000000000 0.00150000000000 0.01703209738527 0.00200000000000 
0.01846870989239 0.04650904577437 0.10472580023334 0.05657166510660 0.01492575093084 0.02804210456700 0.02688375935469 0.05255161368322 0.01546277752825 0.02976579362702 0.02970250601397 0.05642985438660 0.00200000000000 0.02244021815251 0.01965838737708 0.04373159701894 0.01540544695222 0.03119772123209 0.03409012447332 0.04537462409882 0.00220000000000 0.02499472217115 0.02465944797253 0.02995519866655 0.01451396043118 0.02516890323645 0.02483361027259 0.03211574071066 0.00170000000000 0.02156513849555 0.01801447180439 0.02474906771446 
0.01531356366460 0.01468050279460 0.02535207272906 0.01771885039762 0.00140000000000 0.00160000000000 0.00180000000000 0.00240000000000 0.01532155213927 0.01469715862920 0.02554915928916 0.01772904860441 0.00140000000000 0.00160000000000 0.00180000000000 0.00240000000000 0.02707328546366 0.00200000000000 0.01482850125231 0.00150000000000 0.00800000000000 0.01000000000000 0.02893662627921 0.01702733905880 0.02717083064406 0.00200000000000 0.01491776768645 0.00150000000000 0.00800000000000 0.01307252197588 0.02914807873284 0.01712198180447 
0.00150000000000 0.00170000000000 0.01738440752978 0.02112015433348 0.00160000000000 0.00180000000000 0.01625003393574 0.01943827551435 0.00140000000000 0.00160000000000 0.01556990453004 0.01823683739793 0.00150000000000 0.00160000000000 0.01485113276299 0.01699098205899 0.00180000000000 0.00240000000000 0.02266421483432 0.03480620287920 0.00190000000000 0.00640000000000 0.02067761793199 0.02954971000688 0.00160000000000 0.00190000000000 0.01918414289656 0.02460730608891 0.00170000000000 0.00200000000000 0.01776614789943 0.02219113607053 
0.02072143974902 0.02113304024837 0.01715702331346 0.01746741560548 0.01720301799659 0.01718884579330 0.01414348873857 0.01413382806621 0.05599364801014 0.04899324110366 0.02123558666762 0.02053778194403 0.00160000000000 0.00160000000000 0.00150000000000 0.00150000000000 0.00130000000000 0.00130000000000 0.00140000000000 0.00140000000000 0.02389174092222 0.02451135206384 0.01885928672170 0.01918253663694 0.00160000000000 0.00160000000000 0.00170000000000 0.00170000000000 0.04158686099239 0.03927744021276 0.02205155668673 0.02156198378462 
0.10836556936968 0.11485468385736 0.02390088139974 0.03006393528849 0.02839537108912 0.10423777613271 0.04114672206262 0.10877021990940 0.00170000000000 0.00180000000000 0.00220000000000 0.01528943016521 0.00150000000000 0.00160000000000 0.00180000000000 0.00190000000000 0.01631418081908 0.01836792916347 0.00650000000000 0.00220000000000 0.01968512384755 0.02321688624911 0.01534568240929 0.01688888518526 0.01655496979422 0.02140153139948 0.02181601941858 0.10293013971269 0.01457341767775 0.01743672897969 0.01679715703328 0.02308471880695 
0.00180000000000 0.01793332901102 0.01617622286688 0.10289852675701 0.03548078422866 0.01503715803974 0.01805693714043 0.00160000000000 0.01583890379588 0.10472442258968 0.02782365891735 0.01863106251911 0.01772241878049 0.00160000000000 0.00190000000000 0.00130000000000 0.00150000000000 0.00250000000000 0.00200000000000 0.01946258625645 0.01660735687414 0.00180000000000 0.00220000000000 0.00140000000000 0.00200000000000 0.01948228191625 0.01451583003068 0.00270000000000 0.00220000000000 0.00140000000000 0.00160000000000 0.00130000000000 
0.00150000000000 0.00180000000000 0.00110000000000 0.00120000000000 0.00180000000000 0.01449789061700 0.00120000000000 0.00130000000000 0.00160000000000 0.00190000000000 0.00120000000000 0.00120000000000 0.00210000000000 0.01613477660183 0.00120000000000 0.00130000000000 0.00150000000000 0.00170000000000 0.00110000000000 0.00120000000000 0.00170000000000 0.00200000000000 0.00120000000000 0.00120000000000 0.00150000000000 0.00180000000000 0.00110000000000 0.00120000000000 0.00180000000000 0.00650000000000 0.00120000000000 0.00130000000000 
0.02637901042030 0.01628574445359 0.00220000000000 0.00150000000000 0.03144212781441 0.02202353809350 0.01854667778954 0.01546694533007 0.03098130530663 0.01932703933902 0.01620622879293 0.00160000000000 0.03295188887726 0.02383598580022 0.02007925225345 0.01575533498546 0.03962910802468 0.01998024415240 0.01630817155042 0.00170000000000 0.03750635806820 0.02506616896294 0.02070232039814 0.01720397890626 0.11915911278414 0.02308104670301 0.01840369175897 0.00180000000000 0.03854946491796 0.02658753298618 0.02220041953519 0.01861111019149 
0.00230000000000 0.00150000000000 0.00170000000000 0.00140000000000 0.02128368315962 0.00180000000000 0.00190000000000 0.00150000000000 0.01598937040442 0.00150000000000 0.00160000000000 0.00140000000000 0.02413464483779 0.01768259974560 0.00190000000000 0.00140000000000 0.00240000000000 0.00150000000000 0.00170000000000 0.00140000000000 0.02139403158689 0.00180000000000 0.00190000000000 0.00150000000000 0.01599560903122 0.00150000000000 0.00160000000000 0.00140000000000 0.02433554680972 0.01777619746799 0.00190000000000 0.00150000000000 
0.00720000000000 0.00170000000000 0.00190000000000 0.00160000000000 0.01643333027159 0.00170000000000 0.00190000000000 0.00160000000000 0.00220000000000 0.00160000000000 0.00170000000000 0.00150000000000 0.01620042739675 0.00160000000000 0.00170000000000 0.00150000000000 0.01878448306728 0.00230000000000 0.00650000000000 0.00200000000000 0.02109970907345 0.00230000000000 0.01492232068486 0.00190000000000 0.01803864221104 0.00200000000000 0.00630000000000 0.00180000000000 0.02007938255829 0.00200000000000 0.01471079702669 0.00180000000000 
0.02163149798019 0.02553381522121 0.03564352091286 0.10392286709923 0.01542229322594 0.01661640329009 0.10395964526727 0.10369002087518 0.02133329520206 0.02513321052575 0.03493978024467 0.10387952643200 0.01542263653260 0.01661920111699 0.10406576977608 0.10380220802469 0.02024498203471 0.02338150985111 0.03108884235386 0.03647155832890 0.01548077758520 0.01655173804030 0.03435165848778 0.03598263266771 0.02003961587422 0.02307900599379 0.03087993331271 0.03586795363562 0.01548126923088 0.01655452271237 0.03464751336676 0.03628442946237 
0.01567178236957 0.01685834233578 0.03096623914772 0.04882300487612 0.00230000000000 0.01493401689248 0.01971770100889 0.02268051083415 0.00800000000000 0.01509752746495 0.03647334050637 0.03177026144916 0.00610000000000 0.00680000000000 0.01423950308352 0.01638941599186 0.00190000000000 0.00190000000000 0.00750000000000 0.01537281520950 0.00170000000000 0.00170000000000 0.00340000000000 0.00350000000000 0.00200000000000 0.00200000000000 0.00720000000000 0.00770000000000 0.00170000000000 0.00170000000000 0.00350000000000 0.00580000000000 
0.00150000000000 0.00140000000000 0.00130000000000 0.00130000000000 0.00150000000000 0.00140000000000 0.00130000000000 0.00130000000000 0.00170000000000 0.00170000000000 0.00140000000000 0.00140000000000 0.00170000000000 0.00170000000000 0.00140000000000 0.00140000000000 0.00130000000000 0.00130000000000 0.00120000000000 0.00120000000000 0.00130000000000 0.00130000000000 0.00120000000000 0.00120000000000 0.00150000000000 0.00150000000000 0.00130000000000 0.00130000000000 0.00150000000000 0.00150000000000 0.00130000000000 0.00130000000000 
0.00180000000000 0.00170000000000 0.00170000000000 0.00170000000000 0.00150000000000 0.00150000000000 0.00150000000000 0.00150000000000 0.00230000000000 0.00220000000000 0.00220000000000 0.00210000000000 0.00180000000000 0.00180000000000 0.00170000000000 0.00170000000000 0.01803941720008 0.01794722972068 0.01795772793842 0.01786722148879 0.01458249604389 0.01447252255753 0.01469655288848 0.01458010656508 0.02365339428115 0.02283818463107 0.02355216173339 0.02277140803971 0.01557668805451 0.01540325877099 0.01576870726405 0.01557964919685 
0.10423149008426 0.03339523488242 0.02048008620827 0.01858659967899 0.02204194617348 0.02123576428075 0.01537539296735 0.01519365976697 0.03536119210132 0.02607329182400 0.02176313464133 0.02119343767877 0.02363680969988 0.02303235849006 0.01770367047991 0.01713796607777 0.01902795568850 0.01846689618503 0.01530076296284 0.01477871394180 0.01705918525194 0.01557061942464 0.00840000000000 0.00800000000000 0.02090729319160 0.02039778320573 0.01550477644667 0.01512287878889 0.01792266478830 0.01782863034294 0.00850000000000 0.00810000000000 
0.00150000000000 0.00190000000000 0.00130000000000 0.00140000000000 0.01385583045490 0.01535693849569 0.00900000000000 0.01394824890492 0.03621941429413 0.00220000000000 0.01773313039086 0.03458512928295 0.02310720967358 0.00160000000000 0.02256294291095 0.02051028190864 0.00140000000000 0.00170000000000 0.00120000000000 0.00140000000000 0.01348987620612 0.00810000000000 0.00910000000000 0.00200000000000 0.02434124950294 0.00690000000000 0.01591529698154 0.02418619293382 0.02905948930728 0.00170000000000 0.02107603589681 0.02503577285829 
0.02328630340092 0.01855398951932 0.01381852502690 0.00190000000000 0.01550334628918 0.01310060328571 0.00160000000000 0.00140000000000 0.01869192969205 0.01704976090557 0.00180000000000 0.00150000000000 0.00180000000000 0.00160000000000 0.00140000000000 0.00130000000000 0.02582830671676 0.02639602800987 0.10438244238483 0.01985846005063 0.02190095912722 0.01842229708704 0.00250000000000 0.00190000000000 0.03094381308616 0.02120379068910 0.02123899309976 0.01772108369376 0.01817564184034 0.01424047970445 0.00180000000000 0.00160000000000 
0.01783118076733 0.01436232038860 0.05626938959628 0.02492219260676 0.02502252843755 0.02048230956587 0.04311015396734 0.04287406326473 0.11460861411904 0.04034022525419 0.02028348040593 0.02510007348078 0.10352288364872 0.11585030693436 0.01754576867652 0.02165755886614 0.00750000000000 0.00950000000000 0.01514446716237 0.02272324723853 0.02169918314232 0.01000000000000 0.00250000000000 0.01827673724502 0.00260000000000 0.01739193516859 0.00160000000000 0.00230000000000 0.00200000000000 0.01556328251762 0.00150000000000 0.00190000000000 
0.01514581678976 0.02881541380612 0.01600469150495 0.02657974191647 0.01609088430923 0.02527745443429 0.01724961894835 0.02372801584248 0.00290000000000 0.01592018408763 0.00630000000000 0.01580021078740 0.00670000000000 0.00270000000000 0.00810000000000 0.00240000000000 0.00150000000000 0.02090367411100 0.00150000000000 0.02316865051841 0.00160000000000 0.02450492155806 0.00160000000000 0.02936563753232 0.00150000000000 0.01955298291419 0.00160000000000 0.02393552829122 0.00160000000000 0.02874647100769 0.00170000000000 0.11662116898782 
0.03713533935186 0.02848036736667 0.02426311531386 0.01749242336296 0.02267727674386 0.03555303158057 0.02526648610140 0.01669673665526 0.02008557045937 0.02599823153473 0.03424804717082 0.02447392421534 0.01619605626893 0.01846666902980 0.02287505066267 0.02672935276892 0.00990000000000 0.01588235346673 0.01827120670444 0.01975517028164 0.00570000000000 0.00970000000000 0.01648160059838 0.01685274702936 0.00540000000000 0.00560000000000 0.01581661103834 0.01610142575544 0.00160000000000 0.00540000000000 0.00600000000000 0.01000000000000 
0.01740077687691 0.01915779043523 0.01516383175513 0.01710273273170 0.01513004751957 0.01598441987309 0.00280000000000 0.00670000000000 0.01836616263434 0.02059775548218 0.01626106099654 0.01936671854449 0.01567931313277 0.01682751725954 0.00620000000000 0.00760000000000 0.02150831185600 0.02707717704597 0.02067463210229 0.12420485089947 0.01736750630269 0.01921509510289 0.01503512605291 0.01685435014028 0.02377991713239 0.03460859891191 0.02737881812289 0.08095829846447 0.01842398618228 0.02074642263077 0.01610790909677 0.01910293509900 
0.00150000000000 0.00140000000000 0.00110000000000 0.00110000000000 0.00120000000000 0.00110000000000 0.00100000000000 0.00100000000000 0.00160000000000 0.00160000000000 0.00120000000000 0.00120000000000 0.00120000000000 0.00120000000000 0.00110000000000 0.00100000000000 0.00950000000000 0.01391106186762 0.00130000000000 0.00130000000000 0.00130000000000 0.00130000000000 0.00110000000000 0.00110000000000 0.00930000000000 0.01392199771123 0.00130000000000 0.00130000000000 0.00140000000000 0.00140000000000 0.00110000000000 0.00110000000000 
0.01814654267641 0.00140000000000 0.02987555144885 0.00160000000000 0.02789898070495 0.00150000000000 0.10858183955279 0.00190000000000 0.02502153442477 0.00160000000000 0.04675400077642 0.01462284931518 0.04030274916070 0.00610000000000 0.03621176596109 0.01571750883482 0.01504074120326 0.00130000000000 0.01991089379906 0.00140000000000 0.01872077124275 0.00140000000000 0.03956535850852 0.00160000000000 0.01979235094500 0.00140000000000 0.02807694379831 0.00180000000000 0.02644228278860 0.00170000000000 0.05069917349651 0.01232451648575 
0.00140000000000 0.02038666275579 0.00150000000000 0.02621799677822 0.00150000000000 0.02528720292707 0.00150000000000 0.02879265572784 0.00160000000000 0.02981233191650 0.00170000000000 0.02670302918785 0.00170000000000 0.05569777811426 0.00170000000000 0.04365608700356 0.00230000000000 0.02297161525007 0.01394418725249 0.02216094105198 0.01436295649279 0.02683996120266 0.01459146592532 0.02487817739179 0.01578053728982 0.01450670498611 0.01612367367813 0.01433486180058 0.01621496978522 0.02012147157552 0.01664330968277 0.01951951869085 
0.00220000000000 0.01504361451586 0.01508894878214 0.01675681670630 0.00120000000000 0.00130000000000 0.00120000000000 0.00130000000000 0.00140000000000 0.00150000000000 0.00140000000000 0.00160000000000 0.00110000000000 0.00110000000000 0.00110000000000 0.00110000000000 0.00140000000000 0.00150000000000 0.00140000000000 0.00160000000000 0.00110000000000 0.00110000000000 0.00110000000000 0.00110000000000 0.00120000000000 0.00120000000000 0.00120000000000 0.00120000000000 0.00100000000000 0.00100000000000 0.00100000000000 0.00100000000000 
0.00170000000000 0.00150000000000 0.01874931747786 0.00270000000000 0.00140000000000 0.00130000000000 0.00220000000000 0.00170000000000 0.00180000000000 0.00160000000000 0.02016508443963 0.00300000000000 0.00140000000000 0.00130000000000 0.00240000000000 0.00180000000000 0.00140000000000 0.00130000000000 0.00220000000000 0.00180000000000 0.00120000000000 0.00120000000000 0.00150000000000 0.00140000000000 0.00140000000000 0.00130000000000 0.00260000000000 0.00180000000000 0.00120000000000 0.00120000000000 0.00160000000000 0.00140000000000 
0.02769345641142 0.05038101839623 0.04415765206178 0.04074277467833 0.01868732114640 0.01623132750308 0.01722244102434 0.01547009266162 0.02114929051831 0.01853068362459 0.01932633777312 0.01747101740838 0.00190000000000 0.00160000000000 0.00170000000000 0.00150000000000 0.02791893409516 0.02195847291764 0.02306248247269 0.01974523657593 0.01521061731430 0.00750000000000 0.01294148309115 0.00190000000000 0.01639808207276 0.01587939424143 0.01583214554398 0.01255582564670 0.00150000000000 0.00140000000000 0.00150000000000 0.00140000000000 
0.02184572756006 0.02122897829282 0.01625197593092 0.04623028652562 0.00190000000000 0.10423162124745 0.00150000000000 0.02142522970738 0.02549804774484 0.01521884550084 0.02446874219035 0.01972728303832 0.01909705207492 0.02153563502268 0.01557947802219 0.05703443339802 0.00180000000000 0.02708051950376 0.00150000000000 0.01914510550914 0.00130000000000 0.00250000000000 0.00120000000000 0.00170000000000 0.01800394760470 0.02431066622209 0.01366856432156 0.03094861607093 0.00180000000000 0.02302034673550 0.00150000000000 0.01794589439656 
0.00200000000000 0.00120000000000 0.00130000000000 0.00110000000000 0.01668657491436 0.00140000000000 0.00140000000000 0.00110000000000 0.01490570293339 0.00130000000000 0.00140000000000 0.00110000000000 0.01947062125406 0.00160000000000 0.00160000000000 0.00120000000000 0.00220000000000 0.00120000000000 0.00130000000000 0.00110000000000 0.01769889520451 0.00140000000000 0.00150000000000 0.00110000000000 0.01535099351757 0.00130000000000 0.00140000000000 0.00110000000000 0.02307057325367 0.00170000000000 0.00170000000000 0.00120000000000 
0.08419920937380 0.03309868933646 0.04252844830717 0.00240000000000 0.00930000000000 0.00200000000000 0.00150000000000 0.00140000000000 0.04985440272484 0.02816948050818 0.04076793772964 0.00240000000000 0.00910000000000 0.00200000000000 0.00150000000000 0.00140000000000 0.10299647109351 0.11232701847426 0.01600534427159 0.00260000000000 0.00300000000000 0.00210000000000 0.00160000000000 0.00150000000000 0.10911360805848 0.10745658007899 0.01677334028583 0.00260000000000 0.00290000000000 0.00210000000000 0.00160000000000 0.00150000000000 
0.01751792330475 0.01560455288415 0.00650000000000 0.00200000000000 0.02259641879192 0.01895035053970 0.01675333235364 0.01320802182418 0.06316402387881 0.02575217595906 0.02058793165436 0.01812440750186 0.02471596789208 0.03749454833094 0.02651956051333 0.02160203900407 0.00170000000000 0.00150000000000 0.00140000000000 0.00130000000000 0.00190000000000 0.00170000000000 0.00150000000000 0.00140000000000 0.01760829982290 0.01585850035947 0.00800000000000 0.00710000000000 0.02299617437695 0.01929724212182 0.01623989075791 0.01515510754649 
0.02686858191249 0.01919833400787 0.01809050448196 0.00790000000000 0.00220000000000 0.00190000000000 0.00190000000000 0.00170000000000 0.01768168459795 0.01442587229174 0.00620000000000 0.00210000000000 0.00160000000000 0.00150000000000 0.00150000000000 0.00140000000000 0.03046449164838 0.02111607799095 0.01940059033376 0.01568973454357 0.00210000000000 0.00180000000000 0.00180000000000 0.00170000000000 0.02081775518139 0.01627111591720 0.00670000000000 0.00210000000000 0.00160000000000 0.00150000000000 0.00150000000000 0.00140000000000 
0.00160000000000 0.00150000000000 0.00140000000000 0.00130000000000 0.00150000000000 0.00140000000000 0.00130000000000 0.00130000000000 0.00170000000000 0.00150000000000 0.00150000000000 0.00140000000000 0.00160000000000 0.00140000000000 0.00140000000000 0.00130000000000 0.00200000000000 0.00170000000000 0.00160000000000 0.00140000000000 0.00180000000000 0.00160000000000 0.00150000000000 0.00140000000000 0.00220000000000 0.00180000000000 0.00170000000000 0.00150000000000 0.00190000000000 0.00170000000000 0.00160000000000 0.00140000000000 
0.03020930315022 0.01749579620752 0.02400476337281 0.01452607908795 0.10801823265329 0.01986349044902 0.02300639099129 0.01639433818930 0.02961984494620 0.01973875787858 0.02633498817555 0.01822964556346 0.03607332857562 0.02261238637655 0.02968989129651 0.01861991077995 0.02849952969836 0.01729135394643 0.02108224968431 0.01445778185694 0.10772066560673 0.01956389323881 0.02301752687757 0.01641215273522 0.03084663815235 0.01943210353746 0.02601143678039 0.01825911747307 0.03765785451177 0.02220588625923 0.02970083924995 0.01856695048058 
0.02492565870988 0.04339893505367 0.09930116253442 0.06547047137351 0.01767983150529 0.07990611606126 0.02558467711437 0.05000638129318 0.02008848145217 0.10408331716201 0.02941776462164 0.05093768861037 0.01723064560734 0.02647045053750 0.02203713168111 0.03262269893883 0.02092710895120 0.06206342477736 0.03302929264544 0.04681850694103 0.01682913475070 0.03270696596853 0.02261899746840 0.03715284853955 0.01906068040088 0.03272033251221 0.02589729709421 0.03560435733109 0.01681036207813 0.02329403617502 0.02092122023457 0.02814880676524 
0.00160000000000 0.00150000000000 0.00140000000000 0.00130000000000 0.00190000000000 0.00160000000000 0.00160000000000 0.00140000000000 0.01416023915637 0.00180000000000 0.00170000000000 0.00150000000000 0.01629139916848 0.00660000000000 0.00210000000000 0.00170000000000 0.00130000000000 0.00120000000000 0.00120000000000 0.00110000000000 0.00130000000000 0.00130000000000 0.00120000000000 0.00120000000000 0.00140000000000 0.00130000000000 0.00130000000000 0.00120000000000 0.00150000000000 0.00140000000000 0.00130000000000 0.00130000000000 
0.00170000000000 0.00140000000000 0.00150000000000 0.00130000000000 0.00140000000000 0.00130000000000 0.00130000000000 0.00120000000000 0.00140000000000 0.00130000000000 0.00140000000000 0.00120000000000 0.00130000000000 0.00120000000000 0.00120000000000 0.00110000000000 0.01522247590495 0.00200000000000 0.00240000000000 0.00170000000000 0.00190000000000 0.00150000000000 0.00170000000000 0.00140000000000 0.00210000000000 0.00160000000000 0.00180000000000 0.00150000000000 0.00160000000000 0.00140000000000 0.00150000000000 0.00130000000000 
0.01610435792148 0.01619559014720 0.01777174113470 0.01724271528371 0.01902451150704 0.02515459813976 0.00220000000000 0.01857396330896 0.02597138234011 0.10376325654512 0.01793169397425 0.02507574461472 0.00150000000000 0.01633658458787 0.00130000000000 0.00150000000000 0.02759371540945 0.10810691383564 0.01763881735973 0.02696469496322 0.00150000000000 0.00180000000000 0.00130000000000 0.00140000000000 0.00190000000000 0.01730765584480 0.00150000000000 0.00180000000000 0.00120000000000 0.00120000000000 0.00110000000000 0.00110000000000 
0.01520391081198 0.00170000000000 0.00130000000000 0.00120000000000 0.01842472688607 0.00220000000000 0.00140000000000 0.00130000000000 0.01788717990525 0.00220000000000 0.00140000000000 0.00120000000000 0.02573545297886 0.01520167774250 0.00160000000000 0.00130000000000 0.00140000000000 0.00130000000000 0.00110000000000 0.00110000000000 0.00160000000000 0.00140000000000 0.00110000000000 0.00110000000000 0.00150000000000 0.00130000000000 0.00110000000000 0.00110000000000 0.00180000000000 0.00150000000000 0.00120000000000 0.00110000000000 
0.00160000000000 0.02203462176837 0.00110000000000 0.00140000000000 0.00120000000000 0.00150000000000 0.00100000000000 0.00110000000000 0.00430000000000 0.01728339310302 0.00130000000000 0.00210000000000 0.00140000000000 0.00280000000000 0.00110000000000 0.00130000000000 0.01538317343777 0.06088428341367 0.00110000000000 0.00150000000000 0.00120000000000 0.00180000000000 0.00100000000000 0.00110000000000 0.04287730870823 0.05644186383314 0.00140000000000 0.00550000000000 0.00150000000000 0.00790000000000 0.00110000000000 0.00130000000000 
0.02021697665879 0.01656640927835 0.00150000000000 0.03945555516391 0.01496030397979 0.00130000000000 0.00300000000000 0.01498167636296 0.02635607814910 0.01907839788241 0.00160000000000 0.10515068463142 0.01884293633671 0.00130000000000 0.00590000000000 0.01717177771699 0.01481296893318 0.02038228860294 0.00130000000000 0.01846017178055 0.02422032925195 0.00140000000000 0.00190000000000 0.01804815390149 0.01723176395730 0.02628150678117 0.00130000000000 0.02312641614877 0.03808226138256 0.00150000000000 0.00200000000000 0.03878621892157 
0.00190000000000 0.00170000000000 0.00120000000000 0.00120000000000 0.00160000000000 0.00150000000000 0.00120000000000 0.00120000000000 0.01904693388397 0.01736594927405 0.00140000000000 0.00140000000000 0.00800000000000 0.00240000000000 0.00130000000000 0.00130000000000 0.00160000000000 0.00150000000000 0.00120000000000 0.00120000000000 0.00150000000000 0.00140000000000 0.00110000000000 0.00110000000000 0.01392790270986 0.00250000000000 0.00140000000000 0.00130000000000 0.00210000000000 0.00190000000000 0.00130000000000 0.00130000000000 
0.00150000000000 0.00160000000000 0.00140000000000 0.00150000000000 0.00130000000000 0.00130000000000 0.00130000000000 0.00130000000000 0.00150000000000 0.00160000000000 0.00140000000000 0.00150000000000 0.00130000000000 0.00130000000000 0.00130000000000 0.00130000000000 0.00150000000000 0.00160000000000 0.00150000000000 0.00150000000000 0.00130000000000 0.00130000000000 0.00130000000000 0.00130000000000 0.00150000000000 0.00160000000000 0.00140000000000 0.00150000000000 0.00130000000000 0.00130000000000 0.00130000000000 0.00130000000000 
0.02779775004358 0.01661795927614 0.02031964768517 0.01515403647592 0.02911788543536 0.01706079680955 0.02082271317380 0.01538693299247 0.02147575210585 0.01649539299624 0.02101648410496 0.01711427773312 0.02188985175626 0.01679068670426 0.02131604714351 0.01741597491729 0.10602775556474 0.02236968325024 0.02285321656624 0.01597656609385 0.10630852996795 0.02338106299724 0.02368504346501 0.01629501386618 0.02704456457075 0.01933663941391 0.02194334744302 0.01773206435075 0.02775064596728 0.01973985082430 0.02225498769596 0.01803511037626 
0.01821889320378 0.00140000000000 0.01925323439956 0.00140000000000 0.01783805493618 0.00140000000000 0.01865806059044 0.00140000000000 0.04101947139546 0.00170000000000 0.04029506821011 0.00170000000000 0.04072434017600 0.00170000000000 0.03604799652259 0.00560000000000 0.02069742395023 0.00140000000000 0.02205064604311 0.00140000000000 0.01969792929974 0.00140000000000 0.02071203270729 0.00140000000000 0.04796794602770 0.00190000000000 0.04619604714523 0.00600000000000 0.04216087094168 0.00580000000000 0.04125403475281 0.00580000000000 
0.02895609190949 0.09408335841906 0.02813288325191 0.04238581079164 0.02813234974609 0.10452387274007 0.02770466729307 0.03953145655926 0.04344668688146 0.10895777253401 0.04236425356404 0.09529602042737 0.04339783961510 0.10849055757045 0.04462182728099 0.07068152782196 0.02759921339433 0.08944240924605 0.02544307796803 0.09866970064542 0.02554841316318 0.09882895967541 0.02401299141913 0.03921276874948 0.02205787609244 0.09138173177215 0.02125208910075 0.02942864813304 0.02102652363083 0.03055908061744 0.02042820884045 0.02728394388341 
0.00210000000000 0.00630000000000 0.00660000000000 0.00590000000000 0.02101958852979 0.02040558996461 0.01893109682722 0.01543588182095 0.00210000000000 0.00630000000000 0.00660000000000 0.00590000000000 0.02091413945466 0.02030208053524 0.01883930512318 0.01542145354957 0.00140000000000 0.00140000000000 0.00140000000000 0.00140000000000 0.00540000000000 0.00500000000000 0.00510000000000 0.00480000000000 0.00140000000000 0.00140000000000 0.00140000000000 0.00140000000000 0.00540000000000 0.00500000000000 0.00510000000000 0.00480000000000 
0.02142274533627 0.02132590899286 0.01893529280968 0.01892925329090 0.00250000000000 0.00250000000000 0.00210000000000 0.00210000000000 0.00190000000000 0.00190000000000 0.00170000000000 0.00170000000000 0.00150000000000 0.00150000000000 0.00140000000000 0.00140000000000 0.01578810156515 0.01579168799183 0.01535376237439 0.01535976535009 0.00160000000000 0.00150000000000 0.00150000000000 0.00150000000000 0.00140000000000 0.00140000000000 0.00130000000000 0.00130000000000 0.00120000000000 0.00120000000000 0.00120000000000 0.00120000000000 
0.02452240817896 0.02593376189540 0.03293595128948 0.02546722945943 0.09324402683250 0.02578479813942 0.01593142136596 0.00200000000000 0.00730000000000 0.00240000000000 0.01571342194158 0.01566446435052 0.02534480648139 0.02736633991801 0.02334569587787 0.01863167019796 0.01742119770288 0.01746379575942 0.02195821902446 0.02244871945554 0.10350350846429 0.10448111513732 0.10309050089017 0.04337231823527 0.00160000000000 0.00160000000000 0.00700000000000 0.00210000000000 0.01719373442494 0.01732152618388 0.02216605196310 0.02283942060563 
0.06767226517330 0.04689465491470 0.00690000000000 0.00170000000000 0.01621610013644 0.00170000000000 0.00140000000000 0.00130000000000 0.05074892655747 0.02581784793733 0.00220000000000 0.00160000000000 0.01496913201061 0.00160000000000 0.00130000000000 0.00120000000000 0.01953233251272 0.01964923264479 0.03579762905555 0.01444470591253 0.10504282675989 0.02430293188375 0.00220000000000 0.00160000000000 0.02056746844657 0.02100191007637 0.02744988003449 0.01368288288045 0.10337296510540 0.02066706903179 0.00190000000000 0.00150000000000 
M_out
1 1 1 1 1 0 0 0 0 0 0 0 0 0 0 0 0 0 0 0 0 0 0 0 0 0 0 0 0 0 0 0 0 0 0 0 0 0 0 0 0 0 0 0 0 0 0 0 0 0 0 0 0 0 0 0 0 0 0 0 0 0 0 0 0 0 0 0 0 0 0 0 0 0 0 0 0 0 0 0 0 0 0 0 0 0 0 0 0 0 0 0 0 0 0 0 0 0 0 0 
0 1 1 1 1 1 0 0 0 0 0 0 0 0 0 0 0 0 0 0 0 0 0 0 0 0 0 0 0 0 0 0 0 0 0 0 0 0 0 0 0 0 0 0 0 0 0 0 0 0 0 0 0 0 0 0 0 0 0 0 0 0 0 0 0 0 0 0 0 0 0 0 0 0 0 0 0 0 0 0 0 0 0 0 0 0 0 0 0 0 0 0 0 0 0 0 0 0 0 0 
0 0 1 1 1 1 1 0 0 0 0 0 0 0 0 0 0 0 0 0 0 0 0 0 0 0 0 0 0 0 0 0 0 0 0 0 0 0 0 0 0 0 0 0 0 0 0 0 0 0 0 0 0 0 0 0 0 0 0 0 0 0 0 0 0 0 0 0 0 0 0 0 0 0 0 0 0 0 0 0 0 0 0 0 0 0 0 0 0 0 0 0 0 0 0 0 0 0 0 0 
0 0 0 1 1 1 1 1 0 0 0 0 0 0 0 0 0 0 0 0 0 0 0 0 0 0 0 0 0 0 0 0 0 0 0 0 0 0 0 0 0 0 0 0 0 0 0 0 0 0 0 0 0 0 0 0 0 0 0 0 0 0 0 0 0 0 0 0 0 0 0 0 0 0 0 0 0 0 0 0 0 0 0 0 0 0 0 0 0 0 0 0 0 0 0 0 0 0 0 0 
0 0 0 0 1 1 1 1 1 0 0 0 0 0 0 0 0 0 0 0 0 0 0 0 0 0 0 0 0 0 0 0 0 0 0 0 0 0 0 0 0 0 0 0 0 0 0 0 0 0 0 0 0 0 0 0 0 0 0 0 0 0 0 0 0 0 0 0 0 0 0 0 0 0 0 0 0 0 0 0 0 0 0 0 0 0 0 0 0 0 0 0 0 0 0 0 0 0 0 0 
0 0 0 0 0 1 1 1 1 1 0 0 0 0 0 0 0 0 0 0 0 0 0 0 0 0 0 0 0 0 0 0 0 0 0 0 0 0 0 0 0 0 0 0 0 0 0 0 0 0 0 0 0 0 0 0 0 0 0 0 0 0 0 0 0 0 0 0 0 0 0 0 0 0 0 0 0 0 0 0 0 0 0 0 0 0 0 0 0 0 0 0 0 0 0 0 0 0 0 0 
0 0 0 0 0 0 1 1 1 1 1 0 0 0 0 0 0 0 0 0 0 0 0 0 0 0 0 0 0 0 0 0 0 0 0 0 0 0 0 0 0 0 0 0 0 0 0 0 0 0 0 0 0 0 0 0 0 0 0 0 0 0 0 0 0 0 0 0 0 0 0 0 0 0 0 0 0 0 0 0 0 0 0 0 0 0 0 0 0 0 0 0 0 0 0 0 0 0 0 0 
0 0 0 0 0 0 0 1 1 1 1 1 0 0 0 0 0 0 0 0 0 0 0 0 0 0 0 0 0 0 0 0 0 0 0 0 0 0 0 0 0 0 0 0 0 0 0 0 0 0 0 0 0 0 0 0 0 0 0 0 0 0 0 0 0 0 0 0 0 0 0 0 0 0 0 0 0 0 0 0 0 0 0 0 0 0 0 0 0 0 0 0 0 0 0 0 0 0 0 0 
0 0 0 0 0 0 0 0 1 1 1 1 1 0 0 0 0 0 0 0 0 0 0 0 0 0 0 0 0 0 0 0 0 0 0 0 0 0 0 0 0 0 0 0 0 0 0 0 0 0 0 0 0 0 0 0 0 0 0 0 0 0 0 0 0 0 0 0 0 0 0 0 0 0 0 0 0 0 0 0 0 0 0 0 0 0 0 0 0 0 0 0 0 0 0 0 0 0 0 0 
0 0 0 0 0 0 0 0 0 1 1 1 1 1 0 0 0 0 0 0 0 0 0 0 0 0 0 0 0 0 0 0 0 0 0 0 0 0 0 0 0 0 0 0 0 0 0 0 0 0 0 0 0 0 0 0 0 0 0 0 0 0 0 0 0 0 0 0 0 0 0 0 0 0 0 0 0 0 0 0 0 0 0 0 0 0 0 0 0 0 0 0 0 0 0 0 0 0 0 0 
0 0 0 0 0 0 0 0 0 0 1 1 1 1 1 0 0 0 0 0 0 0 0 0 0 0 0 0 0 0 0 0 0 0 0 0 0 0 0 0 0 0 0 0 0 0 0 0 0 0 0 0 0 0 0 0 0 0 0 0 0 0 0 0 0 0 0 0 0 0 0 0 0 0 0 0 0 0 0 0 0 0 0 0 0 0 0 0 0 0 0 0 0 0 0 0 0 0 0 0 
0 0 0 0 0 0 0 0 0 0 0 1 1 1 1 1 0 0 0 0 0 0 0 0 0 0 0 0 0 0 0 0 0 0 0 0 0 0 0 0 0 0 0 0 0 0 0 0 0 0 0 0 0 0 0 0 0 0 0 0 0 0 0 0 0 0 0 0 0 0 0 0 0 0 0 0 0 0 0 0 0 0 0 0 0 0 0 0 0 0 0 0 0 0 0 0 0 0 0 0 
0 0 0 0 0 0 0 0 0 0 0 0 1 1 1 1 1 0 0 0 0 0 0 0 0 0 0 0 0 0 0 0 0 0 0 0 0 0 0 0 0 0 0 0 0 0 0 0 0 0 0 0 0 0 0 0 0 0 0 0 0 0 0 0 0 0 0 0 0 0 0 0 0 0 0 0 0 0 0 0 0 0 0 0 0 0 0 0 0 0 0 0 0 0 0 0 0 0 0 0 
0 0 0 0 0 0 0 0 0 0 0 0 0 1 1 1 1 1 0 0 0 0 0 0 0 0 0 0 0 0 0 0 0 0 0 0 0 0 0 0 0 0 0 0 0 0 0 0 0 0 0 0 0 0 0 0 0 0 0 0 0 0 0 0 0 0 0 0 0 0 0 0 0 0 0 0 0 0 0 0 0 0 0 0 0 0 0 0 0 0 0 0 0 0 0 0 0 0 0 0 
0 0 0 0 0 0 0 0 0 0 0 0 0 0 1 1 1 1 1 0 0 0 0 0 0 0 0 0 0 0 0 0 0 0 0 0 0 0 0 0 0 0 0 0 0 0 0 0 0 0 0 0 0 0 0 0 0 0 0 0 0 0 0 0 0 0 0 0 0 0 0 0 0 0 0 0 0 0 0 0 0 0 0 0 0 0 0 0 0 0 0 0 0 0 0 0 0 0 0 0 
0 0 0 0 0 0 0 0 0 0 0 0 0 0 0 1 1 1 1 1 0 0 0 0 0 0 0 0 0 0 0 0 0 0 0 0 0 0 0 0 0 0 0 0 0 0 0 0 0 0 0 0 0 0 0 0 0 0 0 0 0 0 0 0 0 0 0 0 0 0 0 0 0 0 0 0 0 0 0 0 0 0 0 0 0 0 0 0 0 0 0 0 0 0 0 0 0 0 0 0 
0 0 0 0 0 0 0 0 0 0 0 0 0 0 0 0 1 1 1 1 1 0 0 0 0 0 0 0 0 0 0 0 0 0 0 0 0 0 0 0 0 0 0 0 0 0 0 0 0 0 0 0 0 0 0 0 0 0 0 0 0 0 0 0 0 0 0 0 0 0 0 0 0 0 0 0 0 0 0 0 0 0 0 0 0 0 0 0 0 0 0 0 0 0 0 0 0 0 0 0 
0 0 0 0 0 0 0 0 0 0 0 0 0 0 0 0 0 1 1 1 1 1 0 0 0 0 0 0 0 0 0 0 0 0 0 0 0 0 0 0 0 0 0 0 0 0 0 0 0 0 0 0 0 0 0 0 0 0 0 0 0 0 0 0 0 0 0 0 0 0 0 0 0 0 0 0 0 0 0 0 0 0 0 0 0 0 0 0 0 0 0 0 0 0 0 0 0 0 0 0 
0 0 0 0 0 0 0 0 0 0 0 0 0 0 0 0 0 0 1 1 1 1 1 0 0 0 0 0 0 0 0 0 0 0 0 0 0 0 0 0 0 0 0 0 0 0 0 0 0 0 0 0 0 0 0 0 0 0 0 0 0 0 0 0 0 0 0 0 0 0 0 0 0 0 0 0 0 0 0 0 0 0 0 0 0 0 0 0 0 0 0 0 0 0 0 0 0 0 0 0 
0 0 0 0 0 0 0 0 0 0 0 0 0 0 0 0 0 0 0 1 1 1 1 1 0 0 0 0 0 0 0 0 0 0 0 0 0 0 0 0 0 0 0 0 0 0 0 0 0 0 0 0 0 0 0 0 0 0 0 0 0 0 0 0 0 0 0 0 0 0 0 0 0 0 0 0 0 0 0 0 0 0 0 0 0 0 0 0 0 0 0 0 0 0 0 0 0 0 0 0 
0 0 0 0 0 0 0 0 0 0 0 0 0 0 0 0 0 0 0 0 1 1 1 1 1 0 0 0 0 0 0 0 0 0 0 0 0 0 0 0 0 0 0 0 0 0 0 0 0 0 0 0 0 0 0 0 0 0 0 0 0 0 0 0 0 0 0 0 0 0 0 0 0 0 0 0 0 0 0 0 0 0 0 0 0 0 0 0 0 0 0 0 0 0 0 0 0 0 0 0 
0 0 0 0 0 0 0 0 0 0 0 0 0 0 0 0 0 0 0 0 0 1 1 1 1 1 0 0 0 0 0 0 0 0 0 0 0 0 0 0 0 0 0 0 0 0 0 0 0 0 0 0 0 0 0 0 0 0 0 0 0 0 0 0 0 0 0 0 0 0 0 0 0 0 0 0 0 0 0 0 0 0 0 0 0 0 0 0 0 0 0 0 0 0 0 0 0 0 0 0 
0 0 0 0 0 0 0 0 0 0 0 0 0 0 0 0 0 0 0 0 0 0 1 1 1 1 1 0 0 0 0 0 0 0 0 0 0 0 0 0 0 0 0 0 0 0 0 0 0 0 0 0 0 0 0 0 0 0 0 0 0 0 0 0 0 0 0 0 0 0 0 0 0 0 0 0 0 0 0 0 0 0 0 0 0 0 0 0 0 0 0 0 0 0 0 0 0 0 0 0 
0 0 0 0 0 0 0 0 0 0 0 0 0 0 0 0 0 0 0 0 0 0 0 1 1 1 1 1 0 0 0 0 0 0 0 0 0 0 0 0 0 0 0 0 0 0 0 0 0 0 0 0 0 0 0 0 0 0 0 0 0 0 0 0 0 0 0 0 0 0 0 0 0 0 0 0 0 0 0 0 0 0 0 0 0 0 0 0 0 0 0 0 0 0 0 0 0 0 0 0 
0 0 0 0 0 0 0 0 0 0 0 0 0 0 0 0 0 0 0 0 0 0 0 0 1 1 1 1 1 0 0 0 0 0 0 0 0 0 0 0 0 0 0 0 0 0 0 0 0 0 0 0 0 0 0 0 0 0 0 0 0 0 0 0 0 0 0 0 0 0 0 0 0 0 0 0 0 0 0 0 0 0 0 0 0 0 0 0 0 0 0 0 0 0 0 0 0 0 0 0 
0 0 0 0 0 0 0 0 0 0 0 0 0 0 0 0 0 0 0 0 0 0 0 0 0 1 1 1 1 1 0 0 0 0 0 0 0 0 0 0 0 0 0 0 0 0 0 0 0 0 0 0 0 0 0 0 0 0 0 0 0 0 0 0 0 0 0 0 0 0 0 0 0 0 0 0 0 0 0 0 0 0 0 0 0 0 0 0 0 0 0 0 0 0 0 0 0 0 0 0 
0 0 0 0 0 0 0 0 0 0 0 0 0 0 0 0 0 0 0 0 0 0 0 0 0 0 1 1 1 1 1 0 0 0 0 0 0 0 0 0 0 0 0 0 0 0 0 0 0 0 0 0 0 0 0 0 0 0 0 0 0 0 0 0 0 0 0 0 0 0 0 0 0 0 0 0 0 0 0 0 0 0 0 0 0 0 0 0 0 0 0 0 0 0 0 0 0 0 0 0 
0 0 0 0 0 0 0 0 0 0 0 0 0 0 0 0 0 0 0 0 0 0 0 0 0 0 0 1 1 1 1 1 0 0 0 0 0 0 0 0 0 0 0 0 0 0 0 0 0 0 0 0 0 0 0 0 0 0 0 0 0 0 0 0 0 0 0 0 0 0 0 0 0 0 0 0 0 0 0 0 0 0 0 0 0 0 0 0 0 0 0 0 0 0 0 0 0 0 0 0 
0 0 0 0 0 0 0 0 0 0 0 0 0 0 0 0 0 0 0 0 0 0 0 0 0 0 0 0 1 1 1 1 1 0 0 0 0 0 0 0 0 0 0 0 0 0 0 0 0 0 0 0 0 0 0 0 0 0 0 0 0 0 0 0 0 0 0 0 0 0 0 0 0 0 0 0 0 0 0 0 0 0 0 0 0 0 0 0 0 0 0 0 0 0 0 0 0 0 0 0 
0 0 0 0 0 0 0 0 0 0 0 0 0 0 0 0 0 0 0 0 0 0 0 0 0 0 0 0 0 1 1 1 1 1 0 0 0 0 0 0 0 0 0 0 0 0 0 0 0 0 0 0 0 0 0 0 0 0 0 0 0 0 0 0 0 0 0 0 0 0 0 0 0 0 0 0 0 0 0 0 0 0 0 0 0 0 0 0 0 0 0 0 0 0 0 0 0 0 0 0 
0 0 0 0 0 0 0 0 0 0 0 0 0 0 0 0 0 0 0 0 0 0 0 0 0 0 0 0 0 0 1 1 1 1 1 0 0 0 0 0 0 0 0 0 0 0 0 0 0 0 0 0 0 0 0 0 0 0 0 0 0 0 0 0 0 0 0 0 0 0 0 0 0 0 0 0 0 0 0 0 0 0 0 0 0 0 0 0 0 0 0 0 0 0 0 0 0 0 0 0 
0 0 0 0 0 0 0 0 0 0 0 0 0 0 0 0 0 0 0 0 0 0 0 0 0 0 0 0 0 0 0 1 1 1 1 1 0 0 0 0 0 0 0 0 0 0 0 0 0 0 0 0 0 0 0 0 0 0 0 0 0 0 0 0 0 0 0 0 0 0 0 0 0 0 0 0 0 0 0 0 0 0 0 0 0 0 0 0 0 0 0 0 0 0 0 0 0 0 0 0 
0 0 0 0 0 0 0 0 0 0 0 0 0 0 0 0 0 0 0 0 0 0 0 0 0 0 0 0 0 0 0 0 1 1 1 1 1 0 0 0 0 0 0 0 0 0 0 0 0 0 0 0 0 0 0 0 0 0 0 0 0 0 0 0 0 0 0 0 0 0 0 0 0 0 0 0 0 0 0 0 0 0 0 0 0 0 0 0 0 0 0 0 0 0 0 0 0 0 0 0 
0 0 0 0 0 0 0 0 0 0 0 0 0 0 0 0 0 0 0 0 0 0 0 0 0 0 0 0 0 0 0 0 0 1 1 1 1 1 0 0 0 0 0 0 0 0 0 0 0 0 0 0 0 0 0 0 0 0 0 0 0 0 0 0 0 0 0 0 0 0 0 0 0 0 0 0 0 0 0 0 0 0 0 0 0 0 0 0 0 0 0 0 0 0 0 0 0 0 0 0 
0 0 0 0 0 0 0 0 0 0 0 0 0 0 0 0 0 0 0 0 0 0 0 0 0 0 0 0 0 0 0 0 0 0 1 1 1 1 1 0 0 0 0 0 0 0 0 0 0 0 0 0 0 0 0 0 0 0 0 0 0 0 0 0 0 0 0 0 0 0 0 0 0 0 0 0 0 0 0 0 0 0 0 0 0 0 0 0 0 0 0 0 0 0 0 0 0 0 0 0 
0 0 0 0 0 0 0 0 0 0 0 0 0 0 0 0 0 0 0 0 0 0 0 0 0 0 0 0 0 0 0 0 0 0 0 1 1 1 1 1 0 0 0 0 0 0 0 0 0 0 0 0 0 0 0 0 0 0 0 0 0 0 0 0 0 0 0 0 0 0 0 0 0 0 0 0 0 0 0 0 0 0 0 0 0 0 0 0 0 0 0 0 0 0 0 0 0 0 0 0 
0 0 0 0 0 0 0 0 0 0 0 0 0 0 0 0 0 0 0 0 0 0 0 0 0 0 0 0 0 0 0 0 0 0 0 0 1 1 1 1 1 0 0 0 0 0 0 0 0 0 0 0 0 0 0 0 0 0 0 0 0 0 0 0 0 0 0 0 0 0 0 0 0 0 0 0 0 0 0 0 0 0 0 0 0 0 0 0 0 0 0 0 0 0 0 0 0 0 0 0 
0 0 0 0 0 0 0 0 0 0 0 0 0 0 0 0 0 0 0 0 0 0 0 0 0 0 0 0 0 0 0 0 0 0 0 0 0 1 1 1 1 1 0 0 0 0 0 0 0 0 0 0 0 0 0 0 0 0 0 0 0 0 0 0 0 0 0 0 0 0 0 0 0 0 0 0 0 0 0 0 0 0 0 0 0 0 0 0 0 0 0 0 0 0 0 0 0 0 0 0 
0 0 0 0 0 0 0 0 0 0 0 0 0 0 0 0 0 0 0 0 0 0 0 0 0 0 0 0 0 0 0 0 0 0 0 0 0 0 1 1 1 1 1 0 0 0 0 0 0 0 0 0 0 0 0 0 0 0 0 0 0 0 0 0 0 0 0 0 0 0 0 0 0 0 0 0 0 0 0 0 0 0 0 0 0 0 0 0 0 0 0 0 0 0 0 0 0 0 0 0 
0 0 0 0 0 0 0 0 0 0 0 0 0 0 0 0 0 0 0 0 0 0 0 0 0 0 0 0 0 0 0 0 0 0 0 0 0 0 0 1 1 1 1 1 0 0 0 0 0 0 0 0 0 0 0 0 0 0 0 0 0 0 0 0 0 0 0 0 0 0 0 0 0 0 0 0 0 0 0 0 0 0 0 0 0 0 0 0 0 0 0 0 0 0 0 0 0 0 0 0 
0 0 0 0 0 0 0 0 0 0 0 0 0 0 0 0 0 0 0 0 0 0 0 0 0 0 0 0 0 0 0 0 0 0 0 0 0 0 0 0 1 1 1 1 1 0 0 0 0 0 0 0 0 0 0 0 0 0 0 0 0 0 0 0 0 0 0 0 0 0 0 0 0 0 0 0 0 0 0 0 0 0 0 0 0 0 0 0 0 0 0 0 0 0 0 0 0 0 0 0 
0 0 0 0 0 0 0 0 0 0 0 0 0 0 0 0 0 0 0 0 0 0 0 0 0 0 0 0 0 0 0 0 0 0 0 0 0 0 0 0 0 1 1 1 1 1 0 0 0 0 0 0 0 0 0 0 0 0 0 0 0 0 0 0 0 0 0 0 0 0 0 0 0 0 0 0 0 0 0 0 0 0 0 0 0 0 0 0 0 0 0 0 0 0 0 0 0 0 0 0 
0 0 0 0 0 0 0 0 0 0 0 0 0 0 0 0 0 0 0 0 0 0 0 0 0 0 0 0 0 0 0 0 0 0 0 0 0 0 0 0 0 0 1 1 1 1 1 0 0 0 0 0 0 0 0 0 0 0 0 0 0 0 0 0 0 0 0 0 0 0 0 0 0 0 0 0 0 0 0 0 0 0 0 0 0 0 0 0 0 0 0 0 0 0 0 0 0 0 0 0 
0 0 0 0 0 0 0 0 0 0 0 0 0 0 0 0 0 0 0 0 0 0 0 0 0 0 0 0 0 0 0 0 0 0 0 0 0 0 0 0 0 0 0 1 1 1 1 1 0 0 0 0 0 0 0 0 0 0 0 0 0 0 0 0 0 0 0 0 0 0 0 0 0 0 0 0 0 0 0 0 0 0 0 0 0 0 0 0 0 0 0 0 0 0 0 0 0 0 0 0 
0 0 0 0 0 0 0 0 0 0 0 0 0 0 0 0 0 0 0 0 0 0 0 0 0 0 0 0 0 0 0 0 0 0 0 0 0 0 0 0 0 0 0 0 1 1 1 1 1 0 0 0 0 0 0 0 0 0 0 0 0 0 0 0 0 0 0 0 0 0 0 0 0 0 0 0 0 0 0 0 0 0 0 0 0 0 0 0 0 0 0 0 0 0 0 0 0 0 0 0 
0 0 0 0 0 0 0 0 0 0 0 0 0 0 0 0 0 0 0 0 0 0 0 0 0 0 0 0 0 0 0 0 0 0 0 0 0 0 0 0 0 0 0 0 0 1 1 1 1 1 0 0 0 0 0 0 0 0 0 0 0 0 0 0 0 0 0 0 0 0 0 0 0 0 0 0 0 0 0 0 0 0 0 0 0 0 0 0 0 0 0 0 0 0 0 0 0 0 0 0 
0 0 0 0 0 0 0 0 0 0 0 0 0 0 0 0 0 0 0 0 0 0 0 0 0 0 0 0 0 0 0 0 0 0 0 0 0 0 0 0 0 0 0 0 0 0 1 1 1 1 1 0 0 0 0 0 0 0 0 0 0 0 0 0 0 0 0 0 0 0 0 0 0 0 0 0 0 0 0 0 0 0 0 0 0 0 0 0 0 0 0 0 0 0 0 0 0 0 0 0 
0 0 0 0 0 0 0 0 0 0 0 0 0 0 0 0 0 0 0 0 0 0 0 0 0 0 0 0 0 0 0 0 0 0 0 0 0 0 0 0 0 0 0 0 0 0 0 1 1 1 1 1 0 0 0 0 0 0 0 0 0 0 0 0 0 0 0 0 0 0 0 0 0 0 0 0 0 0 0 0 0 0 0 0 0 0 0 0 0 0 0 0 0 0 0 0 0 0 0 0 
0 0 0 0 0 0 0 0 0 0 0 0 0 0 0 0 0 0 0 0 0 0 0 0 0 0 0 0 0 0 0 0 0 0 0 0 0 0 0 0 0 0 0 0 0 0 0 0 1 1 1 1 1 0 0 0 0 0 0 0 0 0 0 0 0 0 0 0 0 0 0 0 0 0 0 0 0 0 0 0 0 0 0 0 0 0 0 0 0 0 0 0 0 0 0 0 0 0 0 0 
0 0 0 0 0 0 0 0 0 0 0 0 0 0 0 0 0 0 0 0 0 0 0 0 0 0 0 0 0 0 0 0 0 0 0 0 0 0 0 0 0 0 0 0 0 0 0 0 0 1 1 1 1 1 0 0 0 0 0 0 0 0 0 0 0 0 0 0 0 0 0 0 0 0 0 0 0 0 0 0 0 0 0 0 0 0 0 0 0 0 0 0 0 0 0 0 0 0 0 0 
0 0 0 0 0 0 0 0 0 0 0 0 0 0 0 0 0 0 0 0 0 0 0 0 0 0 0 0 0 0 0 0 0 0 0 0 0 0 0 0 0 0 0 0 0 0 0 0 0 0 1 1 1 1 1 0 0 0 0 0 0 0 0 0 0 0 0 0 0 0 0 0 0 0 0 0 0 0 0 0 0 0 0 0 0 0 0 0 0 0 0 0 0 0 0 0 0 0 0 0 
0 0 0 0 0 0 0 0 0 0 0 0 0 0 0 0 0 0 0 0 0 0 0 0 0 0 0 0 0 0 0 0 0 0 0 0 0 0 0 0 0 0 0 0 0 0 0 0 0 0 0 1 1 1 1 1 0 0 0 0 0 0 0 0 0 0 0 0 0 0 0 0 0 0 0 0 0 0 0 0 0 0 0 0 0 0 0 0 0 0 0 0 0 0 0 0 0 0 0 0 
0 0 0 0 0 0 0 0 0 0 0 0 0 0 0 0 0 0 0 0 0 0 0 0 0 0 0 0 0 0 0 0 0 0 0 0 0 0 0 0 0 0 0 0 0 0 0 0 0 0 0 0 1 1 1 1 1 0 0 0 0 0 0 0 0 0 0 0 0 0 0 0 0 0 0 0 0 0 0 0 0 0 0 0 0 0 0 0 0 0 0 0 0 0 0 0 0 0 0 0 
0 0 0 0 0 0 0 0 0 0 0 0 0 0 0 0 0 0 0 0 0 0 0 0 0 0 0 0 0 0 0 0 0 0 0 0 0 0 0 0 0 0 0 0 0 0 0 0 0 0 0 0 0 1 1 1 1 1 0 0 0 0 0 0 0 0 0 0 0 0 0 0 0 0 0 0 0 0 0 0 0 0 0 0 0 0 0 0 0 0 0 0 0 0 0 0 0 0 0 0 
0 0 0 0 0 0 0 0 0 0 0 0 0 0 0 0 0 0 0 0 0 0 0 0 0 0 0 0 0 0 0 0 0 0 0 0 0 0 0 0 0 0 0 0 0 0 0 0 0 0 0 0 0 0 1 1 1 1 1 0 0 0 0 0 0 0 0 0 0 0 0 0 0 0 0 0 0 0 0 0 0 0 0 0 0 0 0 0 0 0 0 0 0 0 0 0 0 0 0 0 
0 0 0 0 0 0 0 0 0 0 0 0 0 0 0 0 0 0 0 0 0 0 0 0 0 0 0 0 0 0 0 0 0 0 0 0 0 0 0 0 0 0 0 0 0 0 0 0 0 0 0 0 0 0 0 1 1 1 1 1 0 0 0 0 0 0 0 0 0 0 0 0 0 0 0 0 0 0 0 0 0 0 0 0 0 0 0 0 0 0 0 0 0 0 0 0 0 0 0 0 
0 0 0 0 0 0 0 0 0 0 0 0 0 0 0 0 0 0 0 0 0 0 0 0 0 0 0 0 0 0 0 0 0 0 0 0 0 0 0 0 0 0 0 0 0 0 0 0 0 0 0 0 0 0 0 0 1 1 1 1 1 0 0 0 0 0 0 0 0 0 0 0 0 0 0 0 0 0 0 0 0 0 0 0 0 0 0 0 0 0 0 0 0 0 0 0 0 0 0 0 
0 0 0 0 0 0 0 0 0 0 0 0 0 0 0 0 0 0 0 0 0 0 0 0 0 0 0 0 0 0 0 0 0 0 0 0 0 0 0 0 0 0 0 0 0 0 0 0 0 0 0 0 0 0 0 0 0 1 1 1 1 1 0 0 0 0 0 0 0 0 0 0 0 0 0 0 0 0 0 0 0 0 0 0 0 0 0 0 0 0 0 0 0 0 0 0 0 0 0 0 
0 0 0 0 0 0 0 0 0 0 0 0 0 0 0 0 0 0 0 0 0 0 0 0 0 0 0 0 0 0 0 0 0 0 0 0 0 0 0 0 0 0 0 0 0 0 0 0 0 0 0 0 0 0 0 0 0 0 1 1 1 1 1 0 0 0 0 0 0 0 0 0 0 0 0 0 0 0 0 0 0 0 0 0 0 0 0 0 0 0 0 0 0 0 0 0 0 0 0 0 
0 0 0 0 0 0 0 0 0 0 0 0 0 0 0 0 0 0 0 0 0 0 0 0 0 0 0 0 0 0 0 0 0 0 0 0 0 0 0 0 0 0 0 0 0 0 0 0 0 0 0 0 0 0 0 0 0 0 0 1 1 1 1 1 0 0 0 0 0 0 0 0 0 0 0 0 0 0 0 0 0 0 0 0 0 0 0 0 0 0 0 0 0 0 0 0 0 0 0 0 
0 0 0 0 0 0 0 0 0 0 0 0 0 0 0 0 0 0 0 0 0 0 0 0 0 0 0 0 0 0 0 0 0 0 0 0 0 0 0 0 0 0 0 0 0 0 0 0 0 0 0 0 0 0 0 0 0 0 0 0 1 1 1 1 1 0 0 0 0 0 0 0 0 0 0 0 0 0 0 0 0 0 0 0 0 0 0 0 0 0 0 0 0 0 0 0 0 0 0 0 
0 0 0 0 0 0 0 0 0 0 0 0 0 0 0 0 0 0 0 0 0 0 0 0 0 0 0 0 0 0 0 0 0 0 0 0 0 0 0 0 0 0 0 0 0 0 0 0 0 0 0 0 0 0 0 0 0 0 0 0 0 1 1 1 1 1 0 0 0 0 0 0 0 0 0 0 0 0 0 0 0 0 0 0 0 0 0 0 0 0 0 0 0 0 0 0 0 0 0 0 
0 0 0 0 0 0 0 0 0 0 0 0 0 0 0 0 0 0 0 0 0 0 0 0 0 0 0 0 0 0 0 0 0 0 0 0 0 0 0 0 0 0 0 0 0 0 0 0 0 0 0 0 0 0 0 0 0 0 0 0 0 0 1 1 1 1 1 0 0 0 0 0 0 0 0 0 0 0 0 0 0 0 0 0 0 0 0 0 0 0 0 0 0 0 0 0 0 0 0 0 
0 0 0 0 0 0 0 0 0 0 0 0 0 0 0 0 0 0 0 0 0 0 0 0 0 0 0 0 0 0 0 0 0 0 0 0 0 0 0 0 0 0 0 0 0 0 0 0 0 0 0 0 0 0 0 0 0 0 0 0 0 0 0 1 1 1 1 1 0 0 0 0 0 0 0 0 0 0 0 0 0 0 0 0 0 0 0 0 0 0 0 0 0 0 0 0 0 0 0 0 
0 0 0 0 0 0 0 0 0 0 0 0 0 0 0 0 0 0 0 0 0 0 0 0 0 0 0 0 0 0 0 0 0 0 0 0 0 0 0 0 0 0 0 0 0 0 0 0 0 0 0 0 0 0 0 0 0 0 0 0 0 0 0 0 1 1 1 1 1 0 0 0 0 0 0 0 0 0 0 0 0 0 0 0 0 0 0 0 0 0 0 0 0 0 0 0 0 0 0 0 
0 0 0 0 0 0 0 0 0 0 0 0 0 0 0 0 0 0 0 0 0 0 0 0 0 0 0 0 0 0 0 0 0 0 0 0 0 0 0 0 0 0 0 0 0 0 0 0 0 0 0 0 0 0 0 0 0 0 0 0 0 0 0 0 0 1 1 1 1 1 0 0 0 0 0 0 0 0 0 0 0 0 0 0 0 0 0 0 0 0 0 0 0 0 0 0 0 0 0 0 
0 0 0 0 0 0 0 0 0 0 0 0 0 0 0 0 0 0 0 0 0 0 0 0 0 0 0 0 0 0 0 0 0 0 0 0 0 0 0 0 0 0 0 0 0 0 0 0 0 0 0 0 0 0 0 0 0 0 0 0 0 0 0 0 0 0 1 1 1 1 1 0 0 0 0 0 0 0 0 0 0 0 0 0 0 0 0 0 0 0 0 0 0 0 0 0 0 0 0 0 
0 0 0 0 0 0 0 0 0 0 0 0 0 0 0 0 0 0 0 0 0 0 0 0 0 0 0 0 0 0 0 0 0 0 0 0 0 0 0 0 0 0 0 0 0 0 0 0 0 0 0 0 0 0 0 0 0 0 0 0 0 0 0 0 0 0 0 1 1 1 1 1 0 0 0 0 0 0 0 0 0 0 0 0 0 0 0 0 0 0 0 0 0 0 0 0 0 0 0 0 
0 0 0 0 0 0 0 0 0 0 0 0 0 0 0 0 0 0 0 0 0 0 0 0 0 0 0 0 0 0 0 0 0 0 0 0 0 0 0 0 0 0 0 0 0 0 0 0 0 0 0 0 0 0 0 0 0 0 0 0 0 0 0 0 0 0 0 0 1 1 1 1 1 0 0 0 0 0 0 0 0 0 0 0 0 0 0 0 0 0 0 0 0 0 0 0 0 0 0 0 
0 0 0 0 0 0 0 0 0 0 0 0 0 0 0 0 0 0 0 0 0 0 0 0 0 0 0 0 0 0 0 0 0 0 0 0 0 0 0 0 0 0 0 0 0 0 0 0 0 0 0 0 0 0 0 0 0 0 0 0 0 0 0 0 0 0 0 0 0 1 1 1 1 1 0 0 0 0 0 0 0 0 0 0 0 0 0 0 0 0 0 0 0 0 0 0 0 0 0 0 
0 0 0 0 0 0 0 0 0 0 0 0 0 0 0 0 0 0 0 0 0 0 0 0 0 0 0 0 0 0 0 0 0 0 0 0 0 0 0 0 0 0 0 0 0 0 0 0 0 0 0 0 0 0 0 0 0 0 0 0 0 0 0 0 0 0 0 0 0 0 1 1 1 1 1 0 0 0 0 0 0 0 0 0 0 0 0 0 0 0 0 0 0 0 0 0 0 0 0 0 
0 0 0 0 0 0 0 0 0 0 0 0 0 0 0 0 0 0 0 0 0 0 0 0 0 0 0 0 0 0 0 0 0 0 0 0 0 0 0 0 0 0 0 0 0 0 0 0 0 0 0 0 0 0 0 0 0 0 0 0 0 0 0 0 0 0 0 0 0 0 0 1 1 1 1 1 0 0 0 0 0 0 0 0 0 0 0 0 0 0 0 0 0 0 0 0 0 0 0 0 
0 0 0 0 0 0 0 0 0 0 0 0 0 0 0 0 0 0 0 0 0 0 0 0 0 0 0 0 0 0 0 0 0 0 0 0 0 0 0 0 0 0 0 0 0 0 0 0 0 0 0 0 0 0 0 0 0 0 0 0 0 0 0 0 0 0 0 0 0 0 0 0 1 1 1 1 1 0 0 0 0 0 0 0 0 0 0 0 0 0 0 0 0 0 0 0 0 0 0 0 
0 0 0 0 0 0 0 0 0 0 0 0 0 0 0 0 0 0 0 0 0 0 0 0 0 0 0 0 0 0 0 0 0 0 0 0 0 0 0 0 0 0 0 0 0 0 0 0 0 0 0 0 0 0 0 0 0 0 0 0 0 0 0 0 0 0 0 0 0 0 0 0 0 1 1 1 1 1 0 0 0 0 0 0 0 0 0 0 0 0 0 0 0 0 0 0 0 0 0 0 
0 0 0 0 0 0 0 0 0 0 0 0 0 0 0 0 0 0 0 0 0 0 0 0 0 0 0 0 0 0 0 0 0 0 0 0 0 0 0 0 0 0 0 0 0 0 0 0 0 0 0 0 0 0 0 0 0 0 0 0 0 0 0 0 0 0 0 0 0 0 0 0 0 0 1 1 1 1 1 0 0 0 0 0 0 0 0 0 0 0 0 0 0 0 0 0 0 0 0 0 
0 0 0 0 0 0 0 0 0 0 0 0 0 0 0 0 0 0 0 0 0 0 0 0 0 0 0 0 0 0 0 0 0 0 0 0 0 0 0 0 0 0 0 0 0 0 0 0 0 0 0 0 0 0 0 0 0 0 0 0 0 0 0 0 0 0 0 0 0 0 0 0 0 0 0 1 1 1 1 1 0 0 0 0 0 0 0 0 0 0 0 0 0 0 0 0 0 0 0 0 
0 0 0 0 0 0 0 0 0 0 0 0 0 0 0 0 0 0 0 0 0 0 0 0 0 0 0 0 0 0 0 0 0 0 0 0 0 0 0 0 0 0 0 0 0 0 0 0 0 0 0 0 0 0 0 0 0 0 0 0 0 0 0 0 0 0 0 0 0 0 0 0 0 0 0 0 1 1 1 1 1 0 0 0 0 0 0 0 0 0 0 0 0 0 0 0 0 0 0 0 
0 0 0 0 0 0 0 0 0 0 0 0 0 0 0 0 0 0 0 0 0 0 0 0 0 0 0 0 0 0 0 0 0 0 0 0 0 0 0 0 0 0 0 0 0 0 0 0 0 0 0 0 0 0 0 0 0 0 0 0 0 0 0 0 0 0 0 0 0 0 0 0 0 0 0 0 0 1 1 1 1 1 0 0 0 0 0 0 0 0 0 0 0 0 0 0 0 0 0 0 
0 0 0 0 0 0 0 0 0 0 0 0 0 0 0 0 0 0 0 0 0 0 0 0 0 0 0 0 0 0 0 0 0 0 0 0 0 0 0 0 0 0 0 0 0 0 0 0 0 0 0 0 0 0 0 0 0 0 0 0 0 0 0 0 0 0 0 0 0 0 0 0 0 0 0 0 0 0 1 1 1 1 1 0 0 0 0 0 0 0 0 0 0 0 0 0 0 0 0 0 
0 0 0 0 0 0 0 0 0 0 0 0 0 0 0 0 0 0 0 0 0 0 0 0 0 0 0 0 0 0 0 0 0 0 0 0 0 0 0 0 0 0 0 0 0 0 0 0 0 0 0 0 0 0 0 0 0 0 0 0 0 0 0 0 0 0 0 0 0 0 0 0 0 0 0 0 0 0 0 1 1 1 1 1 0 0 0 0 0 0 0 0 0 0 0 0 0 0 0 0 
0 0 0 0 0 0 0 0 0 0 0 0 0 0 0 0 0 0 0 0 0 0 0 0 0 0 0 0 0 0 0 0 0 0 0 0 0 0 0 0 0 0 0 0 0 0 0 0 0 0 0 0 0 0 0 0 0 0 0 0 0 0 0 0 0 0 0 0 0 0 0 0 0 0 0 0 0 0 0 0 1 1 1 1 1 0 0 0 0 0 0 0 0 0 0 0 0 0 0 0 
0 0 0 0 0 0 0 0 0 0 0 0 0 0 0 0 0 0 0 0 0 0 0 0 0 0 0 0 0 0 0 0 0 0 0 0 0 0 0 0 0 0 0 0 0 0 0 0 0 0 0 0 0 0 0 0 0 0 0 0 0 0 0 0 0 0 0 0 0 0 0 0 0 0 0 0 0 0 0 0 0 1 1 1 1 1 0 0 0 0 0 0 0 0 0 0 0 0 0 0 
0 0 0 0 0 0 0 0 0 0 0 0 0 0 0 0 0 0 0 0 0 0 0 0 0 0 0 0 0 0 0 0 0 0 0 0 0 0 0 0 0 0 0 0 0 0 0 0 0 0 0 0 0 0 0 0 0 0 0 0 0 0 0 0 0 0 0 0 0 0 0 0 0 0 0 0 0 0 0 0 0 0 1 1 1 1 1 0 0 0 0 0 0 0 0 0 0 0 0 0 
0 0 0 0 0 0 0 0 0 0 0 0 0 0 0 0 0 0 0 0 0 0 0 0 0 0 0 0 0 0 0 0 0 0 0 0 0 0 0 0 0 0 0 0 0 0 0 0 0 0 0 0 0 0 0 0 0 0 0 0 0 0 0 0 0 0 0 0 0 0 0 0 0 0 0 0 0 0 0 0 0 0 0 1 1 1 1 1 0 0 0 0 0 0 0 0 0 0 0 0 
0 0 0 0 0 0 0 0 0 0 0 0 0 0 0 0 0 0 0 0 0 0 0 0 0 0 0 0 0 0 0 0 0 0 0 0 0 0 0 0 0 0 0 0 0 0 0 0 0 0 0 0 0 0 0 0 0 0 0 0 0 0 0 0 0 0 0 0 0 0 0 0 0 0 0 0 0 0 0 0 0 0 0 0 1 1 1 1 1 0 0 0 0 0 0 0 0 0 0 0 
0 0 0 0 0 0 0 0 0 0 0 0 0 0 0 0 0 0 0 0 0 0 0 0 0 0 0 0 0 0 0 0 0 0 0 0 0 0 0 0 0 0 0 0 0 0 0 0 0 0 0 0 0 0 0 0 0 0 0 0 0 0 0 0 0 0 0 0 0 0 0 0 0 0 0 0 0 0 0 0 0 0 0 0 0 1 1 1 1 1 0 0 0 0 0 0 0 0 0 0 
0 0 0 0 0 0 0 0 0 0 0 0 0 0 0 0 0 0 0 0 0 0 0 0 0 0 0 0 0 0 0 0 0 0 0 0 0 0 0 0 0 0 0 0 0 0 0 0 0 0 0 0 0 0 0 0 0 0 0 0 0 0 0 0 0 0 0 0 0 0 0 0 0 0 0 0 0 0 0 0 0 0 0 0 0 0 1 1 1 1 1 0 0 0 0 0 0 0 0 0 
0 0 0 0 0 0 0 0 0 0 0 0 0 0 0 0 0 0 0 0 0 0 0 0 0 0 0 0 0 0 0 0 0 0 0 0 0 0 0 0 0 0 0 0 0 0 0 0 0 0 0 0 0 0 0 0 0 0 0 0 0 0 0 0 0 0 0 0 0 0 0 0 0 0 0 0 0 0 0 0 0 0 0 0 0 0 0 1 1 1 1 1 0 0 0 0 0 0 0 0 
0 0 0 0 0 0 0 0 0 0 0 0 0 0 0 0 0 0 0 0 0 0 0 0 0 0 0 0 0 0 0 0 0 0 0 0 0 0 0 0 0 0 0 0 0 0 0 0 0 0 0 0 0 0 0 0 0 0 0 0 0 0 0 0 0 0 0 0 0 0 0 0 0 0 0 0 0 0 0 0 0 0 0 0 0 0 0 0 1 1 1 1 1 0 0 0 0 0 0 0 
0 0 0 0 0 0 0 0 0 0 0 0 0 0 0 0 0 0 0 0 0 0 0 0 0 0 0 0 0 0 0 0 0 0 0 0 0 0 0 0 0 0 0 0 0 0 0 0 0 0 0 0 0 0 0 0 0 0 0 0 0 0 0 0 0 0 0 0 0 0 0 0 0 0 0 0 0 0 0 0 0 0 0 0 0 0 0 0 0 1 1 1 1 1 0 0 0 0 0 0 
0 0 0 0 0 0 0 0 0 0 0 0 0 0 0 0 0 0 0 0 0 0 0 0 0 0 0 0 0 0 0 0 0 0 0 0 0 0 0 0 0 0 0 0 0 0 0 0 0 0 0 0 0 0 0 0 0 0 0 0 0 0 0 0 0 0 0 0 0 0 0 0 0 0 0 0 0 0 0 0 0 0 0 0 0 0 0 0 0 0 1 1 1 1 1 0 0 0 0 0 
0 0 0 0 0 0 0 0 0 0 0 0 0 0 0 0 0 0 0 0 0 0 0 0 0 0 0 0 0 0 0 0 0 0 0 0 0 0 0 0 0 0 0 0 0 0 0 0 0 0 0 0 0 0 0 0 0 0 0 0 0 0 0 0 0 0 0 0 0 0 0 0 0 0 0 0 0 0 0 0 0 0 0 0 0 0 0 0 0 0 0 1 1 1 1 1 0 0 0 0 
0 0 0 0 0 0 0 0 0 0 0 0 0 0 0 0 0 0 0 0 0 0 0 0 0 0 0 0 0 0 0 0 0 0 0 0 0 0 0 0 0 0 0 0 0 0 0 0 0 0 0 0 0 0 0 0 0 0 0 0 0 0 0 0 0 0 0 0 0 0 0 0 0 0 0 0 0 0 0 0 0 0 0 0 0 0 0 0 0 0 0 0 1 1 1 1 1 0 0 0 
0 0 0 0 0 0 0 0 0 0 0 0 0 0 0 0 0 0 0 0 0 0 0 0 0 0 0 0 0 0 0 0 0 0 0 0 0 0 0 0 0 0 0 0 0 0 0 0 0 0 0 0 0 0 0 0 0 0 0 0 0 0 0 0 0 0 0 0 0 0 0 0 0 0 0 0 0 0 0 0 0 0 0 0 0 0 0 0 0 0 0 0 0 1 1 1 1 1 0 0 
0 0 0 0 0 0 0 0 0 0 0 0 0 0 0 0 0 0 0 0 0 0 0 0 0 0 0 0 0 0 0 0 0 0 0 0 0 0 0 0 0 0 0 0 0 0 0 0 0 0 0 0 0 0 0 0 0 0 0 0 0 0 0 0 0 0 0 0 0 0 0 0 0 0 0 0 0 0 0 0 0 0 0 0 0 0 0 0 0 0 0 0 0 0 1 1 1 1 1 0 
0 0 0 0 0 0 0 0 0 0 0 0 0 0 0 0 0 0 0 0 0 0 0 0 0 0 0 0 0 0 0 0 0 0 0 0 0 0 0 0 0 0 0 0 0 0 0 0 0 0 0 0 0 0 0 0 0 0 0 0 0 0 0 0 0 0 0 0 0 0 0 0 0 0 0 0 0 0 0 0 0 0 0 0 0 0 0 0 0 0 0 0 0 0 0 1 1 1 1 1 
1 0 0 0 0 0 0 0 0 0 0 0 0 0 0 0 0 0 0 0 0 0 0 0 0 0 0 0 0 0 0 0 0 0 0 0 0 0 0 0 0 0 0 0 0 0 0 0 0 0 0 0 0 0 0 0 0 0 0 0 0 0 0 0 0 0 0 0 0 0 0 0 0 0 0 0 0 0 0 0 0 0 0 0 0 0 0 0 0 0 0 0 0 0 0 0 1 1 1 1 
1 1 0 0 0 0 0 0 0 0 0 0 0 0 0 0 0 0 0 0 0 0 0 0 0 0 0 0 0 0 0 0 0 0 0 0 0 0 0 0 0 0 0 0 0 0 0 0 0 0 0 0 0 0 0 0 0 0 0 0 0 0 0 0 0 0 0 0 0 0 0 0 0 0 0 0 0 0 0 0 0 0 0 0 0 0 0 0 0 0 0 0 0 0 0 0 0 1 1 1 
1 1 1 0 0 0 0 0 0 0 0 0 0 0 0 0 0 0 0 0 0 0 0 0 0 0 0 0 0 0 0 0 0 0 0 0 0 0 0 0 0 0 0 0 0 0 0 0 0 0 0 0 0 0 0 0 0 0 0 0 0 0 0 0 0 0 0 0 0 0 0 0 0 0 0 0 0 0 0 0 0 0 0 0 0 0 0 0 0 0 0 0 0 0 0 0 0 0 1 1 
1 1 1 1 0 0 0 0 0 0 0 0 0 0 0 0 0 0 0 0 0 0 0 0 0 0 0 0 0 0 0 0 0 0 0 0 0 0 0 0 0 0 0 0 0 0 0 0 0 0 0 0 0 0 0 0 0 0 0 0 0 0 0 0 0 0 0 0 0 0 0 0 0 0 0 0 0 0 0 0 0 0 0 0 0 0 0 0 0 0 0 0 0 0 0 0 0 0 0 1 
