Parameters
100 4
F_el
0.02297505067009 0.08964511243425 0.02934891574175 0.02906841317090 0.00150000000000 0.00180000000000 0.00150000000000 0.00190000000000 0.03406015016748 0.04314118132269 0.10530813744191 0.02759806115605 0.00150000000000 0.00190000000000 0.00160000000000 0.00200000000000 0.02574759067947 0.04262854668630 0.03658682882914 0.02624393974705 0.00150000000000 0.00190000000000 0.00160000000000 0.00200000000000 0.04375376326471 0.03527391910742 0.11496584724055 0.02555960149277 0.00160000000000 0.00200000000000 0.00160000000000 0.00210000000000 
0.00180000000000 0.02112509437539 0.00140000000000 0.01457530889813 0.00140000000000 0.01469170062377 0.00120000000000 0.00160000000000 0.01363176519540 0.02784498924508 0.00180000000000 0.01903119310979 0.00200000000000 0.03257883140603 0.00140000000000 0.01651213721529 0.02838386741754 0.02143494449586 0.01478218300900 0.11875011701821 0.00840000000000 0.03998475564401 0.00180000000000 0.02177931052147 0.00770000000000 0.00590000000000 0.05247465083419 0.01619015284933 0.04500404640195 0.02366315982837 0.01984962566777 0.04627319660883 
0.00170000000000 0.00110000000000 0.00190000000000 0.00110000000000 0.00150000000000 0.00110000000000 0.00150000000000 0.00110000000000 0.00140000000000 0.00110000000000 0.00140000000000 0.00110000000000 0.00130000000000 0.00100000000000 0.00130000000000 0.00100000000000 0.00140000000000 0.00110000000000 0.00140000000000 0.00110000000000 0.00120000000000 0.00100000000000 0.00130000000000 0.00100000000000 0.00120000000000 0.00100000000000 0.00120000000000 0.00100000000000 0.00110000000000 0.00100000000000 0.00120000000000 0.00100000000000 
0.00150000000000 0.00140000000000 0.00140000000000 0.00130000000000 0.00120000000000 0.00120000000000 0.00120000000000 0.00110000000000 0.00140000000000 0.00140000000000 0.00130000000000 0.00130000000000 0.00120000000000 0.00120000000000 0.00110000000000 0.00110000000000 0.01649826915718 0.00600000000000 0.00220000000000 0.00190000000000 0.00160000000000 0.00150000000000 0.00140000000000 0.00140000000000 0.01521103029091 0.00560000000000 0.00190000000000 0.00170000000000 0.00150000000000 0.00140000000000 0.00140000000000 0.00130000000000 
0.01520073370415 0.01936825182004 0.00160000000000 0.00220000000000 0.01571049360763 0.02407127497708 0.00160000000000 0.00230000000000 0.01579090580799 0.02624739744384 0.00170000000000 0.00720000000000 0.01643128577252 0.11016171456181 0.00170000000000 0.00770000000000 0.00250000000000 0.01975916039497 0.00160000000000 0.00200000000000 0.00260000000000 0.07299616296058 0.00160000000000 0.00210000000000 0.01523353727483 0.09088455360075 0.00170000000000 0.00230000000000 0.01571419185044 0.01851723709592 0.00170000000000 0.00240000000000 
0.00160000000000 0.00120000000000 0.00140000000000 0.00110000000000 0.00170000000000 0.00120000000000 0.00150000000000 0.00120000000000 0.00140000000000 0.00110000000000 0.00130000000000 0.00110000000000 0.00150000000000 0.00120000000000 0.00130000000000 0.00110000000000 0.01492625931971 0.00150000000000 0.00610000000000 0.00130000000000 0.01588896108276 0.00150000000000 0.00650000000000 0.00140000000000 0.00230000000000 0.00130000000000 0.00170000000000 0.00120000000000 0.00620000000000 0.00140000000000 0.00180000000000 0.00130000000000 
0.00150000000000 0.00170000000000 0.00180000000000 0.00210000000000 0.00170000000000 0.00200000000000 0.00650000000000 0.01475325938657 0.00220000000000 0.00680000000000 0.00750000000000 0.01562337128311 0.00720000000000 0.01511568575850 0.01574033418972 0.01746938444458 0.00150000000000 0.00170000000000 0.00180000000000 0.00200000000000 0.00170000000000 0.00190000000000 0.00210000000000 0.00650000000000 0.00210000000000 0.00610000000000 0.00630000000000 0.00770000000000 0.00620000000000 0.00740000000000 0.00810000000000 0.01596441492802 
0.01502712433352 0.11413601391626 0.00190000000000 0.10303471559120 0.01491266951845 0.11057623217454 0.00190000000000 0.10257668111516 0.01685553959115 0.03823857084353 0.01402115653011 0.03178848019650 0.01688937520879 0.03624867975129 0.00210000000000 0.03078595249803 0.01475338271625 0.07107008430377 0.00190000000000 0.10220343866913 0.00230000000000 0.05342158386084 0.00180000000000 0.10240586005961 0.01397436988488 0.03887291296923 0.00190000000000 0.03173399728780 0.01390863175756 0.03649541277820 0.00180000000000 0.03062452960263 
0.01551976660620 0.01666216769304 0.00670000000000 0.04111064440655 0.02006655578857 0.01756615121171 0.02243932668920 0.04489335903685 0.01695263429684 0.01778491183419 0.03485013236400 0.11087073676405 0.02203451006204 0.01984711372229 0.04242299694762 0.04909342437771 0.00240000000000 0.01485400380117 0.02611767822492 0.02846597534526 0.01691306239338 0.01719738848566 0.02931079481862 0.03236718988549 0.01504463539533 0.01639160464877 0.12754738966364 0.10383014083635 0.01957408900494 0.01717016273369 0.06153807242889 0.03945585159144 
0.00180000000000 0.00160000000000 0.00160000000000 0.00150000000000 0.00170000000000 0.00150000000000 0.00150000000000 0.00140000000000 0.02430736997833 0.04589669217793 0.02056240887890 0.10940944013936 0.02375022057298 0.03894543393709 0.02123857503067 0.02516359984172 0.00120000000000 0.00120000000000 0.00120000000000 0.00120000000000 0.00120000000000 0.00120000000000 0.00120000000000 0.00110000000000 0.01448420664016 0.01331667033377 0.00240000000000 0.00190000000000 0.01401220580618 0.00210000000000 0.00210000000000 0.00180000000000 
0.00200000000000 0.01655476442955 0.00180000000000 0.01380383558608 0.04333379465270 0.05848507575373 0.02505421282175 0.03289887802592 0.01906361475449 0.02335432725958 0.01610598189260 0.02023056555857 0.01930591495115 0.02151114021266 0.00940000000000 0.01595028658543 0.01795234696252 0.02183091417346 0.00270000000000 0.01927182277887 0.03098064643791 0.02488191396715 0.00540000000000 0.00480000000000 0.04057107517383 0.04109938109689 0.01952579940943 0.02923049265559 0.00200000000000 0.01471117413148 0.00180000000000 0.00180000000000 
0.00160000000000 0.00160000000000 0.01435214572383 0.01575702561212 0.00160000000000 0.00170000000000 0.01477721836981 0.01652641507919 0.00130000000000 0.00130000000000 0.00160000000000 0.00170000000000 0.00130000000000 0.00130000000000 0.00170000000000 0.00180000000000 0.00120000000000 0.00120000000000 0.00130000000000 0.00140000000000 0.00120000000000 0.00120000000000 0.00140000000000 0.00140000000000 0.00110000000000 0.00110000000000 0.00120000000000 0.00120000000000 0.00110000000000 0.00110000000000 0.00120000000000 0.00120000000000 
0.00220000000000 0.00170000000000 0.00140000000000 0.00130000000000 0.00140000000000 0.00130000000000 0.00120000000000 0.00110000000000 0.03360628821592 0.03688012635140 0.02040109662476 0.01679448589300 0.02028641268661 0.00480000000000 0.00170000000000 0.00150000000000 0.00190000000000 0.00160000000000 0.00140000000000 0.00130000000000 0.00130000000000 0.00120000000000 0.00120000000000 0.00110000000000 0.02556717749030 0.01703345195749 0.00710000000000 0.00260000000000 0.01544158185127 0.00220000000000 0.00160000000000 0.00140000000000 
0.00180000000000 0.00150000000000 0.00130000000000 0.00120000000000 0.00130000000000 0.00120000000000 0.00110000000000 0.00110000000000 0.00170000000000 0.00140000000000 0.00120000000000 0.00120000000000 0.00130000000000 0.00120000000000 0.00110000000000 0.00110000000000 0.00140000000000 0.00120000000000 0.00110000000000 0.00110000000000 0.00120000000000 0.00110000000000 0.00100000000000 0.00100000000000 0.00130000000000 0.00120000000000 0.00110000000000 0.00110000000000 0.00120000000000 0.00110000000000 0.00100000000000 0.00100000000000 
0.00190000000000 0.00210000000000 0.01342440220001 0.01443552353187 0.00190000000000 0.00210000000000 0.00690000000000 0.00810000000000 0.01780969980157 0.01945337993626 0.02615357122209 0.03239478229693 0.01630783224911 0.01768517165883 0.02329217690628 0.02990384584962 0.00170000000000 0.00180000000000 0.00240000000000 0.01391311550286 0.00170000000000 0.00180000000000 0.00240000000000 0.00750000000000 0.01662568319332 0.01770121069373 0.02051600400546 0.02338606751493 0.01545174029706 0.01639760825038 0.01828704835486 0.02080913126095 
0.01456536032865 0.01446961072453 0.01383769004563 0.01382727171350 0.03885940660853 0.03535273411940 0.03987122722256 0.03480760523541 0.01670905082327 0.01638707417119 0.01523474313236 0.01502242384061 0.02328361185012 0.02400820040056 0.02055932389806 0.02105991770547 0.02152564870943 0.02100464904466 0.02048214455001 0.01989256492762 0.02217146458818 0.02268003161058 0.02034414004795 0.02065729182558 0.02765285050710 0.02983446416744 0.02261387495948 0.02371569866961 0.01588386828952 0.01593219330623 0.01540944706999 0.01544894942801 
0.05122689979789 0.03229351638738 0.00150000000000 0.00150000000000 0.00720000000000 0.00580000000000 0.00210000000000 0.00220000000000 0.01696210426726 0.01313248957557 0.01450801477443 0.01361916152927 0.00150000000000 0.00150000000000 0.00760000000000 0.00470000000000 0.00200000000000 0.00190000000000 0.02060143189739 0.01709429697474 0.00130000000000 0.00130000000000 0.00260000000000 0.00250000000000 0.00140000000000 0.00130000000000 0.00330000000000 0.00280000000000 0.00110000000000 0.00110000000000 0.00150000000000 0.00150000000000 
0.01457400761238 0.00170000000000 0.01499948165700 0.00180000000000 0.01468248434235 0.00170000000000 0.01519862390465 0.00180000000000 0.10420702629192 0.02309222992795 0.03076568156515 0.03178210174938 0.10364875789182 0.02349966527852 0.02963456146346 0.03288435671509 0.01393411783493 0.00160000000000 0.01423731120714 0.00170000000000 0.01403825706287 0.00160000000000 0.01434718077004 0.00170000000000 0.10341481387629 0.02039546224310 0.03497206880172 0.02472256976989 0.10682053525866 0.02070161156732 0.03323766717010 0.02532921607654 
0.01622192730277 0.02398789583748 0.00150000000000 0.00190000000000 0.00140000000000 0.00170000000000 0.00120000000000 0.00120000000000 0.01575324435830 0.02066106977819 0.00130000000000 0.00160000000000 0.00130000000000 0.00150000000000 0.00110000000000 0.00120000000000 0.01564659696290 0.02212189340728 0.00140000000000 0.00170000000000 0.00140000000000 0.00160000000000 0.00110000000000 0.00120000000000 0.00210000000000 0.01981483463102 0.00130000000000 0.00150000000000 0.00130000000000 0.00140000000000 0.00110000000000 0.00120000000000 
0.00150000000000 0.00150000000000 0.00210000000000 0.01395924353525 0.00130000000000 0.00140000000000 0.00160000000000 0.00170000000000 0.00130000000000 0.00140000000000 0.00170000000000 0.00170000000000 0.00120000000000 0.00130000000000 0.00140000000000 0.00150000000000 0.01818540002566 0.01873727203494 0.02878483238024 0.03049671590507 0.01516888952375 0.01551994777254 0.02090610631642 0.02174065948695 0.00640000000000 0.00660000000000 0.02031296008617 0.02103433158520 0.00160000000000 0.00170000000000 0.01631075557476 0.01686397062133 
0.01468101766328 0.00130000000000 0.01510065596585 0.00130000000000 0.00230000000000 0.00130000000000 0.01386220014772 0.00130000000000 0.00200000000000 0.00130000000000 0.00210000000000 0.00130000000000 0.00180000000000 0.00120000000000 0.00190000000000 0.00120000000000 0.00140000000000 0.00110000000000 0.00140000000000 0.00110000000000 0.00130000000000 0.00110000000000 0.00140000000000 0.00110000000000 0.00130000000000 0.00110000000000 0.00130000000000 0.00110000000000 0.00130000000000 0.00110000000000 0.00130000000000 0.00110000000000 
0.02586047910290 0.00220000000000 0.11331524646619 0.01517795999230 0.02020607238371 0.00190000000000 0.03565247002908 0.01369503826179 0.00190000000000 0.01611146796241 0.00170000000000 0.01368155045518 0.00190000000000 0.01444290239484 0.00170000000000 0.00790000000000 0.00180000000000 0.01899633577161 0.00170000000000 0.01838154129760 0.00180000000000 0.01790855901373 0.00170000000000 0.01718538239338 0.00120000000000 0.00130000000000 0.00110000000000 0.00130000000000 0.00120000000000 0.00140000000000 0.00110000000000 0.00130000000000 
0.01510337543128 0.01723092802322 0.01913218830759 0.02309011280533 0.00160000000000 0.00180000000000 0.00200000000000 0.01561162692262 0.00150000000000 0.00160000000000 0.00170000000000 0.01424150306883 0.00130000000000 0.00130000000000 0.00130000000000 0.00140000000000 0.01627192268477 0.01910511045101 0.02142242547953 0.02764557743098 0.00170000000000 0.00190000000000 0.01479505211373 0.01704631081528 0.00160000000000 0.00170000000000 0.00190000000000 0.01496700931658 0.00130000000000 0.00140000000000 0.00140000000000 0.00150000000000 
0.01444582143935 0.01424151624304 0.02462536193563 0.02443500782104 0.10963533612034 0.11086139402522 0.00160000000000 0.00160000000000 0.02283293073452 0.02211010873734 0.02077863536721 0.02067086295558 0.00560000000000 0.00560000000000 0.00130000000000 0.00130000000000 0.00220000000000 0.00210000000000 0.02923548463222 0.02932394537708 0.08335533198062 0.06463821925389 0.00170000000000 0.00170000000000 0.02004434464500 0.01962085550840 0.02255378740178 0.02235683550066 0.00590000000000 0.00590000000000 0.00130000000000 0.00130000000000 
0.01936786660015 0.03568815877154 0.00140000000000 0.00630000000000 0.00540000000000 0.00160000000000 0.01801971097240 0.03539001198462 0.01587228278243 0.00150000000000 0.01708483950390 0.06684413075186 0.00130000000000 0.00110000000000 0.02526918319049 0.00170000000000 0.00150000000000 0.01363559366847 0.00110000000000 0.00130000000000 0.02421067230745 0.00630000000000 0.00140000000000 0.00200000000000 0.02835381755515 0.00650000000000 0.00150000000000 0.00700000000000 0.00180000000000 0.00140000000000 0.02214331583536 0.01587697567838 
0.00150000000000 0.01538190092817 0.01744609110676 0.00630000000000 0.00150000000000 0.01537527544535 0.01743800238615 0.00630000000000 0.00120000000000 0.00150000000000 0.00150000000000 0.01655701189853 0.00120000000000 0.00150000000000 0.00150000000000 0.01654971609619 0.00150000000000 0.01569078463336 0.01784829469780 0.00600000000000 0.00150000000000 0.01559629498632 0.01775340720377 0.00610000000000 0.00120000000000 0.00150000000000 0.00150000000000 0.01729850527122 0.00120000000000 0.00150000000000 0.00150000000000 0.01720542212132 
0.01627786746218 0.03772364995012 0.00200000000000 0.01840295509506 0.01777484423421 0.10931494364671 0.01363503724443 0.02047207713694 0.00660000000000 0.01944115004185 0.00160000000000 0.01511331886181 0.01469764861643 0.02193288069963 0.00170000000000 0.01606436493702 0.02030016625612 0.11468285768595 0.01555993797865 0.02360570422065 0.02289705496297 0.11558308226376 0.01661832658933 0.02750942297013 0.01609228773012 0.02535238676084 0.00600000000000 0.01779343540472 0.01726195031479 0.02994777085507 0.00620000000000 0.01926013321240 
0.03524437731750 0.00180000000000 0.01843568008207 0.00620000000000 0.00250000000000 0.00120000000000 0.00750000000000 0.00140000000000 0.01987357835930 0.00180000000000 0.01458273318153 0.00230000000000 0.00220000000000 0.00130000000000 0.00640000000000 0.00140000000000 0.05245339014880 0.00170000000000 0.01793212476264 0.00210000000000 0.00210000000000 0.00120000000000 0.00740000000000 0.00130000000000 0.01947461563200 0.00160000000000 0.01413405008033 0.00200000000000 0.00200000000000 0.00120000000000 0.00290000000000 0.00130000000000 
0.02795600712828 0.01727500128898 0.01830521077698 0.00170000000000 0.02318646388838 0.00230000000000 0.00620000000000 0.00140000000000 0.02112001700650 0.00860000000000 0.00760000000000 0.00450000000000 0.02181522055979 0.00540000000000 0.00470000000000 0.00130000000000 0.01642063756209 0.03855101040539 0.05692270997505 0.01881990709797 0.01773427549843 0.10450920847894 0.03950812923608 0.00600000000000 0.05110149582927 0.01924265403057 0.01711729342426 0.00750000000000 0.03517791695736 0.01695850676904 0.01618334751703 0.00460000000000 
0.00170000000000 0.00220000000000 0.00170000000000 0.00210000000000 0.00230000000000 0.00400000000000 0.00230000000000 0.00370000000000 0.01499381251759 0.01798449235677 0.01467197286170 0.01744710339812 0.00480000000000 0.02183207445574 0.00430000000000 0.02162346275782 0.00160000000000 0.00190000000000 0.00160000000000 0.00190000000000 0.00210000000000 0.00300000000000 0.00210000000000 0.00290000000000 0.01434239387271 0.01669276284257 0.00220000000000 0.01624926214542 0.00340000000000 0.02581189574672 0.00320000000000 0.02579330767304 
0.00150000000000 0.00170000000000 0.00140000000000 0.00170000000000 0.02017437920812 0.02615618113543 0.02068315219759 0.02424816698580 0.01857410377424 0.02754501428100 0.01986146495133 0.02535459364988 0.02284955588950 0.01978777874427 0.03223919394087 0.02639875227225 0.00150000000000 0.00170000000000 0.00140000000000 0.00170000000000 0.02017952181141 0.02615967740765 0.02068549795778 0.02424940128309 0.01866044235607 0.02755346279495 0.01986624796649 0.02535731823101 0.02285461012395 0.01979186107769 0.03224683439326 0.02630811269132 
0.01980032663888 0.00170000000000 0.02143586614797 0.00270000000000 0.00130000000000 0.00110000000000 0.00160000000000 0.00130000000000 0.01574931254935 0.00160000000000 0.01624808118236 0.00250000000000 0.00130000000000 0.00110000000000 0.00160000000000 0.00130000000000 0.02214903285649 0.00180000000000 0.01884969632769 0.00320000000000 0.00140000000000 0.00110000000000 0.00170000000000 0.00130000000000 0.01660746778786 0.00170000000000 0.01506599937516 0.00290000000000 0.00130000000000 0.00110000000000 0.00170000000000 0.00130000000000 
0.02080660852304 0.01732477849007 0.01702744467905 0.02391761968797 0.02833816285062 0.01812648754148 0.02207122735405 0.02037803546784 0.00160000000000 0.05716521891737 0.00140000000000 0.02175452356653 0.01590396923402 0.02822244632496 0.01570409799796 0.02195917824076 0.01371019906139 0.00140000000000 0.01875062334751 0.00150000000000 0.01640199892317 0.00460000000000 0.01792222405673 0.00470000000000 0.10212194458744 0.01359256751581 0.02372628805952 0.01730517505300 0.03405955907463 0.00800000000000 0.03110531509154 0.00960000000000 
0.08790372458860 0.01513188295613 0.00940000000000 0.00200000000000 0.02718391027485 0.01652673604857 0.00280000000000 0.00240000000000 0.02925523730166 0.00220000000000 0.00730000000000 0.00170000000000 0.10388967232503 0.00710000000000 0.00890000000000 0.00200000000000 0.00190000000000 0.02091712689216 0.00150000000000 0.00230000000000 0.00160000000000 0.01659326497791 0.00140000000000 0.00190000000000 0.01462846371940 0.03508042818706 0.00160000000000 0.00300000000000 0.00190000000000 0.02101115252974 0.00150000000000 0.00230000000000 
0.01878513910911 0.01728043290152 0.02018637579890 0.01829814492101 0.00150000000000 0.00150000000000 0.00700000000000 0.00590000000000 0.08709341289039 0.06029207260892 0.01443543769599 0.00220000000000 0.00210000000000 0.00200000000000 0.10334451304320 0.06156061708733 0.01643173443844 0.01535179847090 0.02022909202502 0.01834246318782 0.00150000000000 0.00150000000000 0.00580000000000 0.00360000000000 0.03057693673669 0.02657920414436 0.01426576869864 0.00750000000000 0.00190000000000 0.00190000000000 0.02907058720252 0.02419780949042 
0.02041339720745 0.01272206919813 0.01522127032130 0.02645145105312 0.00190000000000 0.00140000000000 0.02642729674811 0.01995714404687 0.00630000000000 0.00160000000000 0.01527243107381 0.02029967551637 0.00160000000000 0.00130000000000 0.01784083059604 0.00720000000000 0.00160000000000 0.00130000000000 0.03521392271924 0.01640027422338 0.00130000000000 0.00110000000000 0.00670000000000 0.00160000000000 0.00140000000000 0.00120000000000 0.00760000000000 0.00220000000000 0.00120000000000 0.00110000000000 0.00200000000000 0.00140000000000 
0.00720000000000 0.00690000000000 0.00120000000000 0.00120000000000 0.00640000000000 0.00230000000000 0.00120000000000 0.00120000000000 0.01492734714222 0.01472302357807 0.00120000000000 0.00120000000000 0.00700000000000 0.00680000000000 0.00120000000000 0.00120000000000 0.01853072406484 0.01822210592136 0.00120000000000 0.00120000000000 0.01707810734185 0.01676623523458 0.00120000000000 0.00120000000000 0.01955054547637 0.01914976090018 0.00120000000000 0.00120000000000 0.01793167072651 0.01761980273987 0.00120000000000 0.00120000000000 
0.00150000000000 0.00110000000000 0.00160000000000 0.00120000000000 0.00140000000000 0.00110000000000 0.00150000000000 0.00120000000000 0.00150000000000 0.00110000000000 0.00180000000000 0.00120000000000 0.00140000000000 0.00110000000000 0.00160000000000 0.00120000000000 0.00110000000000 0.00100000000000 0.00110000000000 0.00100000000000 0.00110000000000 0.00100000000000 0.00110000000000 0.00100000000000 0.00110000000000 0.00100000000000 0.00120000000000 0.00100000000000 0.00110000000000 0.00100000000000 0.00110000000000 0.00100000000000 
0.03374409906545 0.03653156316845 0.02132162963300 0.03830989340878 0.02883485226814 0.02223418525675 0.01523787363827 0.01844375424533 0.00200000000000 0.00180000000000 0.01385450405508 0.00240000000000 0.00190000000000 0.00170000000000 0.00260000000000 0.00230000000000 0.01871140479013 0.02632090786781 0.00220000000000 0.01462988505738 0.00740000000000 0.01654203875746 0.00190000000000 0.00210000000000 0.01504851164729 0.01508675046389 0.02618394414592 0.02152094882093 0.00740000000000 0.00680000000000 0.02168140023951 0.01311318322521 
0.01413352297031 0.01402849345287 0.01701312317511 0.01669124987339 0.01616982895318 0.01585103098838 0.02033426053365 0.01971057164195 0.00190000000000 0.00190000000000 0.01602581859813 0.00210000000000 0.01518847253496 0.01498474100582 0.01855007499921 0.01813852719415 0.01700638796541 0.01656633945059 0.02272506765239 0.02167550030283 0.02263646568202 0.02118769142338 0.10268685267144 0.10216332706113 0.01555937717422 0.01525487150899 0.01976149816155 0.01924264953672 0.01897527417985 0.01827013884582 0.02783034407961 0.02531184574462 
0.00140000000000 0.00140000000000 0.02944657626513 0.01918087237360 0.00120000000000 0.00120000000000 0.01761062978430 0.01411791103563 0.00140000000000 0.00140000000000 0.02523436512065 0.01742324341525 0.00120000000000 0.00120000000000 0.01697794767318 0.01312682576277 0.01678832809579 0.00760000000000 0.02097261575199 0.00190000000000 0.00190000000000 0.00180000000000 0.07471866143278 0.06805228912925 0.01583204258982 0.00710000000000 0.02080381607708 0.00210000000000 0.00180000000000 0.00170000000000 0.08440865872131 0.07673154122219 
0.00200000000000 0.00140000000000 0.00170000000000 0.00130000000000 0.01821587763445 0.00630000000000 0.01555330744990 0.00600000000000 0.00120000000000 0.00110000000000 0.00120000000000 0.00110000000000 0.00160000000000 0.00130000000000 0.00150000000000 0.00130000000000 0.01943197169631 0.00670000000000 0.01622101654309 0.00180000000000 0.08215970684905 0.01991568975864 0.04351558743540 0.01669308881581 0.00150000000000 0.00130000000000 0.00140000000000 0.00120000000000 0.00620000000000 0.00180000000000 0.00570000000000 0.00160000000000 
0.11301017709014 0.02154224683884 0.02103189740856 0.01680672610793 0.01665912827327 0.00180000000000 0.00610000000000 0.00150000000000 0.02205257781768 0.02432951282391 0.02629189755269 0.01721824880853 0.01823203883018 0.01346603945536 0.01334185294974 0.00170000000000 0.02778961714970 0.01850915635640 0.01823655179367 0.01000000000000 0.01540855725838 0.00160000000000 0.00170000000000 0.00140000000000 0.03801654951433 0.02005224456239 0.02021063792198 0.01384325073287 0.01669399848523 0.01288062079561 0.00620000000000 0.00150000000000 
0.00200000000000 0.00150000000000 0.02103681791521 0.02741171333568 0.00150000000000 0.00130000000000 0.10416004521382 0.01738465100268 0.10470425129182 0.01481755313560 0.00150000000000 0.00590000000000 0.00290000000000 0.00180000000000 0.00670000000000 0.01779549474391 0.02492885247437 0.01419540402427 0.00160000000000 0.00680000000000 0.00660000000000 0.00180000000000 0.01620454733142 0.02165886848050 0.00220000000000 0.01739480211615 0.00120000000000 0.00130000000000 0.01778467447645 0.02845304972184 0.00140000000000 0.00180000000000 
0.00140000000000 0.00230000000000 0.00130000000000 0.00160000000000 0.00170000000000 0.01762586118168 0.00140000000000 0.00210000000000 0.00120000000000 0.00140000000000 0.00110000000000 0.00130000000000 0.00130000000000 0.00170000000000 0.00120000000000 0.00140000000000 0.00170000000000 0.00320000000000 0.00140000000000 0.00190000000000 0.00220000000000 0.05285777705467 0.00170000000000 0.00300000000000 0.00130000000000 0.00160000000000 0.00120000000000 0.00140000000000 0.00150000000000 0.00210000000000 0.00130000000000 0.00160000000000 
0.00150000000000 0.00180000000000 0.00120000000000 0.00130000000000 0.00110000000000 0.00110000000000 0.00100000000000 0.00100000000000 0.00160000000000 0.00200000000000 0.00120000000000 0.00130000000000 0.00110000000000 0.00120000000000 0.00100000000000 0.00110000000000 0.00130000000000 0.00140000000000 0.00110000000000 0.00120000000000 0.00100000000000 0.00110000000000 0.00100000000000 0.00100000000000 0.00130000000000 0.00150000000000 0.00110000000000 0.00120000000000 0.00100000000000 0.00110000000000 0.00100000000000 0.00100000000000 
0.00170000000000 0.00170000000000 0.10905633122580 0.10679751456880 0.00160000000000 0.00160000000000 0.03262574895859 0.03344200909081 0.00660000000000 0.00660000000000 0.02244412110486 0.02224528759568 0.00610000000000 0.00610000000000 0.10510508110174 0.10046397701632 0.02964823164868 0.03086223418922 0.00560000000000 0.00560000000000 0.01746881221421 0.01767643872249 0.01927829121123 0.01918157948624 0.02248654468330 0.02217867170158 0.00150000000000 0.00150000000000 0.02667389410642 0.02736735717580 0.00900000000000 0.00900000000000 
0.00170000000000 0.02045647751881 0.00140000000000 0.00240000000000 0.01922099929805 0.10188424223073 0.00200000000000 0.10006541974040 0.04831838570238 0.01364482316115 0.01881288978722 0.01912910551630 0.10156971813426 0.00140000000000 0.05121288498358 0.00150000000000 0.00110000000000 0.00140000000000 0.00110000000000 0.00120000000000 0.00130000000000 0.00200000000000 0.00120000000000 0.00150000000000 0.00160000000000 0.01577634959320 0.00130000000000 0.00210000000000 0.01688508594489 0.00630000000000 0.00180000000000 0.00780000000000 
0.02236970824926 0.07106349776556 0.10239985964543 0.02268335397114 0.10370815647346 0.02501298593841 0.02193831944924 0.01844833884930 0.00150000000000 0.00700000000000 0.01539110154055 0.02732721685040 0.00190000000000 0.01678110895817 0.02380636514379 0.06055642503483 0.02418544840407 0.01979017645522 0.01767464947407 0.01623583268165 0.01904131813778 0.01747204664956 0.00170000000000 0.00160000000000 0.01563212268993 0.03133206855856 0.04941483350597 0.01651391069882 0.02360707321178 0.02218472367940 0.00890000000000 0.00790000000000 
0.00200000000000 0.00130000000000 0.07698491576025 0.00210000000000 0.00180000000000 0.00120000000000 0.03535219414888 0.00180000000000 0.01852508082768 0.00150000000000 0.02514947801063 0.01813068323432 0.01660169620250 0.00140000000000 0.02784732903372 0.01630168868997 0.02726863967971 0.00180000000000 0.02315633979356 0.02682648858628 0.02379240156419 0.00170000000000 0.02884298919953 0.02338452274623 0.05054372896772 0.01707661392904 0.01634511055737 0.03667416464439 0.05828284918931 0.01568342978607 0.01661723569665 0.04736548562195 
0.02050772731325 0.00200000000000 0.03181895346337 0.01541914641204 0.02401183847980 0.01413376209935 0.05019144495521 0.01661328594794 0.04754261102472 0.01831984636450 0.05305071543293 0.02339804958947 0.10333434011795 0.02018091819269 0.03994448310522 0.02716796337994 0.05001947402302 0.01969732016394 0.03097260520441 0.02736603623459 0.03561103113590 0.02227752023969 0.02782258029952 0.03462853403076 0.03129260038674 0.03629605999217 0.02047758052989 0.05670319705778 0.02708230444570 0.05025121932458 0.01713931063157 0.04352317887412 
0.01584619973493 0.01884099488565 0.03464526269840 0.10294683595345 0.00180000000000 0.00220000000000 0.01660300416757 0.02122118050475 0.00150000000000 0.00160000000000 0.00220000000000 0.01510657768869 0.00130000000000 0.00140000000000 0.00150000000000 0.00170000000000 0.10621437225314 0.05345850968785 0.01768593600783 0.01726857719728 0.01443051612241 0.01944864381901 0.01814988213920 0.01607376477916 0.00190000000000 0.00240000000000 0.01714806435127 0.02445879717027 0.00150000000000 0.00160000000000 0.00210000000000 0.00750000000000 
0.00210000000000 0.03586808216910 0.03753385693638 0.02115098000259 0.00120000000000 0.00170000000000 0.00200000000000 0.03089395212613 0.00160000000000 0.01920240655566 0.02326182039668 0.02853634201394 0.00120000000000 0.00150000000000 0.00160000000000 0.02019537345105 0.00860000000000 0.01757994905817 0.02577311261469 0.00900000000000 0.00150000000000 0.00300000000000 0.00970000000000 0.03061506076989 0.00270000000000 0.02508866171259 0.04417093933569 0.01655390396649 0.00130000000000 0.00200000000000 0.00260000000000 0.05364685443776 
0.00150000000000 0.00200000000000 0.00140000000000 0.00170000000000 0.00190000000000 0.00340000000000 0.00160000000000 0.00260000000000 0.00150000000000 0.00200000000000 0.00130000000000 0.00170000000000 0.00190000000000 0.00330000000000 0.00160000000000 0.00250000000000 0.00140000000000 0.00180000000000 0.00130000000000 0.00160000000000 0.00170000000000 0.00270000000000 0.00150000000000 0.00210000000000 0.00140000000000 0.00180000000000 0.00130000000000 0.00160000000000 0.00170000000000 0.00270000000000 0.00150000000000 0.00210000000000 
0.02245904618709 0.05372525118314 0.02419648480502 0.03179355501925 0.05372204557541 0.02161937022604 0.03664380378209 0.02038776870806 0.00190000000000 0.00240000000000 0.00210000000000 0.00260000000000 0.01589694556821 0.01708024524380 0.01669527419550 0.02002719645653 0.00200000000000 0.00260000000000 0.00230000000000 0.00650000000000 0.02149868511756 0.03828356126003 0.02244547729629 0.04468360624792 0.00140000000000 0.00150000000000 0.00140000000000 0.00160000000000 0.00170000000000 0.00190000000000 0.00170000000000 0.00200000000000 
0.02000450346580 0.02000576814280 0.02883686379020 0.02883455972328 0.00210000000000 0.00210000000000 0.03202760508316 0.03203088874192 0.00130000000000 0.00130000000000 0.01921693929000 0.01921728343578 0.00120000000000 0.00120000000000 0.00150000000000 0.00150000000000 0.05728248616494 0.05707520705274 0.01988920783081 0.01988852763949 0.01542519697037 0.01542636961525 0.02103404631100 0.02103282136807 0.00170000000000 0.00170000000000 0.02489009701772 0.02489101395862 0.00130000000000 0.00130000000000 0.01526396871637 0.01526452568069 
0.10545677741690 0.02207336503573 0.01708327638208 0.00650000000000 0.01805293959366 0.00210000000000 0.00180000000000 0.00150000000000 0.02216516708052 0.04008040318700 0.02575414720032 0.01595981285766 0.02327848040936 0.01613052446724 0.00700000000000 0.00190000000000 0.02107483790169 0.01640077233947 0.01306028048645 0.00210000000000 0.01320719561345 0.00170000000000 0.00160000000000 0.00140000000000 0.03747289384606 0.02019521185669 0.01707700201929 0.00770000000000 0.01696536105835 0.00770000000000 0.00230000000000 0.00160000000000 
0.02400965383367 0.10228969516470 0.00170000000000 0.03464437845553 0.10275167118602 0.10318728379946 0.00150000000000 0.00540000000000 0.01862916953480 0.00200000000000 0.00190000000000 0.02235234717960 0.10253233944126 0.03594575677683 0.00160000000000 0.00540000000000 0.00210000000000 0.00150000000000 0.02547578802235 0.10946682816966 0.01550452887569 0.00170000000000 0.00580000000000 0.04626157323151 0.00160000000000 0.00130000000000 0.02389696155575 0.05508332775146 0.00190000000000 0.00150000000000 0.00600000000000 0.05559697430368 
0.03524698537716 0.01553822948425 0.01307712407100 0.00150000000000 0.02360411231131 0.00190000000000 0.00170000000000 0.00130000000000 0.10389488787862 0.01703916664254 0.01513976231005 0.00160000000000 0.10273925113376 0.00220000000000 0.00190000000000 0.00140000000000 0.02399818624976 0.02296854785553 0.01761541166301 0.00600000000000 0.10582605473276 0.01756067811348 0.01479029703311 0.00150000000000 0.02020666619851 0.02989252562203 0.01959391058463 0.00630000000000 0.10257690337728 0.02089562849073 0.01594934630751 0.00160000000000 
0.01436151468922 0.01468217424599 0.02017298201182 0.02068247294848 0.00140000000000 0.01632638692589 0.00200000000000 0.03087561551291 0.00140000000000 0.01548092765631 0.00590000000000 0.02710234362882 0.00110000000000 0.00150000000000 0.00130000000000 0.00230000000000 0.00150000000000 0.02556632604787 0.01582854982185 0.04534648185516 0.00120000000000 0.00170000000000 0.00140000000000 0.01790849435965 0.00120000000000 0.00170000000000 0.00140000000000 0.01799258260578 0.00110000000000 0.00120000000000 0.00110000000000 0.00150000000000 
0.00150000000000 0.00150000000000 0.00130000000000 0.00130000000000 0.02962794016392 0.03263782144128 0.01556379788972 0.01746746678874 0.00170000000000 0.00180000000000 0.00140000000000 0.00140000000000 0.02681613011364 0.02392439037862 0.02077142364101 0.02242084167689 0.00130000000000 0.00130000000000 0.00120000000000 0.00120000000000 0.01728180890308 0.01705729156208 0.00170000000000 0.00180000000000 0.00140000000000 0.00140000000000 0.00120000000000 0.00120000000000 0.02052453492692 0.02244142853549 0.00220000000000 0.00240000000000 
0.01610826121706 0.00140000000000 0.00120000000000 0.00110000000000 0.00140000000000 0.00110000000000 0.00110000000000 0.00100000000000 0.01515411570718 0.00140000000000 0.00120000000000 0.00110000000000 0.00140000000000 0.00110000000000 0.00110000000000 0.00100000000000 0.00180000000000 0.00120000000000 0.00110000000000 0.00100000000000 0.00120000000000 0.00110000000000 0.00100000000000 0.00100000000000 0.00170000000000 0.00120000000000 0.00110000000000 0.00100000000000 0.00120000000000 0.00110000000000 0.00100000000000 0.00100000000000 
0.00150000000000 0.00120000000000 0.00150000000000 0.00120000000000 0.02040076208002 0.00180000000000 0.01992147323993 0.00170000000000 0.00120000000000 0.00110000000000 0.00120000000000 0.00110000000000 0.00220000000000 0.00130000000000 0.00210000000000 0.00130000000000 0.00200000000000 0.00130000000000 0.00200000000000 0.00130000000000 0.06220435953385 0.01360976447379 0.06195005087035 0.01350027503867 0.00140000000000 0.00110000000000 0.00140000000000 0.00110000000000 0.01579149464941 0.00150000000000 0.01547439208536 0.00150000000000 
0.00220000000000 0.00160000000000 0.04039458865616 0.00630000000000 0.00160000000000 0.00130000000000 0.02295173874166 0.00200000000000 0.00210000000000 0.00150000000000 0.06179948214091 0.00350000000000 0.00150000000000 0.00130000000000 0.02209600983427 0.00190000000000 0.00180000000000 0.00140000000000 0.06823467700025 0.00250000000000 0.00140000000000 0.00130000000000 0.00240000000000 0.00170000000000 0.00170000000000 0.00140000000000 0.10213903454315 0.00240000000000 0.00140000000000 0.00130000000000 0.00240000000000 0.00170000000000 
0.00140000000000 0.00170000000000 0.00150000000000 0.00190000000000 0.00110000000000 0.00120000000000 0.00110000000000 0.00120000000000 0.00140000000000 0.00170000000000 0.00150000000000 0.00180000000000 0.00110000000000 0.00120000000000 0.00110000000000 0.00120000000000 0.00150000000000 0.00180000000000 0.00160000000000 0.01692661871381 0.00110000000000 0.00120000000000 0.00110000000000 0.00120000000000 0.00140000000000 0.00170000000000 0.00150000000000 0.00200000000000 0.00110000000000 0.00110000000000 0.00110000000000 0.00120000000000 
0.00190000000000 0.00200000000000 0.00150000000000 0.00160000000000 0.00150000000000 0.00150000000000 0.00130000000000 0.00130000000000 0.00170000000000 0.00180000000000 0.00150000000000 0.00150000000000 0.00140000000000 0.00140000000000 0.00130000000000 0.00130000000000 0.00160000000000 0.00160000000000 0.00140000000000 0.00140000000000 0.00130000000000 0.00130000000000 0.00120000000000 0.00120000000000 0.00150000000000 0.00150000000000 0.00130000000000 0.00130000000000 0.00130000000000 0.00130000000000 0.00120000000000 0.00120000000000 
0.10747757546409 0.01650964945376 0.11073362091551 0.01907857762164 0.06640520561100 0.01549143913149 0.04177524416204 0.01841481998888 0.01609707618023 0.02706726992751 0.01563584123849 0.02436458991122 0.01535827665695 0.02313334279655 0.01499721142668 0.02118430183098 0.00150000000000 0.00130000000000 0.00170000000000 0.00130000000000 0.00150000000000 0.00130000000000 0.00160000000000 0.00130000000000 0.02787004307416 0.00170000000000 0.03291320120579 0.00180000000000 0.02646818626129 0.00170000000000 0.04494371173176 0.00180000000000 
0.00220000000000 0.01448101144554 0.00140000000000 0.00160000000000 0.01860499034814 0.02858720206715 0.00170000000000 0.00220000000000 0.01831851464158 0.02486303739779 0.00170000000000 0.00210000000000 0.11258222222854 0.02150542976795 0.00240000000000 0.01294193390129 0.00130000000000 0.00150000000000 0.00120000000000 0.00120000000000 0.00160000000000 0.00190000000000 0.00130000000000 0.00140000000000 0.00150000000000 0.00190000000000 0.00120000000000 0.00140000000000 0.00210000000000 0.01607767491887 0.00140000000000 0.00160000000000 
0.00160000000000 0.01597649933113 0.00120000000000 0.00120000000000 0.01783995031527 0.02812356164349 0.00160000000000 0.01260371829125 0.00130000000000 0.00140000000000 0.00110000000000 0.00110000000000 0.00600000000000 0.01871968446641 0.00130000000000 0.00140000000000 0.00140000000000 0.00150000000000 0.00110000000000 0.00110000000000 0.00740000000000 0.02449696269752 0.00150000000000 0.00150000000000 0.00120000000000 0.00130000000000 0.00110000000000 0.00110000000000 0.00200000000000 0.01598986859332 0.00120000000000 0.00130000000000 
0.01487524756993 0.10276250589982 0.03420949652881 0.00160000000000 0.02134201403050 0.02133037558033 0.01438683508639 0.00140000000000 0.01298797393597 0.02653088407606 0.03003055169772 0.01329108873423 0.01664348124621 0.03721847612322 0.01723382311588 0.00180000000000 0.01477822026167 0.06094929228392 0.03432009055213 0.00160000000000 0.02104073454059 0.02164424758858 0.01441903234571 0.00140000000000 0.01296305841613 0.02612033155583 0.03025197097052 0.01331329080796 0.01660541924965 0.03833403320612 0.01728154343619 0.00180000000000 
0.00150000000000 0.01784932789161 0.00300000000000 0.01577300396426 0.00170000000000 0.02700707723016 0.02241953657088 0.01601257245269 0.00150000000000 0.02318801187886 0.00630000000000 0.00230000000000 0.00170000000000 0.04597239618071 0.02046709718872 0.01421172792507 0.00140000000000 0.01745676491062 0.00260000000000 0.01628047752769 0.00160000000000 0.02769482938914 0.01672007044053 0.01603498117679 0.00150000000000 0.02316940375737 0.00290000000000 0.00210000000000 0.00170000000000 0.04009903029029 0.02933086677367 0.00210000000000 
0.00160000000000 0.00130000000000 0.00150000000000 0.00120000000000 0.00150000000000 0.00120000000000 0.00140000000000 0.00120000000000 0.00150000000000 0.00130000000000 0.00140000000000 0.00120000000000 0.00150000000000 0.00120000000000 0.00140000000000 0.00120000000000 0.01541697357103 0.00160000000000 0.01367626790828 0.00150000000000 0.01495696301174 0.00160000000000 0.00630000000000 0.00150000000000 0.00270000000000 0.00160000000000 0.01402521663360 0.00150000000000 0.00230000000000 0.00150000000000 0.00220000000000 0.00140000000000 
0.01794383452301 0.03492614682601 0.01586676546600 0.03054945552419 0.01802906630737 0.03586310560984 0.01584284080171 0.03104665712170 0.02316212441865 0.03374454999805 0.01966838583574 0.05666015465260 0.02336651269637 0.03409004489097 0.01984658770292 0.05930064387508 0.01817773634748 0.02243605342273 0.01663040886062 0.02411492771197 0.01817160461843 0.02274304711489 0.01652577373404 0.02446419324215 0.02133748618671 0.03260705851213 0.01927841580378 0.03055659564924 0.02143120178204 0.03333428465125 0.01936893229766 0.03105222091717 
0.01804892177299 0.01856834762249 0.00250000000000 0.00250000000000 0.01794408875339 0.01846468444159 0.00250000000000 0.00250000000000 0.01801790796905 0.01865590711369 0.00260000000000 0.00270000000000 0.01790644209238 0.01854616222147 0.00260000000000 0.00270000000000 0.02563674137700 0.02664720348464 0.02729386752723 0.00700000000000 0.02533273586775 0.02634729871994 0.02697942908271 0.00700000000000 0.03758962724375 0.04239419330935 0.00790000000000 0.00800000000000 0.03647693785310 0.04061420459994 0.00790000000000 0.00790000000000 
0.00200000000000 0.00180000000000 0.00160000000000 0.00160000000000 0.00930000000000 0.00190000000000 0.00160000000000 0.00150000000000 0.00140000000000 0.00140000000000 0.00130000000000 0.00130000000000 0.00140000000000 0.00130000000000 0.00130000000000 0.00120000000000 0.00890000000000 0.00940000000000 0.00550000000000 0.00580000000000 0.00760000000000 0.00790000000000 0.00770000000000 0.00500000000000 0.00160000000000 0.00150000000000 0.00140000000000 0.00130000000000 0.00460000000000 0.00480000000000 0.00150000000000 0.00130000000000 
0.02029451731333 0.04618191772206 0.00170000000000 0.00210000000000 0.03754019336404 0.02443132649154 0.00200000000000 0.01436108377666 0.00180000000000 0.00250000000000 0.00130000000000 0.00150000000000 0.00240000000000 0.00910000000000 0.00150000000000 0.00170000000000 0.00670000000000 0.00560000000000 0.00250000000000 0.00450000000000 0.00570000000000 0.00190000000000 0.00560000000000 0.00230000000000 0.00430000000000 0.00220000000000 0.00160000000000 0.00210000000000 0.00240000000000 0.00170000000000 0.00200000000000 0.00310000000000 
0.00140000000000 0.00160000000000 0.00110000000000 0.00110000000000 0.00140000000000 0.00160000000000 0.00110000000000 0.00110000000000 0.00120000000000 0.00130000000000 0.00100000000000 0.00110000000000 0.00120000000000 0.00140000000000 0.00100000000000 0.00110000000000 0.00130000000000 0.00140000000000 0.00100000000000 0.00110000000000 0.00130000000000 0.00140000000000 0.00100000000000 0.00110000000000 0.00120000000000 0.00120000000000 0.00100000000000 0.00100000000000 0.00120000000000 0.00120000000000 0.00100000000000 0.00100000000000 
0.00180000000000 0.00140000000000 0.00160000000000 0.00140000000000 0.01586595194105 0.00610000000000 0.00730000000000 0.00220000000000 0.00160000000000 0.00130000000000 0.00140000000000 0.00120000000000 0.00810000000000 0.00490000000000 0.00960000000000 0.00540000000000 0.00140000000000 0.00130000000000 0.00140000000000 0.00120000000000 0.00610000000000 0.00170000000000 0.00210000000000 0.00160000000000 0.00130000000000 0.00120000000000 0.00120000000000 0.00110000000000 0.00490000000000 0.00160000000000 0.00190000000000 0.00140000000000 
0.00170000000000 0.00170000000000 0.00120000000000 0.00120000000000 0.00160000000000 0.00160000000000 0.00120000000000 0.00120000000000 0.00110000000000 0.00110000000000 0.00100000000000 0.00100000000000 0.00110000000000 0.00110000000000 0.00100000000000 0.00100000000000 0.00200000000000 0.00190000000000 0.00120000000000 0.00120000000000 0.00630000000000 0.00180000000000 0.00120000000000 0.00120000000000 0.00120000000000 0.00120000000000 0.00100000000000 0.00100000000000 0.00110000000000 0.00110000000000 0.00100000000000 0.00100000000000 
0.01564970053804 0.00620000000000 0.03894073346601 0.01792830094075 0.00180000000000 0.00430000000000 0.02661514987581 0.02495415926358 0.01408332993340 0.00600000000000 0.04903985512675 0.01798122907541 0.00190000000000 0.00490000000000 0.02419693703752 0.02470471934753 0.02870457037792 0.00480000000000 0.02006549182745 0.00680000000000 0.01863476431053 0.00530000000000 0.03504848832098 0.00890000000000 0.02929843393874 0.00200000000000 0.01825948620734 0.00430000000000 0.01692091386332 0.00520000000000 0.03077045223389 0.00700000000000 
0.00720000000000 0.00320000000000 0.00230000000000 0.00290000000000 0.00180000000000 0.00240000000000 0.00170000000000 0.00230000000000 0.00730000000000 0.00340000000000 0.00660000000000 0.00300000000000 0.00190000000000 0.00250000000000 0.00180000000000 0.00230000000000 0.00190000000000 0.00250000000000 0.00180000000000 0.00230000000000 0.00160000000000 0.00210000000000 0.00160000000000 0.00200000000000 0.00200000000000 0.00260000000000 0.00190000000000 0.00240000000000 0.00170000000000 0.00210000000000 0.00160000000000 0.00200000000000 
0.01990607955345 0.01940408642169 0.01990769899554 0.01948953696914 0.02706775957314 0.02532036423599 0.02707198018642 0.02532392236804 0.00190000000000 0.00180000000000 0.00190000000000 0.00180000000000 0.00630000000000 0.00620000000000 0.00630000000000 0.00620000000000 0.01925286414599 0.01968221490554 0.01925365611647 0.01968300551829 0.01486658101797 0.01507791596549 0.01486718241335 0.01507853704048 0.02414301730863 0.02301896973191 0.02423212291031 0.02302194641385 0.14855961765407 0.12066967499421 0.14976468942852 0.12096443615929 
0.02830805022361 0.10271482657348 0.02226419441195 0.10209951011010 0.00730000000000 0.01871286426246 0.01471136257739 0.01982959049036 0.01660213683703 0.01958186039687 0.01498296914680 0.01777874998576 0.01867195296903 0.03398881691770 0.02022038427300 0.10448616298682 0.02576051334622 0.10237949295416 0.02090664397126 0.02792205699239 0.01460200112311 0.01912736631802 0.01491891190328 0.02053627359338 0.01606439774629 0.01886077367118 0.01456589216750 0.01724759854584 0.01920970029688 0.04107354443109 0.02124375901573 0.10513097481002 
0.04546264092572 0.02100842683583 0.00150000000000 0.00130000000000 0.02970969154503 0.02719125071334 0.00170000000000 0.00140000000000 0.00160000000000 0.00130000000000 0.00110000000000 0.00110000000000 0.00210000000000 0.00150000000000 0.00120000000000 0.00110000000000 0.00190000000000 0.00140000000000 0.00110000000000 0.00110000000000 0.01365568682991 0.00160000000000 0.00120000000000 0.00110000000000 0.00120000000000 0.00110000000000 0.00100000000000 0.00100000000000 0.00130000000000 0.00110000000000 0.00100000000000 0.00100000000000 
0.01750247485655 0.00140000000000 0.01458797317177 0.02097617124574 0.01643297595552 0.00130000000000 0.01639402607364 0.01793917164192 0.02361613643852 0.00590000000000 0.00140000000000 0.01562803028128 0.04289195145226 0.00210000000000 0.00150000000000 0.01819046027891 0.00150000000000 0.00120000000000 0.03681607261147 0.00200000000000 0.00140000000000 0.00110000000000 0.02293567143856 0.00170000000000 0.00750000000000 0.00140000000000 0.01369616179604 0.01690307589047 0.00640000000000 0.00130000000000 0.01517694246839 0.00960000000000 
0.01460685249852 0.00190000000000 0.00130000000000 0.00120000000000 0.00140000000000 0.00130000000000 0.00110000000000 0.00110000000000 0.01718715165771 0.01513438075566 0.00130000000000 0.00130000000000 0.00160000000000 0.00140000000000 0.00110000000000 0.00110000000000 0.00230000000000 0.00180000000000 0.00120000000000 0.00120000000000 0.00140000000000 0.00130000000000 0.00110000000000 0.00110000000000 0.01569473383678 0.00240000000000 0.00130000000000 0.00120000000000 0.00160000000000 0.00140000000000 0.00110000000000 0.00110000000000 
0.01707225152184 0.01531003487970 0.01754713667956 0.00130000000000 0.06943420731351 0.00140000000000 0.00150000000000 0.00110000000000 0.02200290103043 0.01715655543314 0.02075787239725 0.00130000000000 0.10366378163890 0.00140000000000 0.00150000000000 0.00110000000000 0.00150000000000 0.01743648469051 0.01600330778031 0.00710000000000 0.01845418800109 0.01573897869432 0.01911149924225 0.00130000000000 0.00170000000000 0.02772525662079 0.02096848368423 0.01453107562374 0.02458583726902 0.01840284780817 0.01964368846573 0.00130000000000 
0.02194618415711 0.01473620739638 0.01579424347329 0.03974864848907 0.11188116313675 0.05718052229589 0.08576341148665 0.12210287774924 0.02758074256058 0.00180000000000 0.10219010525803 0.01398595872995 0.11905672406421 0.02230710853389 0.10929446480569 0.03601341397930 0.01359137034906 0.08610232811465 0.00160000000000 0.02309606553347 0.01792499009256 0.10735079857057 0.00180000000000 0.07490462959676 0.02103431219257 0.01677197968875 0.01581638684333 0.03409463521541 0.10634768705484 0.03340821643382 0.06605363124183 0.11886934523517 
0.03061618857917 0.01494001130100 0.11723264996919 0.02375658423503 0.02890185397579 0.01514350131057 0.11682638090812 0.02449372850998 0.02107128806101 0.00140000000000 0.10324047646280 0.00170000000000 0.02113315707773 0.00140000000000 0.10348793158919 0.00170000000000 0.01401166013621 0.00220000000000 0.01718925636284 0.00690000000000 0.00880000000000 0.00220000000000 0.01687586011707 0.00710000000000 0.00300000000000 0.00140000000000 0.01651519886906 0.00160000000000 0.00310000000000 0.00140000000000 0.01665420994600 0.00160000000000 
0.01919838319823 0.10346934688802 0.00130000000000 0.00150000000000 0.06321792304842 0.11022081196053 0.00170000000000 0.01558856288805 0.01979588192550 0.10353318020466 0.00130000000000 0.00150000000000 0.06926044090102 0.11015964552638 0.00170000000000 0.01580036058015 0.01766795705310 0.02384507337602 0.00570000000000 0.00950000000000 0.00210000000000 0.01655115235423 0.00940000000000 0.03288321731215 0.01811005413013 0.02516789537100 0.00580000000000 0.01278702503927 0.00680000000000 0.01686894936189 0.00970000000000 0.03525989598408 
0.03334183026094 0.01751082190057 0.04894445138149 0.01575494192632 0.11788064494732 0.02234547546062 0.11079173426978 0.01933191432576 0.03964612510412 0.01729650532529 0.03719277615721 0.01565829830047 0.11996809259482 0.02172441392076 0.10963268112056 0.01903131634979 0.04428429968878 0.00200000000000 0.01687974556403 0.00160000000000 0.10641952712638 0.01567229603209 0.10434568694347 0.00160000000000 0.04407510392117 0.00190000000000 0.01677974977989 0.00160000000000 0.10571333624551 0.01566621096312 0.10396949938698 0.00160000000000 
0.00760000000000 0.00130000000000 0.00210000000000 0.00130000000000 0.01707747414095 0.00160000000000 0.00470000000000 0.00160000000000 0.01691062537482 0.00140000000000 0.00270000000000 0.00140000000000 0.02827349978252 0.00180000000000 0.01893051911139 0.00180000000000 0.00180000000000 0.00120000000000 0.00180000000000 0.00120000000000 0.00730000000000 0.00140000000000 0.00290000000000 0.00140000000000 0.01371828037916 0.00130000000000 0.00200000000000 0.00130000000000 0.01721217966047 0.00150000000000 0.00440000000000 0.00150000000000 
0.00170000000000 0.00170000000000 0.00710000000000 0.00370000000000 0.01361328631398 0.00230000000000 0.02628298504878 0.01426685595307 0.00130000000000 0.00130000000000 0.00170000000000 0.00170000000000 0.00150000000000 0.00150000000000 0.00600000000000 0.00230000000000 0.02595486834580 0.01529517957340 0.01405610882649 0.00170000000000 0.01670647152422 0.00260000000000 0.00170000000000 0.00150000000000 0.01712943153598 0.00690000000000 0.02158633067570 0.01381012167651 0.04873256866408 0.02214679493810 0.01473810796736 0.00210000000000 
0.00150000000000 0.00110000000000 0.00130000000000 0.00110000000000 0.00110000000000 0.00100000000000 0.00110000000000 0.00100000000000 0.00130000000000 0.00110000000000 0.00110000000000 0.00100000000000 0.00110000000000 0.00100000000000 0.00100000000000 0.00100000000000 0.02439873097526 0.00160000000000 0.00630000000000 0.00130000000000 0.00140000000000 0.00110000000000 0.00120000000000 0.00110000000000 0.01656957146331 0.00130000000000 0.00160000000000 0.00120000000000 0.00120000000000 0.00110000000000 0.00110000000000 0.00100000000000 
0.01523959446154 0.01910275140605 0.01955753519831 0.01625135630341 0.00140000000000 0.00160000000000 0.10277446929118 0.06834794082773 0.00120000000000 0.00130000000000 0.00700000000000 0.01778330770713 0.00110000000000 0.00110000000000 0.00140000000000 0.00160000000000 0.01471585338272 0.01829987746475 0.01986634514861 0.01626794712002 0.00140000000000 0.00160000000000 0.10247370471853 0.06955070634222 0.00120000000000 0.00130000000000 0.00660000000000 0.01702433564385 0.00110000000000 0.00110000000000 0.00140000000000 0.00160000000000 
0.02420721685406 0.04146178674475 0.00180000000000 0.01442325603341 0.00140000000000 0.00140000000000 0.00110000000000 0.00120000000000 0.00210000000000 0.00680000000000 0.00130000000000 0.00140000000000 0.00120000000000 0.00120000000000 0.00110000000000 0.00110000000000 0.01368965397634 0.01722298397061 0.00130000000000 0.00140000000000 0.00120000000000 0.00120000000000 0.00110000000000 0.00110000000000 0.00140000000000 0.00150000000000 0.00120000000000 0.00120000000000 0.00110000000000 0.00110000000000 0.00100000000000 0.00100000000000 
0.00200000000000 0.00180000000000 0.01454187042238 0.00660000000000 0.00140000000000 0.00140000000000 0.00160000000000 0.00150000000000 0.02481642380968 0.02171083180205 0.04331366691851 0.03122136787768 0.00220000000000 0.00190000000000 0.01637655368794 0.01517793094408 0.02075876729432 0.01812557982348 0.03985516205876 0.02602129800492 0.00250000000000 0.00210000000000 0.00800000000000 0.00660000000000 0.02491001647215 0.02910755006007 0.02016531832138 0.02195417759532 0.02860603044843 0.02322199692700 0.03326405310636 0.10260917435870 
0.01584208358698 0.00150000000000 0.01508705488872 0.00150000000000 0.01471831793165 0.01875173044921 0.01502307398753 0.01575903455895 0.00200000000000 0.00130000000000 0.00180000000000 0.00130000000000 0.02195699505200 0.00790000000000 0.02380239473465 0.00770000000000 0.11894047770604 0.01577936719882 0.05812627526202 0.01514275996158 0.00150000000000 0.01750202751009 0.00150000000000 0.01793275192885 0.02587162015550 0.01322332211012 0.02360908895807 0.00190000000000 0.00190000000000 0.02705466421976 0.00200000000000 0.03056889965827 
0.00150000000000 0.00130000000000 0.00170000000000 0.00140000000000 0.00110000000000 0.00110000000000 0.00120000000000 0.00110000000000 0.00120000000000 0.00110000000000 0.00130000000000 0.00120000000000 0.00100000000000 0.00100000000000 0.00110000000000 0.00100000000000 0.02763420295071 0.01715804915337 0.12075362732913 0.02101868084848 0.00150000000000 0.00130000000000 0.00170000000000 0.00140000000000 0.01824220456701 0.00170000000000 0.02078385131223 0.01332857460748 0.00120000000000 0.00110000000000 0.00130000000000 0.00120000000000 
0.00150000000000 0.01555801488850 0.00170000000000 0.02190053031122 0.02794439243610 0.01645824417639 0.03791791293992 0.01491353988339 0.00140000000000 0.00210000000000 0.00150000000000 0.02208949686850 0.02512760742789 0.02907007453743 0.05935165545620 0.02061779172197 0.00180000000000 0.02834010941526 0.01521031446303 0.10941529071056 0.02946536080896 0.00180000000000 0.02142245608059 0.00160000000000 0.00160000000000 0.03541861154918 0.00220000000000 0.05926863645692 0.06946577360248 0.00190000000000 0.03604712491428 0.00170000000000 
M_out
1 1 1 1 1 0 0 0 0 0 0 0 0 0 0 0 0 0 0 0 0 0 0 0 0 0 0 0 0 0 0 0 0 0 0 0 0 0 0 0 0 0 0 0 0 0 0 0 0 0 0 0 0 0 0 0 0 0 0 0 0 0 0 0 0 0 0 0 0 0 0 0 0 0 0 0 0 0 0 0 0 0 0 0 0 0 0 0 0 0 0 0 0 0 0 0 0 0 0 0 
0 1 1 1 1 1 0 0 0 0 0 0 0 0 0 0 0 0 0 0 0 0 0 0 0 0 0 0 0 0 0 0 0 0 0 0 0 0 0 0 0 0 0 0 0 0 0 0 0 0 0 0 0 0 0 0 0 0 0 0 0 0 0 0 0 0 0 0 0 0 0 0 0 0 0 0 0 0 0 0 0 0 0 0 0 0 0 0 0 0 0 0 0 0 0 0 0 0 0 0 
0 0 1 1 1 1 1 0 0 0 0 0 0 0 0 0 0 0 0 0 0 0 0 0 0 0 0 0 0 0 0 0 0 0 0 0 0 0 0 0 0 0 0 0 0 0 0 0 0 0 0 0 0 0 0 0 0 0 0 0 0 0 0 0 0 0 0 0 0 0 0 0 0 0 0 0 0 0 0 0 0 0 0 0 0 0 0 0 0 0 0 0 0 0 0 0 0 0 0 0 
0 0 0 1 1 1 1 1 0 0 0 0 0 0 0 0 0 0 0 0 0 0 0 0 0 0 0 0 0 0 0 0 0 0 0 0 0 0 0 0 0 0 0 0 0 0 0 0 0 0 0 0 0 0 0 0 0 0 0 0 0 0 0 0 0 0 0 0 0 0 0 0 0 0 0 0 0 0 0 0 0 0 0 0 0 0 0 0 0 0 0 0 0 0 0 0 0 0 0 0 
0 0 0 0 1 1 1 1 1 0 0 0 0 0 0 0 0 0 0 0 0 0 0 0 0 0 0 0 0 0 0 0 0 0 0 0 0 0 0 0 0 0 0 0 0 0 0 0 0 0 0 0 0 0 0 0 0 0 0 0 0 0 0 0 0 0 0 0 0 0 0 0 0 0 0 0 0 0 0 0 0 0 0 0 0 0 0 0 0 0 0 0 0 0 0 0 0 0 0 0 
0 0 0 0 0 1 1 1 1 1 0 0 0 0 0 0 0 0 0 0 0 0 0 0 0 0 0 0 0 0 0 0 0 0 0 0 0 0 0 0 0 0 0 0 0 0 0 0 0 0 0 0 0 0 0 0 0 0 0 0 0 0 0 0 0 0 0 0 0 0 0 0 0 0 0 0 0 0 0 0 0 0 0 0 0 0 0 0 0 0 0 0 0 0 0 0 0 0 0 0 
0 0 0 0 0 0 1 1 1 1 1 0 0 0 0 0 0 0 0 0 0 0 0 0 0 0 0 0 0 0 0 0 0 0 0 0 0 0 0 0 0 0 0 0 0 0 0 0 0 0 0 0 0 0 0 0 0 0 0 0 0 0 0 0 0 0 0 0 0 0 0 0 0 0 0 0 0 0 0 0 0 0 0 0 0 0 0 0 0 0 0 0 0 0 0 0 0 0 0 0 
0 0 0 0 0 0 0 1 1 1 1 1 0 0 0 0 0 0 0 0 0 0 0 0 0 0 0 0 0 0 0 0 0 0 0 0 0 0 0 0 0 0 0 0 0 0 0 0 0 0 0 0 0 0 0 0 0 0 0 0 0 0 0 0 0 0 0 0 0 0 0 0 0 0 0 0 0 0 0 0 0 0 0 0 0 0 0 0 0 0 0 0 0 0 0 0 0 0 0 0 
0 0 0 0 0 0 0 0 1 1 1 1 1 0 0 0 0 0 0 0 0 0 0 0 0 0 0 0 0 0 0 0 0 0 0 0 0 0 0 0 0 0 0 0 0 0 0 0 0 0 0 0 0 0 0 0 0 0 0 0 0 0 0 0 0 0 0 0 0 0 0 0 0 0 0 0 0 0 0 0 0 0 0 0 0 0 0 0 0 0 0 0 0 0 0 0 0 0 0 0 
0 0 0 0 0 0 0 0 0 1 1 1 1 1 0 0 0 0 0 0 0 0 0 0 0 0 0 0 0 0 0 0 0 0 0 0 0 0 0 0 0 0 0 0 0 0 0 0 0 0 0 0 0 0 0 0 0 0 0 0 0 0 0 0 0 0 0 0 0 0 0 0 0 0 0 0 0 0 0 0 0 0 0 0 0 0 0 0 0 0 0 0 0 0 0 0 0 0 0 0 
0 0 0 0 0 0 0 0 0 0 1 1 1 1 1 0 0 0 0 0 0 0 0 0 0 0 0 0 0 0 0 0 0 0 0 0 0 0 0 0 0 0 0 0 0 0 0 0 0 0 0 0 0 0 0 0 0 0 0 0 0 0 0 0 0 0 0 0 0 0 0 0 0 0 0 0 0 0 0 0 0 0 0 0 0 0 0 0 0 0 0 0 0 0 0 0 0 0 0 0 
0 0 0 0 0 0 0 0 0 0 0 1 1 1 1 1 0 0 0 0 0 0 0 0 0 0 0 0 0 0 0 0 0 0 0 0 0 0 0 0 0 0 0 0 0 0 0 0 0 0 0 0 0 0 0 0 0 0 0 0 0 0 0 0 0 0 0 0 0 0 0 0 0 0 0 0 0 0 0 0 0 0 0 0 0 0 0 0 0 0 0 0 0 0 0 0 0 0 0 0 
0 0 0 0 0 0 0 0 0 0 0 0 1 1 1 1 1 0 0 0 0 0 0 0 0 0 0 0 0 0 0 0 0 0 0 0 0 0 0 0 0 0 0 0 0 0 0 0 0 0 0 0 0 0 0 0 0 0 0 0 0 0 0 0 0 0 0 0 0 0 0 0 0 0 0 0 0 0 0 0 0 0 0 0 0 0 0 0 0 0 0 0 0 0 0 0 0 0 0 0 
0 0 0 0 0 0 0 0 0 0 0 0 0 1 1 1 1 1 0 0 0 0 0 0 0 0 0 0 0 0 0 0 0 0 0 0 0 0 0 0 0 0 0 0 0 0 0 0 0 0 0 0 0 0 0 0 0 0 0 0 0 0 0 0 0 0 0 0 0 0 0 0 0 0 0 0 0 0 0 0 0 0 0 0 0 0 0 0 0 0 0 0 0 0 0 0 0 0 0 0 
0 0 0 0 0 0 0 0 0 0 0 0 0 0 1 1 1 1 1 0 0 0 0 0 0 0 0 0 0 0 0 0 0 0 0 0 0 0 0 0 0 0 0 0 0 0 0 0 0 0 0 0 0 0 0 0 0 0 0 0 0 0 0 0 0 0 0 0 0 0 0 0 0 0 0 0 0 0 0 0 0 0 0 0 0 0 0 0 0 0 0 0 0 0 0 0 0 0 0 0 
0 0 0 0 0 0 0 0 0 0 0 0 0 0 0 1 1 1 1 1 0 0 0 0 0 0 0 0 0 0 0 0 0 0 0 0 0 0 0 0 0 0 0 0 0 0 0 0 0 0 0 0 0 0 0 0 0 0 0 0 0 0 0 0 0 0 0 0 0 0 0 0 0 0 0 0 0 0 0 0 0 0 0 0 0 0 0 0 0 0 0 0 0 0 0 0 0 0 0 0 
0 0 0 0 0 0 0 0 0 0 0 0 0 0 0 0 1 1 1 1 1 0 0 0 0 0 0 0 0 0 0 0 0 0 0 0 0 0 0 0 0 0 0 0 0 0 0 0 0 0 0 0 0 0 0 0 0 0 0 0 0 0 0 0 0 0 0 0 0 0 0 0 0 0 0 0 0 0 0 0 0 0 0 0 0 0 0 0 0 0 0 0 0 0 0 0 0 0 0 0 
0 0 0 0 0 0 0 0 0 0 0 0 0 0 0 0 0 1 1 1 1 1 0 0 0 0 0 0 0 0 0 0 0 0 0 0 0 0 0 0 0 0 0 0 0 0 0 0 0 0 0 0 0 0 0 0 0 0 0 0 0 0 0 0 0 0 0 0 0 0 0 0 0 0 0 0 0 0 0 0 0 0 0 0 0 0 0 0 0 0 0 0 0 0 0 0 0 0 0 0 
0 0 0 0 0 0 0 0 0 0 0 0 0 0 0 0 0 0 1 1 1 1 1 0 0 0 0 0 0 0 0 0 0 0 0 0 0 0 0 0 0 0 0 0 0 0 0 0 0 0 0 0 0 0 0 0 0 0 0 0 0 0 0 0 0 0 0 0 0 0 0 0 0 0 0 0 0 0 0 0 0 0 0 0 0 0 0 0 0 0 0 0 0 0 0 0 0 0 0 0 
0 0 0 0 0 0 0 0 0 0 0 0 0 0 0 0 0 0 0 1 1 1 1 1 0 0 0 0 0 0 0 0 0 0 0 0 0 0 0 0 0 0 0 0 0 0 0 0 0 0 0 0 0 0 0 0 0 0 0 0 0 0 0 0 0 0 0 0 0 0 0 0 0 0 0 0 0 0 0 0 0 0 0 0 0 0 0 0 0 0 0 0 0 0 0 0 0 0 0 0 
0 0 0 0 0 0 0 0 0 0 0 0 0 0 0 0 0 0 0 0 1 1 1 1 1 0 0 0 0 0 0 0 0 0 0 0 0 0 0 0 0 0 0 0 0 0 0 0 0 0 0 0 0 0 0 0 0 0 0 0 0 0 0 0 0 0 0 0 0 0 0 0 0 0 0 0 0 0 0 0 0 0 0 0 0 0 0 0 0 0 0 0 0 0 0 0 0 0 0 0 
0 0 0 0 0 0 0 0 0 0 0 0 0 0 0 0 0 0 0 0 0 1 1 1 1 1 0 0 0 0 0 0 0 0 0 0 0 0 0 0 0 0 0 0 0 0 0 0 0 0 0 0 0 0 0 0 0 0 0 0 0 0 0 0 0 0 0 0 0 0 0 0 0 0 0 0 0 0 0 0 0 0 0 0 0 0 0 0 0 0 0 0 0 0 0 0 0 0 0 0 
0 0 0 0 0 0 0 0 0 0 0 0 0 0 0 0 0 0 0 0 0 0 1 1 1 1 1 0 0 0 0 0 0 0 0 0 0 0 0 0 0 0 0 0 0 0 0 0 0 0 0 0 0 0 0 0 0 0 0 0 0 0 0 0 0 0 0 0 0 0 0 0 0 0 0 0 0 0 0 0 0 0 0 0 0 0 0 0 0 0 0 0 0 0 0 0 0 0 0 0 
0 0 0 0 0 0 0 0 0 0 0 0 0 0 0 0 0 0 0 0 0 0 0 1 1 1 1 1 0 0 0 0 0 0 0 0 0 0 0 0 0 0 0 0 0 0 0 0 0 0 0 0 0 0 0 0 0 0 0 0 0 0 0 0 0 0 0 0 0 0 0 0 0 0 0 0 0 0 0 0 0 0 0 0 0 0 0 0 0 0 0 0 0 0 0 0 0 0 0 0 
0 0 0 0 0 0 0 0 0 0 0 0 0 0 0 0 0 0 0 0 0 0 0 0 1 1 1 1 1 0 0 0 0 0 0 0 0 0 0 0 0 0 0 0 0 0 0 0 0 0 0 0 0 0 0 0 0 0 0 0 0 0 0 0 0 0 0 0 0 0 0 0 0 0 0 0 0 0 0 0 0 0 0 0 0 0 0 0 0 0 0 0 0 0 0 0 0 0 0 0 
0 0 0 0 0 0 0 0 0 0 0 0 0 0 0 0 0 0 0 0 0 0 0 0 0 1 1 1 1 1 0 0 0 0 0 0 0 0 0 0 0 0 0 0 0 0 0 0 0 0 0 0 0 0 0 0 0 0 0 0 0 0 0 0 0 0 0 0 0 0 0 0 0 0 0 0 0 0 0 0 0 0 0 0 0 0 0 0 0 0 0 0 0 0 0 0 0 0 0 0 
0 0 0 0 0 0 0 0 0 0 0 0 0 0 0 0 0 0 0 0 0 0 0 0 0 0 1 1 1 1 1 0 0 0 0 0 0 0 0 0 0 0 0 0 0 0 0 0 0 0 0 0 0 0 0 0 0 0 0 0 0 0 0 0 0 0 0 0 0 0 0 0 0 0 0 0 0 0 0 0 0 0 0 0 0 0 0 0 0 0 0 0 0 0 0 0 0 0 0 0 
0 0 0 0 0 0 0 0 0 0 0 0 0 0 0 0 0 0 0 0 0 0 0 0 0 0 0 1 1 1 1 1 0 0 0 0 0 0 0 0 0 0 0 0 0 0 0 0 0 0 0 0 0 0 0 0 0 0 0 0 0 0 0 0 0 0 0 0 0 0 0 0 0 0 0 0 0 0 0 0 0 0 0 0 0 0 0 0 0 0 0 0 0 0 0 0 0 0 0 0 
0 0 0 0 0 0 0 0 0 0 0 0 0 0 0 0 0 0 0 0 0 0 0 0 0 0 0 0 1 1 1 1 1 0 0 0 0 0 0 0 0 0 0 0 0 0 0 0 0 0 0 0 0 0 0 0 0 0 0 0 0 0 0 0 0 0 0 0 0 0 0 0 0 0 0 0 0 0 0 0 0 0 0 0 0 0 0 0 0 0 0 0 0 0 0 0 0 0 0 0 
0 0 0 0 0 0 0 0 0 0 0 0 0 0 0 0 0 0 0 0 0 0 0 0 0 0 0 0 0 1 1 1 1 1 0 0 0 0 0 0 0 0 0 0 0 0 0 0 0 0 0 0 0 0 0 0 0 0 0 0 0 0 0 0 0 0 0 0 0 0 0 0 0 0 0 0 0 0 0 0 0 0 0 0 0 0 0 0 0 0 0 0 0 0 0 0 0 0 0 0 
0 0 0 0 0 0 0 0 0 0 0 0 0 0 0 0 0 0 0 0 0 0 0 0 0 0 0 0 0 0 1 1 1 1 1 0 0 0 0 0 0 0 0 0 0 0 0 0 0 0 0 0 0 0 0 0 0 0 0 0 0 0 0 0 0 0 0 0 0 0 0 0 0 0 0 0 0 0 0 0 0 0 0 0 0 0 0 0 0 0 0 0 0 0 0 0 0 0 0 0 
0 0 0 0 0 0 0 0 0 0 0 0 0 0 0 0 0 0 0 0 0 0 0 0 0 0 0 0 0 0 0 1 1 1 1 1 0 0 0 0 0 0 0 0 0 0 0 0 0 0 0 0 0 0 0 0 0 0 0 0 0 0 0 0 0 0 0 0 0 0 0 0 0 0 0 0 0 0 0 0 0 0 0 0 0 0 0 0 0 0 0 0 0 0 0 0 0 0 0 0 
0 0 0 0 0 0 0 0 0 0 0 0 0 0 0 0 0 0 0 0 0 0 0 0 0 0 0 0 0 0 0 0 1 1 1 1 1 0 0 0 0 0 0 0 0 0 0 0 0 0 0 0 0 0 0 0 0 0 0 0 0 0 0 0 0 0 0 0 0 0 0 0 0 0 0 0 0 0 0 0 0 0 0 0 0 0 0 0 0 0 0 0 0 0 0 0 0 0 0 0 
0 0 0 0 0 0 0 0 0 0 0 0 0 0 0 0 0 0 0 0 0 0 0 0 0 0 0 0 0 0 0 0 0 1 1 1 1 1 0 0 0 0 0 0 0 0 0 0 0 0 0 0 0 0 0 0 0 0 0 0 0 0 0 0 0 0 0 0 0 0 0 0 0 0 0 0 0 0 0 0 0 0 0 0 0 0 0 0 0 0 0 0 0 0 0 0 0 0 0 0 
0 0 0 0 0 0 0 0 0 0 0 0 0 0 0 0 0 0 0 0 0 0 0 0 0 0 0 0 0 0 0 0 0 0 1 1 1 1 1 0 0 0 0 0 0 0 0 0 0 0 0 0 0 0 0 0 0 0 0 0 0 0 0 0 0 0 0 0 0 0 0 0 0 0 0 0 0 0 0 0 0 0 0 0 0 0 0 0 0 0 0 0 0 0 0 0 0 0 0 0 
0 0 0 0 0 0 0 0 0 0 0 0 0 0 0 0 0 0 0 0 0 0 0 0 0 0 0 0 0 0 0 0 0 0 0 1 1 1 1 1 0 0 0 0 0 0 0 0 0 0 0 0 0 0 0 0 0 0 0 0 0 0 0 0 0 0 0 0 0 0 0 0 0 0 0 0 0 0 0 0 0 0 0 0 0 0 0 0 0 0 0 0 0 0 0 0 0 0 0 0 
0 0 0 0 0 0 0 0 0 0 0 0 0 0 0 0 0 0 0 0 0 0 0 0 0 0 0 0 0 0 0 0 0 0 0 0 1 1 1 1 1 0 0 0 0 0 0 0 0 0 0 0 0 0 0 0 0 0 0 0 0 0 0 0 0 0 0 0 0 0 0 0 0 0 0 0 0 0 0 0 0 0 0 0 0 0 0 0 0 0 0 0 0 0 0 0 0 0 0 0 
0 0 0 0 0 0 0 0 0 0 0 0 0 0 0 0 0 0 0 0 0 0 0 0 0 0 0 0 0 0 0 0 0 0 0 0 0 1 1 1 1 1 0 0 0 0 0 0 0 0 0 0 0 0 0 0 0 0 0 0 0 0 0 0 0 0 0 0 0 0 0 0 0 0 0 0 0 0 0 0 0 0 0 0 0 0 0 0 0 0 0 0 0 0 0 0 0 0 0 0 
0 0 0 0 0 0 0 0 0 0 0 0 0 0 0 0 0 0 0 0 0 0 0 0 0 0 0 0 0 0 0 0 0 0 0 0 0 0 1 1 1 1 1 0 0 0 0 0 0 0 0 0 0 0 0 0 0 0 0 0 0 0 0 0 0 0 0 0 0 0 0 0 0 0 0 0 0 0 0 0 0 0 0 0 0 0 0 0 0 0 0 0 0 0 0 0 0 0 0 0 
0 0 0 0 0 0 0 0 0 0 0 0 0 0 0 0 0 0 0 0 0 0 0 0 0 0 0 0 0 0 0 0 0 0 0 0 0 0 0 1 1 1 1 1 0 0 0 0 0 0 0 0 0 0 0 0 0 0 0 0 0 0 0 0 0 0 0 0 0 0 0 0 0 0 0 0 0 0 0 0 0 0 0 0 0 0 0 0 0 0 0 0 0 0 0 0 0 0 0 0 
0 0 0 0 0 0 0 0 0 0 0 0 0 0 0 0 0 0 0 0 0 0 0 0 0 0 0 0 0 0 0 0 0 0 0 0 0 0 0 0 1 1 1 1 1 0 0 0 0 0 0 0 0 0 0 0 0 0 0 0 0 0 0 0 0 0 0 0 0 0 0 0 0 0 0 0 0 0 0 0 0 0 0 0 0 0 0 0 0 0 0 0 0 0 0 0 0 0 0 0 
0 0 0 0 0 0 0 0 0 0 0 0 0 0 0 0 0 0 0 0 0 0 0 0 0 0 0 0 0 0 0 0 0 0 0 0 0 0 0 0 0 1 1 1 1 1 0 0 0 0 0 0 0 0 0 0 0 0 0 0 0 0 0 0 0 0 0 0 0 0 0 0 0 0 0 0 0 0 0 0 0 0 0 0 0 0 0 0 0 0 0 0 0 0 0 0 0 0 0 0 
0 0 0 0 0 0 0 0 0 0 0 0 0 0 0 0 0 0 0 0 0 0 0 0 0 0 0 0 0 0 0 0 0 0 0 0 0 0 0 0 0 0 1 1 1 1 1 0 0 0 0 0 0 0 0 0 0 0 0 0 0 0 0 0 0 0 0 0 0 0 0 0 0 0 0 0 0 0 0 0 0 0 0 0 0 0 0 0 0 0 0 0 0 0 0 0 0 0 0 0 
0 0 0 0 0 0 0 0 0 0 0 0 0 0 0 0 0 0 0 0 0 0 0 0 0 0 0 0 0 0 0 0 0 0 0 0 0 0 0 0 0 0 0 1 1 1 1 1 0 0 0 0 0 0 0 0 0 0 0 0 0 0 0 0 0 0 0 0 0 0 0 0 0 0 0 0 0 0 0 0 0 0 0 0 0 0 0 0 0 0 0 0 0 0 0 0 0 0 0 0 
0 0 0 0 0 0 0 0 0 0 0 0 0 0 0 0 0 0 0 0 0 0 0 0 0 0 0 0 0 0 0 0 0 0 0 0 0 0 0 0 0 0 0 0 1 1 1 1 1 0 0 0 0 0 0 0 0 0 0 0 0 0 0 0 0 0 0 0 0 0 0 0 0 0 0 0 0 0 0 0 0 0 0 0 0 0 0 0 0 0 0 0 0 0 0 0 0 0 0 0 
0 0 0 0 0 0 0 0 0 0 0 0 0 0 0 0 0 0 0 0 0 0 0 0 0 0 0 0 0 0 0 0 0 0 0 0 0 0 0 0 0 0 0 0 0 1 1 1 1 1 0 0 0 0 0 0 0 0 0 0 0 0 0 0 0 0 0 0 0 0 0 0 0 0 0 0 0 0 0 0 0 0 0 0 0 0 0 0 0 0 0 0 0 0 0 0 0 0 0 0 
0 0 0 0 0 0 0 0 0 0 0 0 0 0 0 0 0 0 0 0 0 0 0 0 0 0 0 0 0 0 0 0 0 0 0 0 0 0 0 0 0 0 0 0 0 0 1 1 1 1 1 0 0 0 0 0 0 0 0 0 0 0 0 0 0 0 0 0 0 0 0 0 0 0 0 0 0 0 0 0 0 0 0 0 0 0 0 0 0 0 0 0 0 0 0 0 0 0 0 0 
0 0 0 0 0 0 0 0 0 0 0 0 0 0 0 0 0 0 0 0 0 0 0 0 0 0 0 0 0 0 0 0 0 0 0 0 0 0 0 0 0 0 0 0 0 0 0 1 1 1 1 1 0 0 0 0 0 0 0 0 0 0 0 0 0 0 0 0 0 0 0 0 0 0 0 0 0 0 0 0 0 0 0 0 0 0 0 0 0 0 0 0 0 0 0 0 0 0 0 0 
0 0 0 0 0 0 0 0 0 0 0 0 0 0 0 0 0 0 0 0 0 0 0 0 0 0 0 0 0 0 0 0 0 0 0 0 0 0 0 0 0 0 0 0 0 0 0 0 1 1 1 1 1 0 0 0 0 0 0 0 0 0 0 0 0 0 0 0 0 0 0 0 0 0 0 0 0 0 0 0 0 0 0 0 0 0 0 0 0 0 0 0 0 0 0 0 0 0 0 0 
0 0 0 0 0 0 0 0 0 0 0 0 0 0 0 0 0 0 0 0 0 0 0 0 0 0 0 0 0 0 0 0 0 0 0 0 0 0 0 0 0 0 0 0 0 0 0 0 0 1 1 1 1 1 0 0 0 0 0 0 0 0 0 0 0 0 0 0 0 0 0 0 0 0 0 0 0 0 0 0 0 0 0 0 0 0 0 0 0 0 0 0 0 0 0 0 0 0 0 0 
0 0 0 0 0 0 0 0 0 0 0 0 0 0 0 0 0 0 0 0 0 0 0 0 0 0 0 0 0 0 0 0 0 0 0 0 0 0 0 0 0 0 0 0 0 0 0 0 0 0 1 1 1 1 1 0 0 0 0 0 0 0 0 0 0 0 0 0 0 0 0 0 0 0 0 0 0 0 0 0 0 0 0 0 0 0 0 0 0 0 0 0 0 0 0 0 0 0 0 0 
0 0 0 0 0 0 0 0 0 0 0 0 0 0 0 0 0 0 0 0 0 0 0 0 0 0 0 0 0 0 0 0 0 0 0 0 0 0 0 0 0 0 0 0 0 0 0 0 0 0 0 1 1 1 1 1 0 0 0 0 0 0 0 0 0 0 0 0 0 0 0 0 0 0 0 0 0 0 0 0 0 0 0 0 0 0 0 0 0 0 0 0 0 0 0 0 0 0 0 0 
0 0 0 0 0 0 0 0 0 0 0 0 0 0 0 0 0 0 0 0 0 0 0 0 0 0 0 0 0 0 0 0 0 0 0 0 0 0 0 0 0 0 0 0 0 0 0 0 0 0 0 0 1 1 1 1 1 0 0 0 0 0 0 0 0 0 0 0 0 0 0 0 0 0 0 0 0 0 0 0 0 0 0 0 0 0 0 0 0 0 0 0 0 0 0 0 0 0 0 0 
0 0 0 0 0 0 0 0 0 0 0 0 0 0 0 0 0 0 0 0 0 0 0 0 0 0 0 0 0 0 0 0 0 0 0 0 0 0 0 0 0 0 0 0 0 0 0 0 0 0 0 0 0 1 1 1 1 1 0 0 0 0 0 0 0 0 0 0 0 0 0 0 0 0 0 0 0 0 0 0 0 0 0 0 0 0 0 0 0 0 0 0 0 0 0 0 0 0 0 0 
0 0 0 0 0 0 0 0 0 0 0 0 0 0 0 0 0 0 0 0 0 0 0 0 0 0 0 0 0 0 0 0 0 0 0 0 0 0 0 0 0 0 0 0 0 0 0 0 0 0 0 0 0 0 1 1 1 1 1 0 0 0 0 0 0 0 0 0 0 0 0 0 0 0 0 0 0 0 0 0 0 0 0 0 0 0 0 0 0 0 0 0 0 0 0 0 0 0 0 0 
0 0 0 0 0 0 0 0 0 0 0 0 0 0 0 0 0 0 0 0 0 0 0 0 0 0 0 0 0 0 0 0 0 0 0 0 0 0 0 0 0 0 0 0 0 0 0 0 0 0 0 0 0 0 0 1 1 1 1 1 0 0 0 0 0 0 0 0 0 0 0 0 0 0 0 0 0 0 0 0 0 0 0 0 0 0 0 0 0 0 0 0 0 0 0 0 0 0 0 0 
0 0 0 0 0 0 0 0 0 0 0 0 0 0 0 0 0 0 0 0 0 0 0 0 0 0 0 0 0 0 0 0 0 0 0 0 0 0 0 0 0 0 0 0 0 0 0 0 0 0 0 0 0 0 0 0 1 1 1 1 1 0 0 0 0 0 0 0 0 0 0 0 0 0 0 0 0 0 0 0 0 0 0 0 0 0 0 0 0 0 0 0 0 0 0 0 0 0 0 0 
0 0 0 0 0 0 0 0 0 0 0 0 0 0 0 0 0 0 0 0 0 0 0 0 0 0 0 0 0 0 0 0 0 0 0 0 0 0 0 0 0 0 0 0 0 0 0 0 0 0 0 0 0 0 0 0 0 1 1 1 1 1 0 0 0 0 0 0 0 0 0 0 0 0 0 0 0 0 0 0 0 0 0 0 0 0 0 0 0 0 0 0 0 0 0 0 0 0 0 0 
0 0 0 0 0 0 0 0 0 0 0 0 0 0 0 0 0 0 0 0 0 0 0 0 0 0 0 0 0 0 0 0 0 0 0 0 0 0 0 0 0 0 0 0 0 0 0 0 0 0 0 0 0 0 0 0 0 0 1 1 1 1 1 0 0 0 0 0 0 0 0 0 0 0 0 0 0 0 0 0 0 0 0 0 0 0 0 0 0 0 0 0 0 0 0 0 0 0 0 0 
0 0 0 0 0 0 0 0 0 0 0 0 0 0 0 0 0 0 0 0 0 0 0 0 0 0 0 0 0 0 0 0 0 0 0 0 0 0 0 0 0 0 0 0 0 0 0 0 0 0 0 0 0 0 0 0 0 0 0 1 1 1 1 1 0 0 0 0 0 0 0 0 0 0 0 0 0 0 0 0 0 0 0 0 0 0 0 0 0 0 0 0 0 0 0 0 0 0 0 0 
0 0 0 0 0 0 0 0 0 0 0 0 0 0 0 0 0 0 0 0 0 0 0 0 0 0 0 0 0 0 0 0 0 0 0 0 0 0 0 0 0 0 0 0 0 0 0 0 0 0 0 0 0 0 0 0 0 0 0 0 1 1 1 1 1 0 0 0 0 0 0 0 0 0 0 0 0 0 0 0 0 0 0 0 0 0 0 0 0 0 0 0 0 0 0 0 0 0 0 0 
0 0 0 0 0 0 0 0 0 0 0 0 0 0 0 0 0 0 0 0 0 0 0 0 0 0 0 0 0 0 0 0 0 0 0 0 0 0 0 0 0 0 0 0 0 0 0 0 0 0 0 0 0 0 0 0 0 0 0 0 0 1 1 1 1 1 0 0 0 0 0 0 0 0 0 0 0 0 0 0 0 0 0 0 0 0 0 0 0 0 0 0 0 0 0 0 0 0 0 0 
0 0 0 0 0 0 0 0 0 0 0 0 0 0 0 0 0 0 0 0 0 0 0 0 0 0 0 0 0 0 0 0 0 0 0 0 0 0 0 0 0 0 0 0 0 0 0 0 0 0 0 0 0 0 0 0 0 0 0 0 0 0 1 1 1 1 1 0 0 0 0 0 0 0 0 0 0 0 0 0 0 0 0 0 0 0 0 0 0 0 0 0 0 0 0 0 0 0 0 0 
0 0 0 0 0 0 0 0 0 0 0 0 0 0 0 0 0 0 0 0 0 0 0 0 0 0 0 0 0 0 0 0 0 0 0 0 0 0 0 0 0 0 0 0 0 0 0 0 0 0 0 0 0 0 0 0 0 0 0 0 0 0 0 1 1 1 1 1 0 0 0 0 0 0 0 0 0 0 0 0 0 0 0 0 0 0 0 0 0 0 0 0 0 0 0 0 0 0 0 0 
0 0 0 0 0 0 0 0 0 0 0 0 0 0 0 0 0 0 0 0 0 0 0 0 0 0 0 0 0 0 0 0 0 0 0 0 0 0 0 0 0 0 0 0 0 0 0 0 0 0 0 0 0 0 0 0 0 0 0 0 0 0 0 0 1 1 1 1 1 0 0 0 0 0 0 0 0 0 0 0 0 0 0 0 0 0 0 0 0 0 0 0 0 0 0 0 0 0 0 0 
0 0 0 0 0 0 0 0 0 0 0 0 0 0 0 0 0 0 0 0 0 0 0 0 0 0 0 0 0 0 0 0 0 0 0 0 0 0 0 0 0 0 0 0 0 0 0 0 0 0 0 0 0 0 0 0 0 0 0 0 0 0 0 0 0 1 1 1 1 1 0 0 0 0 0 0 0 0 0 0 0 0 0 0 0 0 0 0 0 0 0 0 0 0 0 0 0 0 0 0 
0 0 0 0 0 0 0 0 0 0 0 0 0 0 0 0 0 0 0 0 0 0 0 0 0 0 0 0 0 0 0 0 0 0 0 0 0 0 0 0 0 0 0 0 0 0 0 0 0 0 0 0 0 0 0 0 0 0 0 0 0 0 0 0 0 0 1 1 1 1 1 0 0 0 0 0 0 0 0 0 0 0 0 0 0 0 0 0 0 0 0 0 0 0 0 0 0 0 0 0 
0 0 0 0 0 0 0 0 0 0 0 0 0 0 0 0 0 0 0 0 0 0 0 0 0 0 0 0 0 0 0 0 0 0 0 0 0 0 0 0 0 0 0 0 0 0 0 0 0 0 0 0 0 0 0 0 0 0 0 0 0 0 0 0 0 0 0 1 1 1 1 1 0 0 0 0 0 0 0 0 0 0 0 0 0 0 0 0 0 0 0 0 0 0 0 0 0 0 0 0 
0 0 0 0 0 0 0 0 0 0 0 0 0 0 0 0 0 0 0 0 0 0 0 0 0 0 0 0 0 0 0 0 0 0 0 0 0 0 0 0 0 0 0 0 0 0 0 0 0 0 0 0 0 0 0 0 0 0 0 0 0 0 0 0 0 0 0 0 1 1 1 1 1 0 0 0 0 0 0 0 0 0 0 0 0 0 0 0 0 0 0 0 0 0 0 0 0 0 0 0 
0 0 0 0 0 0 0 0 0 0 0 0 0 0 0 0 0 0 0 0 0 0 0 0 0 0 0 0 0 0 0 0 0 0 0 0 0 0 0 0 0 0 0 0 0 0 0 0 0 0 0 0 0 0 0 0 0 0 0 0 0 0 0 0 0 0 0 0 0 1 1 1 1 1 0 0 0 0 0 0 0 0 0 0 0 0 0 0 0 0 0 0 0 0 0 0 0 0 0 0 
0 0 0 0 0 0 0 0 0 0 0 0 0 0 0 0 0 0 0 0 0 0 0 0 0 0 0 0 0 0 0 0 0 0 0 0 0 0 0 0 0 0 0 0 0 0 0 0 0 0 0 0 0 0 0 0 0 0 0 0 0 0 0 0 0 0 0 0 0 0 1 1 1 1 1 0 0 0 0 0 0 0 0 0 0 0 0 0 0 0 0 0 0 0 0 0 0 0 0 0 
0 0 0 0 0 0 0 0 0 0 0 0 0 0 0 0 0 0 0 0 0 0 0 0 0 0 0 0 0 0 0 0 0 0 0 0 0 0 0 0 0 0 0 0 0 0 0 0 0 0 0 0 0 0 0 0 0 0 0 0 0 0 0 0 0 0 0 0 0 0 0 1 1 1 1 1 0 0 0 0 0 0 0 0 0 0 0 0 0 0 0 0 0 0 0 0 0 0 0 0 
0 0 0 0 0 0 0 0 0 0 0 0 0 0 0 0 0 0 0 0 0 0 0 0 0 0 0 0 0 0 0 0 0 0 0 0 0 0 0 0 0 0 0 0 0 0 0 0 0 0 0 0 0 0 0 0 0 0 0 0 0 0 0 0 0 0 0 0 0 0 0 0 1 1 1 1 1 0 0 0 0 0 0 0 0 0 0 0 0 0 0 0 0 0 0 0 0 0 0 0 
0 0 0 0 0 0 0 0 0 0 0 0 0 0 0 0 0 0 0 0 0 0 0 0 0 0 0 0 0 0 0 0 0 0 0 0 0 0 0 0 0 0 0 0 0 0 0 0 0 0 0 0 0 0 0 0 0 0 0 0 0 0 0 0 0 0 0 0 0 0 0 0 0 1 1 1 1 1 0 0 0 0 0 0 0 0 0 0 0 0 0 0 0 0 0 0 0 0 0 0 
0 0 0 0 0 0 0 0 0 0 0 0 0 0 0 0 0 0 0 0 0 0 0 0 0 0 0 0 0 0 0 0 0 0 0 0 0 0 0 0 0 0 0 0 0 0 0 0 0 0 0 0 0 0 0 0 0 0 0 0 0 0 0 0 0 0 0 0 0 0 0 0 0 0 1 1 1 1 1 0 0 0 0 0 0 0 0 0 0 0 0 0 0 0 0 0 0 0 0 0 
0 0 0 0 0 0 0 0 0 0 0 0 0 0 0 0 0 0 0 0 0 0 0 0 0 0 0 0 0 0 0 0 0 0 0 0 0 0 0 0 0 0 0 0 0 0 0 0 0 0 0 0 0 0 0 0 0 0 0 0 0 0 0 0 0 0 0 0 0 0 0 0 0 0 0 1 1 1 1 1 0 0 0 0 0 0 0 0 0 0 0 0 0 0 0 0 0 0 0 0 
0 0 0 0 0 0 0 0 0 0 0 0 0 0 0 0 0 0 0 0 0 0 0 0 0 0 0 0 0 0 0 0 0 0 0 0 0 0 0 0 0 0 0 0 0 0 0 0 0 0 0 0 0 0 0 0 0 0 0 0 0 0 0 0 0 0 0 0 0 0 0 0 0 0 0 0 1 1 1 1 1 0 0 0 0 0 0 0 0 0 0 0 0 0 0 0 0 0 0 0 
0 0 0 0 0 0 0 0 0 0 0 0 0 0 0 0 0 0 0 0 0 0 0 0 0 0 0 0 0 0 0 0 0 0 0 0 0 0 0 0 0 0 0 0 0 0 0 0 0 0 0 0 0 0 0 0 0 0 0 0 0 0 0 0 0 0 0 0 0 0 0 0 0 0 0 0 0 1 1 1 1 1 0 0 0 0 0 0 0 0 0 0 0 0 0 0 0 0 0 0 
0 0 0 0 0 0 0 0 0 0 0 0 0 0 0 0 0 0 0 0 0 0 0 0 0 0 0 0 0 0 0 0 0 0 0 0 0 0 0 0 0 0 0 0 0 0 0 0 0 0 0 0 0 0 0 0 0 0 0 0 0 0 0 0 0 0 0 0 0 0 0 0 0 0 0 0 0 0 1 1 1 1 1 0 0 0 0 0 0 0 0 0 0 0 0 0 0 0 0 0 
0 0 0 0 0 0 0 0 0 0 0 0 0 0 0 0 0 0 0 0 0 0 0 0 0 0 0 0 0 0 0 0 0 0 0 0 0 0 0 0 0 0 0 0 0 0 0 0 0 0 0 0 0 0 0 0 0 0 0 0 0 0 0 0 0 0 0 0 0 0 0 0 0 0 0 0 0 0 0 1 1 1 1 1 0 0 0 0 0 0 0 0 0 0 0 0 0 0 0 0 
0 0 0 0 0 0 0 0 0 0 0 0 0 0 0 0 0 0 0 0 0 0 0 0 0 0 0 0 0 0 0 0 0 0 0 0 0 0 0 0 0 0 0 0 0 0 0 0 0 0 0 0 0 0 0 0 0 0 0 0 0 0 0 0 0 0 0 0 0 0 0 0 0 0 0 0 0 0 0 0 1 1 1 1 1 0 0 0 0 0 0 0 0 0 0 0 0 0 0 0 
0 0 0 0 0 0 0 0 0 0 0 0 0 0 0 0 0 0 0 0 0 0 0 0 0 0 0 0 0 0 0 0 0 0 0 0 0 0 0 0 0 0 0 0 0 0 0 0 0 0 0 0 0 0 0 0 0 0 0 0 0 0 0 0 0 0 0 0 0 0 0 0 0 0 0 0 0 0 0 0 0 1 1 1 1 1 0 0 0 0 0 0 0 0 0 0 0 0 0 0 
0 0 0 0 0 0 0 0 0 0 0 0 0 0 0 0 0 0 0 0 0 0 0 0 0 0 0 0 0 0 0 0 0 0 0 0 0 0 0 0 0 0 0 0 0 0 0 0 0 0 0 0 0 0 0 0 0 0 0 0 0 0 0 0 0 0 0 0 0 0 0 0 0 0 0 0 0 0 0 0 0 0 1 1 1 1 1 0 0 0 0 0 0 0 0 0 0 0 0 0 
0 0 0 0 0 0 0 0 0 0 0 0 0 0 0 0 0 0 0 0 0 0 0 0 0 0 0 0 0 0 0 0 0 0 0 0 0 0 0 0 0 0 0 0 0 0 0 0 0 0 0 0 0 0 0 0 0 0 0 0 0 0 0 0 0 0 0 0 0 0 0 0 0 0 0 0 0 0 0 0 0 0 0 1 1 1 1 1 0 0 0 0 0 0 0 0 0 0 0 0 
0 0 0 0 0 0 0 0 0 0 0 0 0 0 0 0 0 0 0 0 0 0 0 0 0 0 0 0 0 0 0 0 0 0 0 0 0 0 0 0 0 0 0 0 0 0 0 0 0 0 0 0 0 0 0 0 0 0 0 0 0 0 0 0 0 0 0 0 0 0 0 0 0 0 0 0 0 0 0 0 0 0 0 0 1 1 1 1 1 0 0 0 0 0 0 0 0 0 0 0 
0 0 0 0 0 0 0 0 0 0 0 0 0 0 0 0 0 0 0 0 0 0 0 0 0 0 0 0 0 0 0 0 0 0 0 0 0 0 0 0 0 0 0 0 0 0 0 0 0 0 0 0 0 0 0 0 0 0 0 0 0 0 0 0 0 0 0 0 0 0 0 0 0 0 0 0 0 0 0 0 0 0 0 0 0 1 1 1 1 1 0 0 0 0 0 0 0 0 0 0 
0 0 0 0 0 0 0 0 0 0 0 0 0 0 0 0 0 0 0 0 0 0 0 0 0 0 0 0 0 0 0 0 0 0 0 0 0 0 0 0 0 0 0 0 0 0 0 0 0 0 0 0 0 0 0 0 0 0 0 0 0 0 0 0 0 0 0 0 0 0 0 0 0 0 0 0 0 0 0 0 0 0 0 0 0 0 1 1 1 1 1 0 0 0 0 0 0 0 0 0 
0 0 0 0 0 0 0 0 0 0 0 0 0 0 0 0 0 0 0 0 0 0 0 0 0 0 0 0 0 0 0 0 0 0 0 0 0 0 0 0 0 0 0 0 0 0 0 0 0 0 0 0 0 0 0 0 0 0 0 0 0 0 0 0 0 0 0 0 0 0 0 0 0 0 0 0 0 0 0 0 0 0 0 0 0 0 0 1 1 1 1 1 0 0 0 0 0 0 0 0 
0 0 0 0 0 0 0 0 0 0 0 0 0 0 0 0 0 0 0 0 0 0 0 0 0 0 0 0 0 0 0 0 0 0 0 0 0 0 0 0 0 0 0 0 0 0 0 0 0 0 0 0 0 0 0 0 0 0 0 0 0 0 0 0 0 0 0 0 0 0 0 0 0 0 0 0 0 0 0 0 0 0 0 0 0 0 0 0 1 1 1 1 1 0 0 0 0 0 0 0 
0 0 0 0 0 0 0 0 0 0 0 0 0 0 0 0 0 0 0 0 0 0 0 0 0 0 0 0 0 0 0 0 0 0 0 0 0 0 0 0 0 0 0 0 0 0 0 0 0 0 0 0 0 0 0 0 0 0 0 0 0 0 0 0 0 0 0 0 0 0 0 0 0 0 0 0 0 0 0 0 0 0 0 0 0 0 0 0 0 1 1 1 1 1 0 0 0 0 0 0 
0 0 0 0 0 0 0 0 0 0 0 0 0 0 0 0 0 0 0 0 0 0 0 0 0 0 0 0 0 0 0 0 0 0 0 0 0 0 0 0 0 0 0 0 0 0 0 0 0 0 0 0 0 0 0 0 0 0 0 0 0 0 0 0 0 0 0 0 0 0 0 0 0 0 0 0 0 0 0 0 0 0 0 0 0 0 0 0 0 0 1 1 1 1 1 0 0 0 0 0 
0 0 0 0 0 0 0 0 0 0 0 0 0 0 0 0 0 0 0 0 0 0 0 0 0 0 0 0 0 0 0 0 0 0 0 0 0 0 0 0 0 0 0 0 0 0 0 0 0 0 0 0 0 0 0 0 0 0 0 0 0 0 0 0 0 0 0 0 0 0 0 0 0 0 0 0 0 0 0 0 0 0 0 0 0 0 0 0 0 0 0 1 1 1 1 1 0 0 0 0 
0 0 0 0 0 0 0 0 0 0 0 0 0 0 0 0 0 0 0 0 0 0 0 0 0 0 0 0 0 0 0 0 0 0 0 0 0 0 0 0 0 0 0 0 0 0 0 0 0 0 0 0 0 0 0 0 0 0 0 0 0 0 0 0 0 0 0 0 0 0 0 0 0 0 0 0 0 0 0 0 0 0 0 0 0 0 0 0 0 0 0 0 1 1 1 1 1 0 0 0 
0 0 0 0 0 0 0 0 0 0 0 0 0 0 0 0 0 0 0 0 0 0 0 0 0 0 0 0 0 0 0 0 0 0 0 0 0 0 0 0 0 0 0 0 0 0 0 0 0 0 0 0 0 0 0 0 0 0 0 0 0 0 0 0 0 0 0 0 0 0 0 0 0 0 0 0 0 0 0 0 0 0 0 0 0 0 0 0 0 0 0 0 0 1 1 1 1 1 0 0 
0 0 0 0 0 0 0 0 0 0 0 0 0 0 0 0 0 0 0 0 0 0 0 0 0 0 0 0 0 0 0 0 0 0 0 0 0 0 0 0 0 0 0 0 0 0 0 0 0 0 0 0 0 0 0 0 0 0 0 0 0 0 0 0 0 0 0 0 0 0 0 0 0 0 0 0 0 0 0 0 0 0 0 0 0 0 0 0 0 0 0 0 0 0 1 1 1 1 1 0 
0 0 0 0 0 0 0 0 0 0 0 0 0 0 0 0 0 0 0 0 0 0 0 0 0 0 0 0 0 0 0 0 0 0 0 0 0 0 0 0 0 0 0 0 0 0 0 0 0 0 0 0 0 0 0 0 0 0 0 0 0 0 0 0 0 0 0 0 0 0 0 0 0 0 0 0 0 0 0 0 0 0 0 0 0 0 0 0 0 0 0 0 0 0 0 1 1 1 1 1 
1 0 0 0 0 0 0 0 0 0 0 0 0 0 0 0 0 0 0 0 0 0 0 0 0 0 0 0 0 0 0 0 0 0 0 0 0 0 0 0 0 0 0 0 0 0 0 0 0 0 0 0 0 0 0 0 0 0 0 0 0 0 0 0 0 0 0 0 0 0 0 0 0 0 0 0 0 0 0 0 0 0 0 0 0 0 0 0 0 0 0 0 0 0 0 0 1 1 1 1 
1 1 0 0 0 0 0 0 0 0 0 0 0 0 0 0 0 0 0 0 0 0 0 0 0 0 0 0 0 0 0 0 0 0 0 0 0 0 0 0 0 0 0 0 0 0 0 0 0 0 0 0 0 0 0 0 0 0 0 0 0 0 0 0 0 0 0 0 0 0 0 0 0 0 0 0 0 0 0 0 0 0 0 0 0 0 0 0 0 0 0 0 0 0 0 0 0 1 1 1 
1 1 1 0 0 0 0 0 0 0 0 0 0 0 0 0 0 0 0 0 0 0 0 0 0 0 0 0 0 0 0 0 0 0 0 0 0 0 0 0 0 0 0 0 0 0 0 0 0 0 0 0 0 0 0 0 0 0 0 0 0 0 0 0 0 0 0 0 0 0 0 0 0 0 0 0 0 0 0 0 0 0 0 0 0 0 0 0 0 0 0 0 0 0 0 0 0 0 1 1 
1 1 1 1 0 0 0 0 0 0 0 0 0 0 0 0 0 0 0 0 0 0 0 0 0 0 0 0 0 0 0 0 0 0 0 0 0 0 0 0 0 0 0 0 0 0 0 0 0 0 0 0 0 0 0 0 0 0 0 0 0 0 0 0 0 0 0 0 0 0 0 0 0 0 0 0 0 0 0 0 0 0 0 0 0 0 0 0 0 0 0 0 0 0 0 0 0 0 0 1 
