Parameters
100 4
F_el
0.01938719154764 0.02313981087696 0.00760000000000 0.01483226091042 0.02286804022483 0.02249021216008 0.01419880651641 0.01550450239454 0.00600000000000 0.00620000000000 0.00180000000000 0.00200000000000 0.00210000000000 0.01466395448451 0.00160000000000 0.00170000000000 0.01772987296477 0.01920201004340 0.00210000000000 0.00250000000000 0.01529708800202 0.02125069160674 0.00170000000000 0.00200000000000 0.00200000000000 0.00250000000000 0.00160000000000 0.00180000000000 0.00170000000000 0.00200000000000 0.00140000000000 0.00160000000000 
0.02657253223079 0.02739698509555 0.03153171984021 0.03253381125116 0.02534350421029 0.02606310070632 0.02975144702049 0.03055775629608 0.10487521323151 0.10251732854223 0.06100365824328 0.05465882200435 0.05480661937890 0.06424051221704 0.07449953328162 0.11061388925809 0.05465033357070 0.06799987372448 0.09929594241459 0.07197334883294 0.04168361273831 0.04607758024709 0.05137630154883 0.05773182825915 0.02983814269120 0.02881089958828 0.03037512996491 0.02968395309073 0.03595521332843 0.03434580927752 0.03429929569496 0.03319600409503 
0.02729897283061 0.02868922914919 0.02089000363994 0.02140091302540 0.02246366721881 0.02361402371897 0.02564876452359 0.02593290250055 0.02936114301676 0.02953039139838 0.00750000000000 0.00790000000000 0.04530498691371 0.04244831692216 0.00870000000000 0.01536850718034 0.01608084012156 0.01664751123641 0.00180000000000 0.00180000000000 0.01691608620301 0.01748818746227 0.00200000000000 0.00200000000000 0.00180000000000 0.00170000000000 0.00150000000000 0.00140000000000 0.00200000000000 0.00190000000000 0.00150000000000 0.00150000000000 
0.04841294327462 0.02635266571856 0.01510118578078 0.01512763974578 0.01461423783564 0.02408529620507 0.02237037578016 0.10313694967708 0.01424651339737 0.00180000000000 0.00150000000000 0.00130000000000 0.02253859768215 0.01719533961420 0.00220000000000 0.00180000000000 0.02800694555843 0.02262160689957 0.01499246790758 0.01485325269908 0.01952079587376 0.10608701441016 0.03971636138736 0.01789849587481 0.01436420050667 0.01432895574284 0.00140000000000 0.00130000000000 0.01675781695403 0.01545341337967 0.00570000000000 0.00170000000000 
0.00180000000000 0.01856911864332 0.00700000000000 0.03179931744164 0.00130000000000 0.00170000000000 0.00150000000000 0.00260000000000 0.00180000000000 0.01867678497103 0.00680000000000 0.03138462073256 0.00130000000000 0.00180000000000 0.00150000000000 0.00260000000000 0.00110000000000 0.00130000000000 0.00120000000000 0.00150000000000 0.00110000000000 0.00110000000000 0.00110000000000 0.00120000000000 0.00110000000000 0.00130000000000 0.00120000000000 0.00150000000000 0.00110000000000 0.00110000000000 0.00110000000000 0.00120000000000 
0.01481121082868 0.00140000000000 0.02072320991241 0.00160000000000 0.01566561796291 0.00140000000000 0.02378980097325 0.00180000000000 0.00120000000000 0.00110000000000 0.00130000000000 0.00110000000000 0.00120000000000 0.00110000000000 0.00140000000000 0.00110000000000 0.00130000000000 0.00110000000000 0.00160000000000 0.00120000000000 0.00140000000000 0.00110000000000 0.00180000000000 0.00120000000000 0.00100000000000 0.00100000000000 0.00110000000000 0.00100000000000 0.00110000000000 0.00100000000000 0.00110000000000 0.00100000000000 
0.00210000000000 0.00170000000000 0.01504158818287 0.00630000000000 0.01462246877894 0.00190000000000 0.01642933940517 0.00740000000000 0.00120000000000 0.00110000000000 0.00130000000000 0.00120000000000 0.00120000000000 0.00120000000000 0.00130000000000 0.00120000000000 0.01908836036576 0.01576441234167 0.02398903297246 0.01797895918878 0.02243819700137 0.01741169498833 0.03266178142233 0.02069414775723 0.00130000000000 0.00130000000000 0.00150000000000 0.00140000000000 0.00140000000000 0.00130000000000 0.00160000000000 0.00140000000000 
0.00170000000000 0.00220000000000 0.02171458903803 0.02759203551849 0.11566209797002 0.07131141903996 0.01650677108876 0.01630523063117 0.10801372178097 0.10330727790758 0.01554881337745 0.01544883840611 0.00170000000000 0.00170000000000 0.00120000000000 0.00120000000000 0.00190000000000 0.00690000000000 0.02585851499675 0.03852073092992 0.05928214969827 0.04282637187984 0.01617763238525 0.00990000000000 0.10353600352579 0.07643228805033 0.01523249094025 0.01515286032503 0.00160000000000 0.00160000000000 0.00120000000000 0.00120000000000 
0.00230000000000 0.00180000000000 0.00150000000000 0.00140000000000 0.02945429516566 0.03885726792935 0.02149797140691 0.01729984671517 0.00190000000000 0.00160000000000 0.00140000000000 0.00130000000000 0.04081650568618 0.02290297291369 0.01812803907033 0.01568136614185 0.00150000000000 0.00140000000000 0.00130000000000 0.00120000000000 0.10653701763151 0.03936055844372 0.00260000000000 0.00190000000000 0.00140000000000 0.00130000000000 0.00120000000000 0.00120000000000 0.04403399893314 0.02004138984503 0.00200000000000 0.00170000000000 
0.01704330066191 0.02985113608537 0.02533774538168 0.00190000000000 0.01573026598407 0.04680256864530 0.06814927933698 0.00760000000000 0.01716649460724 0.02784612137036 0.02411163814170 0.00190000000000 0.01584321728602 0.05270409332547 0.05011757715383 0.00730000000000 0.00170000000000 0.01646922360043 0.01812165069152 0.01922537487580 0.00150000000000 0.01504767330929 0.01614195772450 0.02808084996725 0.00170000000000 0.01667755210564 0.01832423236494 0.01871393737317 0.00160000000000 0.01516813651625 0.01626579039803 0.02634944051812 
0.01836212852197 0.00170000000000 0.06294715663816 0.01923693802658 0.03219402373368 0.00200000000000 0.03804400718876 0.09090169518106 0.07085463987002 0.01514893819904 0.01948868559611 0.10233754674034 0.11677306627807 0.01951093904619 0.01780184979084 0.05111315351565 0.00870000000000 0.00220000000000 0.01647873366257 0.01470102283908 0.02068875456295 0.00560000000000 0.01502996547092 0.02273429554125 0.01541961152226 0.00680000000000 0.00560000000000 0.01808202091329 0.00800000000000 0.00890000000000 0.00170000000000 0.01548170079925 
0.00180000000000 0.00190000000000 0.00160000000000 0.00160000000000 0.00190000000000 0.00190000000000 0.00160000000000 0.00160000000000 0.00140000000000 0.00140000000000 0.00130000000000 0.00130000000000 0.00140000000000 0.00140000000000 0.00130000000000 0.00130000000000 0.00140000000000 0.00140000000000 0.00130000000000 0.00130000000000 0.00140000000000 0.00140000000000 0.00130000000000 0.00130000000000 0.00120000000000 0.00120000000000 0.00120000000000 0.00120000000000 0.00120000000000 0.00120000000000 0.00120000000000 0.00120000000000 
0.00190000000000 0.01359856714887 0.00150000000000 0.00220000000000 0.01410573875593 0.01684361485528 0.00160000000000 0.01321589474601 0.02998448248539 0.09147322033623 0.01860659691181 0.02198873462573 0.03705140297064 0.05110892901394 0.02202527638094 0.02637939831295 0.00180000000000 0.01365063169206 0.00150000000000 0.00200000000000 0.01394640418227 0.01665865114659 0.00160000000000 0.01328815222447 0.02669597925110 0.04536429688565 0.01828831154102 0.02116740917406 0.03218574379360 0.05868046268147 0.02119802071120 0.02487108125837 
0.00160000000000 0.00110000000000 0.00130000000000 0.00110000000000 0.00200000000000 0.00120000000000 0.00160000000000 0.00110000000000 0.00140000000000 0.00110000000000 0.00130000000000 0.00110000000000 0.00180000000000 0.00120000000000 0.00150000000000 0.00110000000000 0.00140000000000 0.00110000000000 0.00120000000000 0.00110000000000 0.00160000000000 0.00120000000000 0.00140000000000 0.00110000000000 0.00130000000000 0.00110000000000 0.00120000000000 0.00100000000000 0.00150000000000 0.00110000000000 0.00130000000000 0.00110000000000 
0.02162687183990 0.02195084397769 0.01789665757030 0.01820870831646 0.02058921812389 0.02089900205574 0.01758750712124 0.01780599750007 0.00180000000000 0.00180000000000 0.00160000000000 0.00160000000000 0.00180000000000 0.00180000000000 0.00160000000000 0.00160000000000 0.02262978116180 0.02273038704162 0.02332596979928 0.02342291897399 0.02509949777596 0.02509912009152 0.02617396278641 0.02627477324803 0.10353988735308 0.10359260014906 0.05881691741222 0.06470041464622 0.10823592030727 0.10777054172332 0.03238803940943 0.03356983211614 
0.01832319725993 0.11459384153285 0.02034972184317 0.06771483432147 0.00200000000000 0.02181803633476 0.00670000000000 0.10627346300878 0.00140000000000 0.01404877796241 0.00150000000000 0.00680000000000 0.00120000000000 0.00150000000000 0.00130000000000 0.00160000000000 0.02776686925933 0.03062281509611 0.04813346087519 0.02179435861089 0.01443928633083 0.10550252128746 0.01438179980725 0.06824588497278 0.00160000000000 0.01630792105496 0.00170000000000 0.01678778995961 0.00130000000000 0.00170000000000 0.00140000000000 0.00190000000000 
0.00190000000000 0.00220000000000 0.00160000000000 0.00170000000000 0.00170000000000 0.00190000000000 0.00150000000000 0.00160000000000 0.00220000000000 0.00740000000000 0.00180000000000 0.00190000000000 0.00190000000000 0.00230000000000 0.00170000000000 0.00180000000000 0.00140000000000 0.00150000000000 0.00130000000000 0.00140000000000 0.00140000000000 0.00140000000000 0.00130000000000 0.00130000000000 0.00150000000000 0.00160000000000 0.00140000000000 0.00140000000000 0.00140000000000 0.00150000000000 0.00130000000000 0.00140000000000 
0.01599066435834 0.00150000000000 0.02400435269505 0.01634912440020 0.01800795250926 0.00170000000000 0.02041412053277 0.02352260650321 0.04065153091218 0.02179891335172 0.00200000000000 0.02534726704787 0.02769687247621 0.02631932226393 0.00180000000000 0.02216260975835 0.00130000000000 0.00110000000000 0.00220000000000 0.00140000000000 0.00140000000000 0.00120000000000 0.00570000000000 0.00150000000000 0.00210000000000 0.00130000000000 0.01401803190364 0.00590000000000 0.00630000000000 0.00140000000000 0.01972888403006 0.00770000000000 
0.00150000000000 0.00700000000000 0.00690000000000 0.02163640219163 0.00110000000000 0.00130000000000 0.00120000000000 0.00150000000000 0.00140000000000 0.00590000000000 0.00220000000000 0.01641342984116 0.00110000000000 0.00120000000000 0.00120000000000 0.00140000000000 0.00130000000000 0.00170000000000 0.00150000000000 0.00670000000000 0.00100000000000 0.00110000000000 0.00110000000000 0.00120000000000 0.00120000000000 0.00160000000000 0.00140000000000 0.00590000000000 0.00100000000000 0.00110000000000 0.00110000000000 0.00120000000000 
0.02266341300409 0.01499361549675 0.00190000000000 0.00150000000000 0.00160000000000 0.00130000000000 0.00120000000000 0.00110000000000 0.01838869077686 0.00220000000000 0.00160000000000 0.00140000000000 0.00140000000000 0.00130000000000 0.00120000000000 0.00110000000000 0.01595496030244 0.01905435434564 0.10612001155622 0.02307683862434 0.01759499886558 0.00750000000000 0.00200000000000 0.00150000000000 0.01844433287215 0.02396070175210 0.02851796641596 0.01865600818345 0.01549330665598 0.00620000000000 0.00160000000000 0.00140000000000 
0.00140000000000 0.00120000000000 0.00160000000000 0.00120000000000 0.00120000000000 0.00110000000000 0.00130000000000 0.00110000000000 0.00110000000000 0.00100000000000 0.00110000000000 0.00100000000000 0.00100000000000 0.00100000000000 0.00100000000000 0.00100000000000 0.00140000000000 0.00110000000000 0.00150000000000 0.00120000000000 0.00120000000000 0.00110000000000 0.00120000000000 0.00110000000000 0.00110000000000 0.00100000000000 0.00110000000000 0.00100000000000 0.00100000000000 0.00100000000000 0.00100000000000 0.00100000000000 
0.00160000000000 0.01589469529329 0.00120000000000 0.00140000000000 0.00170000000000 0.01682903652577 0.00120000000000 0.00150000000000 0.00160000000000 0.01701748648073 0.00120000000000 0.00150000000000 0.00170000000000 0.01835164964137 0.00120000000000 0.00150000000000 0.00150000000000 0.01325059163501 0.00110000000000 0.00140000000000 0.00160000000000 0.01357948327277 0.00120000000000 0.00140000000000 0.00150000000000 0.01396563378139 0.00110000000000 0.00140000000000 0.00160000000000 0.01551874632100 0.00120000000000 0.00140000000000 
0.00200000000000 0.00150000000000 0.01503275677167 0.00170000000000 0.00160000000000 0.00130000000000 0.00180000000000 0.00140000000000 0.01508047296956 0.00170000000000 0.01715408107675 0.00210000000000 0.00180000000000 0.00140000000000 0.00210000000000 0.00160000000000 0.00130000000000 0.00120000000000 0.00140000000000 0.00120000000000 0.00120000000000 0.00110000000000 0.00130000000000 0.00120000000000 0.00140000000000 0.00120000000000 0.00150000000000 0.00130000000000 0.00120000000000 0.00120000000000 0.00130000000000 0.00120000000000 
0.00150000000000 0.00180000000000 0.00130000000000 0.00150000000000 0.00130000000000 0.00140000000000 0.00120000000000 0.00120000000000 0.00140000000000 0.00160000000000 0.00130000000000 0.00140000000000 0.00120000000000 0.00130000000000 0.00110000000000 0.00120000000000 0.00160000000000 0.00200000000000 0.00140000000000 0.00150000000000 0.00130000000000 0.00140000000000 0.00120000000000 0.00130000000000 0.00150000000000 0.00180000000000 0.00130000000000 0.00140000000000 0.00120000000000 0.00140000000000 0.00120000000000 0.00120000000000 
0.01551921970404 0.01287721179644 0.01902450934827 0.01506220905407 0.01629516649272 0.01554776015458 0.00210000000000 0.00650000000000 0.00190000000000 0.00560000000000 0.00670000000000 0.00580000000000 0.02792771214650 0.02315299344122 0.01954024350998 0.01748100214111 0.00190000000000 0.00550000000000 0.01585727015325 0.00590000000000 0.03292486762046 0.02473072674295 0.07504879653122 0.01759579456671 0.00150000000000 0.00150000000000 0.00170000000000 0.00520000000000 0.03154905876858 0.02159575617618 0.10098975772278 0.05567656503697 
0.00180000000000 0.00150000000000 0.01460224979816 0.00170000000000 0.00190000000000 0.00150000000000 0.01492362632309 0.00170000000000 0.00140000000000 0.00130000000000 0.00160000000000 0.00140000000000 0.00140000000000 0.00130000000000 0.00170000000000 0.00140000000000 0.00210000000000 0.00160000000000 0.01577033293804 0.00190000000000 0.00230000000000 0.00160000000000 0.01630380661476 0.00200000000000 0.00150000000000 0.00130000000000 0.00180000000000 0.00150000000000 0.00160000000000 0.00140000000000 0.00190000000000 0.00150000000000 
0.00210000000000 0.00180000000000 0.00240000000000 0.00190000000000 0.03841806904215 0.03068135616781 0.02903934048762 0.08749674602031 0.10384732740289 0.03405920005325 0.04530709723998 0.04350173173910 0.01582680892969 0.01681122849026 0.01538867588426 0.01626338999956 0.01652944038382 0.01636917870481 0.01947021006103 0.01666364456167 0.07113887027764 0.04272926959770 0.05578717142718 0.06652104413007 0.07597023269580 0.04327825446018 0.07374541413632 0.05660544167139 0.02286122563937 0.02554132601853 0.02182766244587 0.02400125092340 
0.00190000000000 0.00150000000000 0.00190000000000 0.00150000000000 0.00240000000000 0.00160000000000 0.00250000000000 0.00160000000000 0.00160000000000 0.00140000000000 0.00170000000000 0.00140000000000 0.00180000000000 0.00150000000000 0.00190000000000 0.00150000000000 0.02398817734251 0.01730712848086 0.02480418679153 0.01752861601641 0.04320867714310 0.02003128032307 0.04910804035213 0.02054084026459 0.01609951330533 0.00210000000000 0.01641063938079 0.00220000000000 0.01919503480681 0.00270000000000 0.01982035283487 0.00280000000000 
0.01434414937851 0.00170000000000 0.02886612855348 0.01957168654851 0.01925791338292 0.00960000000000 0.03766012959141 0.02493835647864 0.01746075032434 0.01549464712699 0.03366202159119 0.02748613190754 0.02451126722365 0.01628895456467 0.06137367957279 0.03640138837742 0.00160000000000 0.00140000000000 0.01746621909900 0.01585175334716 0.01294470722355 0.00150000000000 0.02302579011572 0.01811689513458 0.00200000000000 0.00160000000000 0.02421988402253 0.01827707239245 0.01676615711561 0.00570000000000 0.03238209663335 0.02190624147015 
0.01908121902020 0.00180000000000 0.01928806865326 0.00180000000000 0.00150000000000 0.00120000000000 0.00150000000000 0.00120000000000 0.00130000000000 0.00110000000000 0.00130000000000 0.00110000000000 0.00110000000000 0.00100000000000 0.00110000000000 0.00100000000000 0.02088369074425 0.00680000000000 0.02129823575162 0.00690000000000 0.00170000000000 0.00130000000000 0.00170000000000 0.00130000000000 0.00150000000000 0.00120000000000 0.00150000000000 0.00120000000000 0.00120000000000 0.00100000000000 0.00120000000000 0.00100000000000 
0.03201377254728 0.00810000000000 0.00200000000000 0.00160000000000 0.00140000000000 0.00130000000000 0.00120000000000 0.00110000000000 0.02254066195181 0.01377885077567 0.00160000000000 0.00140000000000 0.00130000000000 0.00120000000000 0.00110000000000 0.00110000000000 0.02131146819548 0.01481561219287 0.11206390542775 0.01552260610671 0.01817475410411 0.00190000000000 0.00140000000000 0.00130000000000 0.03661401672530 0.03030799633455 0.02388006946831 0.01381889911726 0.00190000000000 0.00150000000000 0.00130000000000 0.00120000000000 
0.01936004325554 0.01736341000108 0.04773606464713 0.02806041470079 0.00160000000000 0.00150000000000 0.00210000000000 0.00190000000000 0.02365124167316 0.01968782320143 0.03026273306861 0.08209099181216 0.00180000000000 0.00170000000000 0.00290000000000 0.00230000000000 0.02463171794819 0.02049193602582 0.03377537078477 0.08848598995387 0.00180000000000 0.00160000000000 0.00300000000000 0.00230000000000 0.04232186978627 0.02601061864129 0.02133895941436 0.02743314913138 0.00210000000000 0.00190000000000 0.01432752707668 0.00740000000000 
0.00160000000000 0.00140000000000 0.01511571956325 0.00180000000000 0.00190000000000 0.00160000000000 0.01643573061628 0.01417645434409 0.01976722291785 0.01527438578879 0.05785882966570 0.02587062729839 0.02804305016531 0.01778889106744 0.04470210453193 0.04274113121150 0.03377122946569 0.02876379991348 0.02419006628410 0.03901605182259 0.02063625942544 0.03550501372863 0.01928131153224 0.02429488686234 0.00190000000000 0.01504670178831 0.00150000000000 0.00190000000000 0.00160000000000 0.00190000000000 0.00140000000000 0.00160000000000 
0.00690000000000 0.00140000000000 0.00170000000000 0.00130000000000 0.00180000000000 0.00130000000000 0.00150000000000 0.00120000000000 0.03510689245709 0.01000000000000 0.01834047684418 0.00180000000000 0.02224681310486 0.01301833277921 0.01555350233073 0.00150000000000 0.02398027683263 0.01323850420513 0.01624037486936 0.00160000000000 0.01878945186131 0.00180000000000 0.00730000000000 0.00140000000000 0.01983342635689 0.02664452092944 0.03110665450110 0.01765539981318 0.02624267968085 0.01857780414922 0.04212228518446 0.01390545592812 
0.00160000000000 0.00120000000000 0.01949985790694 0.00150000000000 0.00200000000000 0.00120000000000 0.03077779496999 0.00170000000000 0.00120000000000 0.00110000000000 0.00160000000000 0.00120000000000 0.00130000000000 0.00110000000000 0.00200000000000 0.00120000000000 0.00120000000000 0.00100000000000 0.00150000000000 0.00110000000000 0.00130000000000 0.00110000000000 0.00180000000000 0.00120000000000 0.00110000000000 0.00100000000000 0.00120000000000 0.00100000000000 0.00110000000000 0.00100000000000 0.00130000000000 0.00110000000000 
0.00160000000000 0.00130000000000 0.03174312434093 0.01709145825181 0.04555458972101 0.01800770690719 0.00180000000000 0.01715398292946 0.01541189715091 0.00170000000000 0.01961264968433 0.04707856265545 0.02046237724373 0.10750201812214 0.00140000000000 0.00170000000000 0.02452453425274 0.01586504250980 0.00220000000000 0.02030848175582 0.00220000000000 0.02157810267213 0.00120000000000 0.00140000000000 0.02726429111398 0.02952419293828 0.00140000000000 0.00200000000000 0.00140000000000 0.00190000000000 0.00110000000000 0.00120000000000 
0.00170000000000 0.01478825588020 0.00230000000000 0.01791373090446 0.00130000000000 0.00150000000000 0.00140000000000 0.00170000000000 0.00150000000000 0.00210000000000 0.00180000000000 0.01577349798184 0.00120000000000 0.00140000000000 0.00130000000000 0.00160000000000 0.00150000000000 0.01577511863033 0.01281278758086 0.01761114437980 0.00120000000000 0.00140000000000 0.00130000000000 0.00160000000000 0.00140000000000 0.00190000000000 0.00160000000000 0.01600996590088 0.00120000000000 0.00130000000000 0.00130000000000 0.00140000000000 
0.01725085317068 0.03082770911977 0.01477515128225 0.02040377628098 0.00240000000000 0.01822165276250 0.00180000000000 0.01531405878027 0.01727226928199 0.02144222828863 0.01565193300433 0.01875874502003 0.01296917246822 0.01780942170274 0.00160000000000 0.01607645943543 0.01543082316558 0.02246887075075 0.00220000000000 0.01748096852722 0.00190000000000 0.01608293121265 0.00160000000000 0.01403808942433 0.01609451194954 0.01947349716722 0.00200000000000 0.01737987060750 0.00170000000000 0.01652621154891 0.00150000000000 0.01511115434800 
0.02266795448199 0.00140000000000 0.01792208037915 0.00130000000000 0.04163972072928 0.00170000000000 0.03888521834822 0.00150000000000 0.02051109949555 0.00130000000000 0.01683222825967 0.00130000000000 0.10241206750989 0.00160000000000 0.03111110362648 0.00150000000000 0.01804062136794 0.00130000000000 0.01519932621197 0.00120000000000 0.04133727611395 0.00150000000000 0.02555230252753 0.00140000000000 0.01686618587892 0.00130000000000 0.00740000000000 0.00120000000000 0.03286004740549 0.00150000000000 0.02306714653214 0.00130000000000 
0.04829152142549 0.03922647134495 0.02939110520782 0.02688901232822 0.02357008792144 0.02242615557632 0.01971535121228 0.01898300086707 0.01793203534597 0.01730847771746 0.01555925753477 0.01515452128698 0.00660000000000 0.00650000000000 0.00640000000000 0.00630000000000 0.02779541673038 0.02554048187482 0.02129337672925 0.02015411041533 0.01886611821584 0.01822748909745 0.01633691049063 0.01583196430759 0.00780000000000 0.00730000000000 0.00630000000000 0.00620000000000 0.00630000000000 0.00210000000000 0.00180000000000 0.00180000000000 
0.00170000000000 0.00120000000000 0.00150000000000 0.00120000000000 0.00140000000000 0.00120000000000 0.00130000000000 0.00110000000000 0.01647865356018 0.00140000000000 0.00660000000000 0.00130000000000 0.00170000000000 0.00120000000000 0.00150000000000 0.00120000000000 0.00150000000000 0.00120000000000 0.00140000000000 0.00110000000000 0.00130000000000 0.00110000000000 0.00120000000000 0.00110000000000 0.00570000000000 0.00130000000000 0.00530000000000 0.00120000000000 0.00160000000000 0.00120000000000 0.00140000000000 0.00110000000000 
0.00150000000000 0.00210000000000 0.00140000000000 0.00180000000000 0.00150000000000 0.00230000000000 0.00140000000000 0.00190000000000 0.00140000000000 0.00190000000000 0.00130000000000 0.00170000000000 0.00150000000000 0.00210000000000 0.00140000000000 0.00180000000000 0.01479552656226 0.02841985981267 0.00210000000000 0.01954724042171 0.01554994986198 0.03712665289297 0.00240000000000 0.02145417506288 0.00630000000000 0.01786082809374 0.00200000000000 0.01524839588034 0.00670000000000 0.01923928393326 0.00220000000000 0.01620081644828 
0.01556850164878 0.03013889254238 0.02195707711309 0.02423151782841 0.01793790503969 0.02600507767159 0.02866616185753 0.01964035953338 0.00180000000000 0.01737285460927 0.01659623435489 0.02646057006638 0.00190000000000 0.01982511468528 0.01448634444060 0.03713285278856 0.08589313582766 0.02253482038334 0.02802251355801 0.01413529998021 0.03871422246794 0.01511929361590 0.01925615941367 0.00680000000000 0.07873987193758 0.04426185853392 0.05281395440106 0.02141839008646 0.05726690471363 0.02561880557920 0.03872388831852 0.01529001943014 
0.01610169317620 0.00220000000000 0.02470091754715 0.00290000000000 0.10544633900707 0.10444546597595 0.00980000000000 0.01373819543550 0.01578068047666 0.00220000000000 0.02336312417434 0.00270000000000 0.11038503560768 0.10365888404739 0.00990000000000 0.01392509083003 0.02794782474749 0.01860962594447 0.02414061253705 0.04101543742609 0.01751555908220 0.02016940152190 0.00180000000000 0.00200000000000 0.02635524328625 0.01797886881828 0.02454534457219 0.10222713358225 0.01761211482490 0.02027952008235 0.00180000000000 0.00200000000000 
0.00200000000000 0.00250000000000 0.02846208486182 0.01568960587534 0.01598745136557 0.00960000000000 0.10914415241884 0.00680000000000 0.02915065995355 0.02325465448236 0.01783277543820 0.00170000000000 0.11926453017361 0.00920000000000 0.01777960162505 0.00160000000000 0.03633429247029 0.00930000000000 0.01536570107061 0.00160000000000 0.02612878032401 0.00840000000000 0.01553703963297 0.00150000000000 0.01603049391283 0.00160000000000 0.00140000000000 0.00120000000000 0.01600489594850 0.00150000000000 0.00140000000000 0.00120000000000 
0.01503235489193 0.00180000000000 0.06953441484702 0.06763093633174 0.00220000000000 0.00160000000000 0.09748514435629 0.07134189214364 0.01645899355966 0.00220000000000 0.04258109455593 0.08632738725977 0.01473292159641 0.00180000000000 0.07639885230522 0.06795343651271 0.00250000000000 0.00190000000000 0.02388755745104 0.05327832071628 0.00210000000000 0.00170000000000 0.02814264297316 0.04644502919667 0.00320000000000 0.00210000000000 0.02204810726551 0.05105797308994 0.00240000000000 0.00180000000000 0.02484796226673 0.06653627300772 
0.02739930951288 0.02331198671861 0.00150000000000 0.00140000000000 0.00190000000000 0.00160000000000 0.00120000000000 0.00120000000000 0.00260000000000 0.00200000000000 0.00130000000000 0.00120000000000 0.00140000000000 0.00130000000000 0.00110000000000 0.00110000000000 0.04605598595676 0.03169487968492 0.00180000000000 0.00160000000000 0.01559735964943 0.01329254427708 0.00130000000000 0.00120000000000 0.01741418645308 0.03775560200772 0.00140000000000 0.00130000000000 0.00150000000000 0.00140000000000 0.00110000000000 0.00110000000000 
0.01499892934603 0.00170000000000 0.02533757081939 0.01504073513403 0.02029946683406 0.01593727757806 0.04045831895522 0.02082439063931 0.02914623768795 0.02029155460723 0.05229860040313 0.03159999998185 0.03636802975322 0.02417327433385 0.02684397477926 0.03906778348510 0.01809702338489 0.00200000000000 0.12431012466067 0.01867073904145 0.02455498123074 0.01810505588225 0.03650658341325 0.02561526843938 0.04022416652081 0.02377428992281 0.03734929583147 0.04837207559277 0.04160872580592 0.02820067028974 0.02182342948625 0.03861771840192 
0.00180000000000 0.01537535954232 0.00160000000000 0.00200000000000 0.00140000000000 0.00170000000000 0.00130000000000 0.00150000000000 0.00130000000000 0.00140000000000 0.00120000000000 0.00130000000000 0.00120000000000 0.00130000000000 0.00110000000000 0.00120000000000 0.02060501928774 0.06611193661525 0.01747570927202 0.06267218429141 0.00720000000000 0.01833924190336 0.00180000000000 0.01373259337188 0.00160000000000 0.01412312049940 0.00150000000000 0.00180000000000 0.00140000000000 0.00160000000000 0.00130000000000 0.00140000000000 
0.00170000000000 0.00170000000000 0.00180000000000 0.00190000000000 0.00120000000000 0.00120000000000 0.00120000000000 0.00120000000000 0.00840000000000 0.00530000000000 0.00530000000000 0.00560000000000 0.00120000000000 0.00120000000000 0.00120000000000 0.00120000000000 0.00120000000000 0.00120000000000 0.00120000000000 0.00120000000000 0.00100000000000 0.00100000000000 0.00100000000000 0.00100000000000 0.00120000000000 0.00120000000000 0.00120000000000 0.00120000000000 0.00100000000000 0.00100000000000 0.00100000000000 0.00100000000000 
0.00150000000000 0.01501408099683 0.00130000000000 0.00160000000000 0.02131955234805 0.02977395380332 0.01615253387642 0.02220147153753 0.00120000000000 0.00140000000000 0.00110000000000 0.00120000000000 0.00190000000000 0.01800265788121 0.00150000000000 0.01268131405749 0.00160000000000 0.01469953782155 0.00130000000000 0.00550000000000 0.01969508555219 0.01952666412350 0.01465812087420 0.01695563476974 0.00120000000000 0.00140000000000 0.00110000000000 0.00130000000000 0.00850000000000 0.01465975402974 0.00520000000000 0.00810000000000 
0.00150000000000 0.00170000000000 0.00150000000000 0.00170000000000 0.00120000000000 0.00120000000000 0.00120000000000 0.00120000000000 0.00130000000000 0.00150000000000 0.00130000000000 0.00150000000000 0.00110000000000 0.00120000000000 0.00110000000000 0.00120000000000 0.00160000000000 0.00190000000000 0.00160000000000 0.00190000000000 0.00120000000000 0.00130000000000 0.00120000000000 0.00130000000000 0.00140000000000 0.00160000000000 0.00140000000000 0.00160000000000 0.00110000000000 0.00120000000000 0.00110000000000 0.00120000000000 
0.04900975944816 0.00210000000000 0.00200000000000 0.00130000000000 0.03780374658854 0.01359958827963 0.01280848969214 0.00130000000000 0.00240000000000 0.00130000000000 0.00130000000000 0.00110000000000 0.01673009779256 0.00130000000000 0.00130000000000 0.00110000000000 0.00610000000000 0.00210000000000 0.02504318821361 0.00230000000000 0.01580325690889 0.00600000000000 0.04050625215014 0.01266105530270 0.02270255305203 0.00300000000000 0.01513153752695 0.00140000000000 0.04680369314355 0.00990000000000 0.01618120230750 0.00140000000000 
0.01898181446419 0.02102327318096 0.00230000000000 0.02089085295443 0.03291370735925 0.01642867798890 0.01768705552251 0.00290000000000 0.01526316592526 0.03883851549456 0.00180000000000 0.02011303094363 0.01988575926577 0.01966843901410 0.00230000000000 0.01586848936704 0.01719573998488 0.02458792946726 0.00200000000000 0.03946406973912 0.02462020612017 0.01753981316533 0.00260000000000 0.00790000000000 0.00770000000000 0.03648804815066 0.00170000000000 0.01745997996071 0.01795793531175 0.02218881220511 0.00200000000000 0.01965079166072 
0.04094766697834 0.04257236785046 0.01923070731145 0.01946709458472 0.01839948628765 0.01914538244792 0.00180000000000 0.00180000000000 0.02428545316612 0.02296865444169 0.01555520011145 0.01620422261156 0.00210000000000 0.01571712114469 0.00140000000000 0.00140000000000 0.00670000000000 0.01931562790948 0.00720000000000 0.02914829614855 0.03288960100155 0.02537601656728 0.00250000000000 0.00240000000000 0.01884997567857 0.03530685098886 0.00380000000000 0.01329402191368 0.00310000000000 0.01432559290389 0.00170000000000 0.00170000000000 
0.01482504155958 0.01932260915015 0.00130000000000 0.00140000000000 0.01684720606029 0.02577724178560 0.00140000000000 0.00160000000000 0.00180000000000 0.00220000000000 0.00120000000000 0.00130000000000 0.00230000000000 0.01696479334821 0.00130000000000 0.00140000000000 0.02233201580348 0.03613955672931 0.00140000000000 0.00150000000000 0.02911424003972 0.10774433115883 0.00160000000000 0.01463083550811 0.01761702554741 0.02298906683775 0.00120000000000 0.00130000000000 0.01985777382755 0.02946201753135 0.00130000000000 0.00140000000000 
0.04005696430132 0.02216854303062 0.01796407662750 0.00190000000000 0.01833653681745 0.02343930857068 0.02591354502453 0.08504883247434 0.05194544279437 0.06688433638484 0.02784079525350 0.01997765843713 0.01816415377254 0.02141389950466 0.02459337285281 0.04650896756005 0.03168420789199 0.02322573595786 0.01818507964676 0.00740000000000 0.01783057394100 0.02132393076280 0.02486880606076 0.05088191286771 0.04033136992864 0.07111395926171 0.03026855267937 0.02029475799097 0.01781672097660 0.02089219515080 0.02384628616201 0.04267538147290 
0.01831659989805 0.03339501179235 0.01830371053530 0.02903002814303 0.02059294614143 0.03597770052446 0.02039229411760 0.03177985776461 0.01486046649357 0.01946817727689 0.01476299730747 0.01910516899914 0.01656366791167 0.02124448693273 0.01666959911502 0.02085511823488 0.01872639047993 0.03005454233893 0.01871843969181 0.02777661699102 0.02090136046430 0.03279967644235 0.02069006837694 0.03030845870347 0.01579582730002 0.01953720571157 0.01591279832285 0.01934777156256 0.01697811644585 0.02126709990883 0.01707638867119 0.02096950698058 
0.03061937950355 0.02506439767335 0.01931769156122 0.01803911517839 0.00630000000000 0.04276021376394 0.00760000000000 0.04482775207297 0.02042421929640 0.01605158830872 0.02069508812183 0.01541182849264 0.02443763858818 0.01791536889093 0.02153482113540 0.01783285476645 0.03119384760618 0.07364912387005 0.02141799229487 0.03132956571788 0.00210000000000 0.00470000000000 0.00180000000000 0.00500000000000 0.03776168364272 0.02535277451163 0.04465534330606 0.02644489708755 0.03496254491440 0.04577575145007 0.03175115150319 0.05461113188068 
0.01503556079609 0.01556798917584 0.00200000000000 0.00210000000000 0.04759852841059 0.04517936411472 0.03894241226999 0.03657419292180 0.00170000000000 0.00180000000000 0.00150000000000 0.00150000000000 0.02400815271413 0.02385573719930 0.01712530613855 0.01716101716739 0.00160000000000 0.00160000000000 0.00150000000000 0.00150000000000 0.02264857603873 0.02337674463374 0.02089277776912 0.02160699797846 0.00140000000000 0.00140000000000 0.00130000000000 0.00130000000000 0.01531186758268 0.01526420381265 0.01555723850314 0.01548060149251 
0.00210000000000 0.00520000000000 0.00510000000000 0.00720000000000 0.02298416813761 0.01771369418491 0.01593715868995 0.01000000000000 0.00160000000000 0.00170000000000 0.00160000000000 0.00430000000000 0.01758312440881 0.01454484235637 0.00830000000000 0.00710000000000 0.01402927610843 0.00870000000000 0.01529539406480 0.00750000000000 0.03523467190744 0.02061348764428 0.02182792256288 0.01889304871273 0.00180000000000 0.00540000000000 0.00540000000000 0.00450000000000 0.02014348867508 0.01600625249809 0.01583994759164 0.01438789292547 
0.02462898154343 0.02271561764993 0.01487566624920 0.01729471011677 0.01423244782050 0.00930000000000 0.00160000000000 0.00150000000000 0.01772734406804 0.00810000000000 0.00170000000000 0.00470000000000 0.00150000000000 0.00460000000000 0.00130000000000 0.00130000000000 0.00160000000000 0.00170000000000 0.00130000000000 0.00130000000000 0.00130000000000 0.00120000000000 0.00120000000000 0.00110000000000 0.00130000000000 0.00130000000000 0.00120000000000 0.00120000000000 0.00110000000000 0.00110000000000 0.00110000000000 0.00110000000000 
0.00180000000000 0.00130000000000 0.00150000000000 0.00120000000000 0.00150000000000 0.00120000000000 0.00130000000000 0.00120000000000 0.00180000000000 0.00140000000000 0.00150000000000 0.00120000000000 0.00150000000000 0.00120000000000 0.00130000000000 0.00120000000000 0.00190000000000 0.00140000000000 0.00150000000000 0.00120000000000 0.00150000000000 0.00130000000000 0.00140000000000 0.00120000000000 0.00190000000000 0.00140000000000 0.00150000000000 0.00130000000000 0.00160000000000 0.00130000000000 0.00140000000000 0.00120000000000 
0.00150000000000 0.00110000000000 0.00120000000000 0.00100000000000 0.00650000000000 0.00120000000000 0.00130000000000 0.00110000000000 0.00130000000000 0.00110000000000 0.00110000000000 0.00100000000000 0.00180000000000 0.00110000000000 0.00120000000000 0.00100000000000 0.00120000000000 0.00100000000000 0.00110000000000 0.00100000000000 0.00140000000000 0.00110000000000 0.00110000000000 0.00100000000000 0.00110000000000 0.00100000000000 0.00100000000000 0.00100000000000 0.00120000000000 0.00100000000000 0.00110000000000 0.00100000000000 
0.00190000000000 0.13027394066916 0.01506224990088 0.03742060591158 0.00160000000000 0.02993425543085 0.01664461484386 0.04579890703812 0.02452401094359 0.02148196052764 0.03189717296185 0.01557629975746 0.02271718777427 0.02850012735341 0.03003192937575 0.02234682846556 0.00540000000000 0.02201455516600 0.00570000000000 0.03597267827689 0.00500000000000 0.02111484101754 0.00510000000000 0.02428772320637 0.01761042860170 0.02418623131041 0.02175258829058 0.01778934192158 0.01530709576435 0.04998345588125 0.01850269657866 0.02491745940071 
0.00170000000000 0.00110000000000 0.00210000000000 0.00120000000000 0.02145587932351 0.00130000000000 0.01971556778848 0.00150000000000 0.00170000000000 0.00110000000000 0.00230000000000 0.00120000000000 0.01793942495471 0.00140000000000 0.00280000000000 0.00160000000000 0.02245347932675 0.00130000000000 0.02048252287038 0.00150000000000 0.01796325311962 0.00230000000000 0.00180000000000 0.00620000000000 0.03112694228769 0.00140000000000 0.00270000000000 0.00160000000000 0.00210000000000 0.00220000000000 0.00150000000000 0.00520000000000 
0.01487787225774 0.00190000000000 0.01841535305206 0.02025005341125 0.02440812821812 0.01811864805807 0.01552020028672 0.00940000000000 0.02060664390757 0.02016201350325 0.00150000000000 0.00160000000000 0.01514751939416 0.00910000000000 0.00150000000000 0.00160000000000 0.00250000000000 0.00190000000000 0.01643447070301 0.01702804719866 0.02443450142484 0.01756330745188 0.00800000000000 0.00780000000000 0.01752580071051 0.01576310543098 0.00140000000000 0.00150000000000 0.00760000000000 0.00620000000000 0.00140000000000 0.00140000000000 
0.00180000000000 0.01875892475623 0.00510000000000 0.00950000000000 0.00200000000000 0.02065663850847 0.00520000000000 0.01516134193213 0.00750000000000 0.02212933167954 0.00490000000000 0.01483601787882 0.01514952148252 0.02548671712867 0.00510000000000 0.01746759235377 0.00170000000000 0.01524232255702 0.00520000000000 0.00950000000000 0.00190000000000 0.01943563562616 0.00520000000000 0.01513268497912 0.00680000000000 0.02081504308307 0.00490000000000 0.01470364886668 0.01471599598956 0.02334023639670 0.00500000000000 0.01703810296716 
0.00150000000000 0.00130000000000 0.00140000000000 0.00120000000000 0.00150000000000 0.00130000000000 0.00140000000000 0.00120000000000 0.00140000000000 0.00120000000000 0.00130000000000 0.00110000000000 0.00140000000000 0.00120000000000 0.00130000000000 0.00110000000000 0.00150000000000 0.00120000000000 0.00130000000000 0.00120000000000 0.00150000000000 0.00120000000000 0.00130000000000 0.00120000000000 0.00130000000000 0.00120000000000 0.00130000000000 0.00110000000000 0.00130000000000 0.00120000000000 0.00130000000000 0.00110000000000 
0.02091147003438 0.08499882977771 0.02111626265009 0.10791254257573 0.01467683316530 0.01965953040954 0.01479225619247 0.01985697649216 0.01754655863918 0.02831046669043 0.01773930250965 0.02922071843895 0.00180000000000 0.01677698607758 0.00180000000000 0.01688674323518 0.10207583721480 0.01804406836778 0.10226169992604 0.01865382162478 0.02963956816560 0.10445590914599 0.03017210490630 0.10546830797684 0.06250690703695 0.10536038197049 0.05444199834017 0.10665435926405 0.02050628182997 0.10405811421351 0.02061264562682 0.10440510448839 
0.00190000000000 0.00170000000000 0.00150000000000 0.00140000000000 0.01545746469820 0.00200000000000 0.00180000000000 0.00160000000000 0.01485423131309 0.00220000000000 0.00190000000000 0.00170000000000 0.01909569263101 0.01691170620357 0.01451246003097 0.00200000000000 0.00190000000000 0.00170000000000 0.00150000000000 0.00140000000000 0.01544058433990 0.00200000000000 0.00180000000000 0.00160000000000 0.01474925092723 0.00220000000000 0.00190000000000 0.00170000000000 0.01889412377210 0.01679908034981 0.01449106112740 0.00200000000000 
0.00180000000000 0.01587291341526 0.00130000000000 0.00170000000000 0.04499427859756 0.02163299998211 0.00710000000000 0.02008937827758 0.00120000000000 0.00150000000000 0.00110000000000 0.00120000000000 0.00230000000000 0.01882743601994 0.00150000000000 0.00220000000000 0.00110000000000 0.00130000000000 0.00110000000000 0.00110000000000 0.00150000000000 0.00640000000000 0.00130000000000 0.00150000000000 0.00100000000000 0.00110000000000 0.00100000000000 0.00100000000000 0.00120000000000 0.00140000000000 0.00110000000000 0.00120000000000 
0.01556265322677 0.01997724274061 0.03378976123188 0.02517177264488 0.00170000000000 0.00210000000000 0.02060714650713 0.05592390066806 0.00130000000000 0.00140000000000 0.00200000000000 0.00770000000000 0.00120000000000 0.00120000000000 0.00150000000000 0.00170000000000 0.00150000000000 0.00170000000000 0.01655686545344 0.02566689585591 0.00130000000000 0.00140000000000 0.00190000000000 0.01765067555394 0.00110000000000 0.00120000000000 0.00140000000000 0.00150000000000 0.00110000000000 0.00110000000000 0.00120000000000 0.00130000000000 
0.00170000000000 0.02576352597934 0.00130000000000 0.00900000000000 0.00160000000000 0.02285991376775 0.00130000000000 0.00900000000000 0.00160000000000 0.02142861516185 0.00120000000000 0.00870000000000 0.00150000000000 0.01986756722543 0.00120000000000 0.00510000000000 0.00120000000000 0.00170000000000 0.00110000000000 0.00130000000000 0.00120000000000 0.00160000000000 0.00110000000000 0.00120000000000 0.00120000000000 0.00160000000000 0.00110000000000 0.00120000000000 0.00120000000000 0.00150000000000 0.00110000000000 0.00120000000000 
0.00160000000000 0.00230000000000 0.00150000000000 0.00220000000000 0.00160000000000 0.00240000000000 0.00160000000000 0.00220000000000 0.00130000000000 0.00150000000000 0.00120000000000 0.00150000000000 0.00130000000000 0.00150000000000 0.00120000000000 0.00150000000000 0.00140000000000 0.00170000000000 0.00130000000000 0.00170000000000 0.00140000000000 0.00180000000000 0.00140000000000 0.00170000000000 0.00120000000000 0.00130000000000 0.00120000000000 0.00130000000000 0.00120000000000 0.00130000000000 0.00120000000000 0.00130000000000 
0.00670000000000 0.01707502608149 0.02004494911338 0.03456806141827 0.00130000000000 0.00140000000000 0.00150000000000 0.00190000000000 0.02623266271740 0.03771685049639 0.02409489733424 0.01895606917108 0.00170000000000 0.00220000000000 0.01339918209285 0.01782716005229 0.00190000000000 0.01491142456059 0.02055534051516 0.03235339931473 0.00120000000000 0.00130000000000 0.00150000000000 0.00170000000000 0.02583195148000 0.03650435439844 0.02505890727815 0.01989547385050 0.00150000000000 0.00190000000000 0.01349052810490 0.01858102104715 
0.02532950297100 0.02642876359756 0.10886704368635 0.02080270315968 0.01510183742544 0.02125029663908 0.01778481217774 0.03418777687279 0.01874435536070 0.01848151168194 0.02763657595257 0.00990000000000 0.00610000000000 0.01741495872509 0.00770000000000 0.02657980202575 0.02073279219840 0.05142225570314 0.10250724310886 0.02677747442379 0.00180000000000 0.01854379139309 0.00240000000000 0.02462877956887 0.00900000000000 0.02596565005606 0.01979925050769 0.01831990680917 0.00560000000000 0.00840000000000 0.00630000000000 0.01808030498562 
0.01502488864703 0.04086960978361 0.01800569362396 0.00180000000000 0.01526045709803 0.03760110929181 0.01834416256875 0.00180000000000 0.00200000000000 0.03140151032535 0.02121028111750 0.00200000000000 0.00200000000000 0.02882667954915 0.02151823243678 0.00210000000000 0.02212216259467 0.10652470882302 0.01903898127663 0.00170000000000 0.02213094323243 0.10730841399412 0.01924113914864 0.00170000000000 0.01983764858643 0.08757479804551 0.02151334780137 0.00180000000000 0.01993279003761 0.09015044470886 0.02162738066442 0.00190000000000 
0.10257691811809 0.03842000504204 0.11759113268357 0.10340924345900 0.03228555949941 0.05332637885771 0.04315067529777 0.11868987972514 0.03474506379979 0.11641372884624 0.07719987103365 0.08209579016165 0.02657207897646 0.03026630251149 0.02761421046499 0.03673991098729 0.01869581274702 0.01722989951940 0.01624084116014 0.01510085922869 0.02114565881257 0.01889598100481 0.01905231142317 0.01700403660444 0.05681047373036 0.04724606971332 0.05253897293333 0.04129278676651 0.11015609806768 0.06810592949982 0.11573242452362 0.06772429539847 
0.03313437670553 0.05139048087028 0.03071246023417 0.05587427280665 0.01801916811288 0.01526445130481 0.01856466990740 0.01598365023157 0.04184525850198 0.02307762662157 0.04315160424157 0.02407333101579 0.00670000000000 0.00700000000000 0.00690000000000 0.00710000000000 0.01723802379342 0.00630000000000 0.01693479704879 0.00620000000000 0.01533858252819 0.00640000000000 0.01439038445784 0.00630000000000 0.02357034736495 0.01641247024325 0.02222825005620 0.01601850040034 0.01516830346102 0.01556164430540 0.01601413916135 0.01460975872101 
0.01915194168566 0.02286888653542 0.01805875616383 0.03019535080096 0.01841826929166 0.02131769519060 0.01694749005655 0.02256167448394 0.01935956213156 0.02327766374650 0.01837607114253 0.03284293370501 0.01853983016980 0.02162532939946 0.01723997839117 0.02355347336438 0.02525557185704 0.03128721454347 0.03825280611788 0.00960000000000 0.02386672536579 0.02869309163642 0.03476849425113 0.00990000000000 0.02555685679880 0.03169025837636 0.03722596807120 0.00960000000000 0.02407765538134 0.02909782501268 0.03661300128747 0.00980000000000 
0.01403815809663 0.00210000000000 0.00170000000000 0.00160000000000 0.02188327909725 0.02129761499917 0.01662124947071 0.01753600021203 0.00170000000000 0.00160000000000 0.00150000000000 0.00140000000000 0.01541217522394 0.01505091907372 0.00220000000000 0.00200000000000 0.00170000000000 0.00160000000000 0.00150000000000 0.00140000000000 0.01845736953793 0.01920461372423 0.01602425378616 0.01577694829212 0.00140000000000 0.00140000000000 0.00130000000000 0.00130000000000 0.00210000000000 0.00190000000000 0.00170000000000 0.00160000000000 
0.01402871564477 0.01432811987779 0.00140000000000 0.00140000000000 0.01498855580781 0.01557441198408 0.00150000000000 0.00150000000000 0.00140000000000 0.00150000000000 0.00120000000000 0.00120000000000 0.00170000000000 0.00180000000000 0.00120000000000 0.00120000000000 0.00210000000000 0.00220000000000 0.00130000000000 0.00130000000000 0.01456930576417 0.01506240636671 0.00140000000000 0.00150000000000 0.00140000000000 0.00140000000000 0.00110000000000 0.00120000000000 0.00160000000000 0.00160000000000 0.00120000000000 0.00120000000000 
0.02709989847823 0.04547447932851 0.00550000000000 0.00480000000000 0.01912662276779 0.02012635279038 0.00180000000000 0.00160000000000 0.01516546894619 0.01647167678682 0.01620330812007 0.02073367983528 0.01601900233085 0.01842436499062 0.00580000000000 0.00490000000000 0.03128462941091 0.05225470570863 0.02563981561121 0.02222338710423 0.01655735037580 0.01582816465998 0.01410242574298 0.00810000000000 0.00540000000000 0.00930000000000 0.01640828952221 0.01760371242149 0.01371566387433 0.01902155456322 0.02748767301653 0.05078316077209 
0.09321803557345 0.10706823080082 0.02346928894956 0.02266240917249 0.00180000000000 0.00160000000000 0.00140000000000 0.00130000000000 0.06057196872024 0.10520668314527 0.02362217666424 0.02363278079470 0.00170000000000 0.00160000000000 0.00140000000000 0.00130000000000 0.01690347497308 0.01940879243044 0.04237383724903 0.01629186605431 0.00160000000000 0.00150000000000 0.00130000000000 0.00130000000000 0.00830000000000 0.01825792986538 0.08420493137043 0.01603824259532 0.00160000000000 0.00150000000000 0.00130000000000 0.00130000000000 
0.01616547191576 0.01919774810464 0.00170000000000 0.01336286185242 0.01577337443302 0.01635714604583 0.00540000000000 0.01400926785873 0.01694119754448 0.02097177064840 0.00180000000000 0.01376562098336 0.01564796590816 0.01793210985134 0.00530000000000 0.01469604298786 0.03262697166856 0.00160000000000 0.02206666630657 0.01650845169034 0.02333962065608 0.00560000000000 0.02219597834410 0.00880000000000 0.03882926493285 0.00170000000000 0.02257290025299 0.01780424259639 0.02792179147618 0.00560000000000 0.02255296160883 0.01584499748607 
0.01692549218367 0.02225358097312 0.00670000000000 0.01516153275668 0.01616406595389 0.02162486297675 0.00280000000000 0.00820000000000 0.01477157333809 0.01738248303293 0.00220000000000 0.00700000000000 0.01412424192820 0.01650442931348 0.00210000000000 0.00330000000000 0.00190000000000 0.01478680495215 0.00180000000000 0.00230000000000 0.00190000000000 0.01412589258951 0.00180000000000 0.00230000000000 0.00160000000000 0.00210000000000 0.00160000000000 0.00190000000000 0.00160000000000 0.00200000000000 0.00160000000000 0.00190000000000 
0.00180000000000 0.00160000000000 0.01592904382219 0.01314432682406 0.00120000000000 0.00110000000000 0.00120000000000 0.00120000000000 0.11521849594896 0.11240807940779 0.04710087954735 0.03863257116243 0.00180000000000 0.00160000000000 0.01559935445290 0.01599874422295 0.00130000000000 0.00130000000000 0.00150000000000 0.00150000000000 0.00110000000000 0.00110000000000 0.00110000000000 0.00110000000000 0.01790968343888 0.01864328297585 0.02502313606065 0.02622268395018 0.00130000000000 0.00130000000000 0.00160000000000 0.00150000000000 
0.02060451979055 0.02184591669367 0.01567059594331 0.01849727995392 0.05898858101413 0.03866991772872 0.00180000000000 0.01493978136677 0.01543002289432 0.01846025535076 0.00130000000000 0.00140000000000 0.00180000000000 0.01450816491534 0.00120000000000 0.00120000000000 0.00210000000000 0.00740000000000 0.00640000000000 0.06167568342573 0.01415515880415 0.01854430204423 0.00200000000000 0.00620000000000 0.00320000000000 0.01682249164757 0.00140000000000 0.00140000000000 0.00200000000000 0.00240000000000 0.00120000000000 0.00130000000000 
0.02789458120800 0.06562115256229 0.01625816913701 0.01997451339357 0.01832147241559 0.02391591168205 0.01413964817337 0.01592638213312 0.03012564941593 0.03760277994768 0.01748701347932 0.02143670889708 0.01958907282862 0.02570428067044 0.01500841500833 0.01695089079868 0.02173054624983 0.01738588044196 0.04915070666866 0.03883668546207 0.06393159554166 0.02503665523645 0.02132522639174 0.03198349929317 0.02073246099050 0.01722004885181 0.04805903224271 0.03025439465835 0.03780270387691 0.02309243629395 0.02257355170367 0.03358995368637 
0.03995028461808 0.00180000000000 0.01575451732084 0.02095285845870 0.04143140028173 0.01556573952011 0.01585721618190 0.02558923479098 0.00180000000000 0.12456060632027 0.00130000000000 0.01648085531587 0.00180000000000 0.03448811845017 0.00130000000000 0.01627325617191 0.02564950690200 0.00170000000000 0.01978844525062 0.01854610506679 0.03103451805056 0.01535930939288 0.01863636633301 0.02192801839958 0.01618849038419 0.04255227974807 0.00140000000000 0.02015648855922 0.01616308762684 0.04397400635103 0.00130000000000 0.01882591224780 
0.05394449058834 0.01875764703162 0.11449237667877 0.02467063763873 0.02203953079785 0.01513021737196 0.10325808464136 0.00620000000000 0.02162449687277 0.03535912137068 0.01856632357780 0.10313123606857 0.02948712708916 0.05773773564261 0.06496791682866 0.12237328076741 0.03042482085280 0.10338023737113 0.06435046511681 0.11441512851762 0.10917790245510 0.02358239537939 0.11940811888803 0.10532641946497 0.02075077018532 0.02758663824007 0.01949776551102 0.02816372199363 0.02453289791925 0.04467175237231 0.02395184152840 0.04149544199093 
0.00150000000000 0.00190000000000 0.00210000000000 0.01668438957478 0.00170000000000 0.00240000000000 0.00300000000000 0.01901909699087 0.00140000000000 0.00560000000000 0.01265443543831 0.01524295775697 0.00160000000000 0.01285839490194 0.01529890008941 0.01844328610142 0.00150000000000 0.01246508079947 0.01426743162949 0.01689076600731 0.00170000000000 0.01352791706484 0.01485214207890 0.01853256502200 0.00140000000000 0.00890000000000 0.01523499084175 0.01492423163130 0.00160000000000 0.01516385912808 0.01584312886609 0.01842240852499 
0.04247622681514 0.00160000000000 0.07995116665777 0.00170000000000 0.02235599262020 0.00150000000000 0.02533682430974 0.00150000000000 0.08098200024420 0.00180000000000 0.07275445721008 0.00190000000000 0.02605302077028 0.00150000000000 0.03056038206066 0.00160000000000 0.06163675489903 0.00200000000000 0.04392724716959 0.01586653211987 0.04155313709406 0.00160000000000 0.06481857606617 0.00170000000000 0.04502259374655 0.01619062887664 0.03766739201550 0.01694791611398 0.06681448225795 0.00170000000000 0.10974986742030 0.00180000000000 
0.03524977035549 0.01975907638592 0.01579831557543 0.02848143155573 0.02521592113608 0.01935867599166 0.02573263603300 0.02065609308059 0.03723733234047 0.01957614414601 0.01525777987009 0.03083398838101 0.02532130476484 0.01925433408308 0.02440117582760 0.02055347713830 0.01577035641648 0.01468371743722 0.00810000000000 0.00260000000000 0.01616052644544 0.01513888231850 0.00850000000000 0.01324876206267 0.01545465465514 0.01456708372617 0.00710000000000 0.00260000000000 0.01594603999958 0.01502593812316 0.00860000000000 0.00760000000000 
0.02235408606900 0.01528227306581 0.02423129886986 0.01552780498763 0.02246362934509 0.01516259970055 0.02381920486575 0.01541446676339 0.01569870744961 0.00860000000000 0.01544571200496 0.00880000000000 0.01700643601327 0.00830000000000 0.01697932549045 0.00850000000000 0.01906023878818 0.00800000000000 0.01935643250083 0.00810000000000 0.01966378026309 0.00770000000000 0.01988139542718 0.00790000000000 0.01579463689022 0.00830000000000 0.01518187234541 0.00860000000000 0.01663289915923 0.00800000000000 0.01476399849018 0.00830000000000 
0.01444696235569 0.04002007840096 0.01513669705506 0.02542520692616 0.01413490910541 0.04648513418303 0.01491753009264 0.02553776003112 0.00200000000000 0.02785495326374 0.01405444697817 0.02224490748033 0.00200000000000 0.02877744481939 0.01375919879527 0.02223560929189 0.00170000000000 0.01986386536118 0.01486978630848 0.01954263906289 0.00170000000000 0.01976394651953 0.01490781915148 0.01943724660362 0.00150000000000 0.01861786791873 0.00160000000000 0.01843463826011 0.00150000000000 0.01842466863989 0.00160000000000 0.01833360965858 
0.00180000000000 0.00150000000000 0.01603753043014 0.00200000000000 0.00180000000000 0.00150000000000 0.01559491521529 0.00200000000000 0.00140000000000 0.00130000000000 0.00160000000000 0.00140000000000 0.00140000000000 0.00130000000000 0.00160000000000 0.00140000000000 0.00200000000000 0.00160000000000 0.01620761266888 0.00220000000000 0.00200000000000 0.00160000000000 0.01557887633223 0.00220000000000 0.00140000000000 0.00130000000000 0.00170000000000 0.00150000000000 0.00140000000000 0.00130000000000 0.00170000000000 0.00150000000000 
0.01762080527580 0.01691119882965 0.01990673269459 0.01852572401209 0.00780000000000 0.00710000000000 0.00980000000000 0.00830000000000 0.02709038330258 0.02027179659200 0.10584551302495 0.08848654290969 0.01879035600716 0.00760000000000 0.01649639803437 0.00960000000000 0.06631437056098 0.03446759228545 0.03624779004789 0.04687528930521 0.04395952454477 0.03871712901152 0.02604681934103 0.11676590019414 0.02274406670008 0.03672520143711 0.02059897719889 0.02796015026494 0.01702712696492 0.07564856513566 0.01596572923365 0.02028090816388 
0.00190000000000 0.00150000000000 0.00140000000000 0.00130000000000 0.00250000000000 0.00180000000000 0.00170000000000 0.00140000000000 0.00170000000000 0.00140000000000 0.00140000000000 0.00120000000000 0.00210000000000 0.00170000000000 0.00160000000000 0.00140000000000 0.00150000000000 0.00130000000000 0.00130000000000 0.00120000000000 0.00170000000000 0.00140000000000 0.00140000000000 0.00120000000000 0.00140000000000 0.00130000000000 0.00120000000000 0.00110000000000 0.00160000000000 0.00140000000000 0.00130000000000 0.00120000000000 
M_out
1 1 1 1 1 0 0 0 0 0 0 0 0 0 0 0 0 0 0 0 0 0 0 0 0 0 0 0 0 0 0 0 0 0 0 0 0 0 0 0 0 0 0 0 0 0 0 0 0 0 0 0 0 0 0 0 0 0 0 0 0 0 0 0 0 0 0 0 0 0 0 0 0 0 0 0 0 0 0 0 0 0 0 0 0 0 0 0 0 0 0 0 0 0 0 0 0 0 0 0 
0 1 1 1 1 1 0 0 0 0 0 0 0 0 0 0 0 0 0 0 0 0 0 0 0 0 0 0 0 0 0 0 0 0 0 0 0 0 0 0 0 0 0 0 0 0 0 0 0 0 0 0 0 0 0 0 0 0 0 0 0 0 0 0 0 0 0 0 0 0 0 0 0 0 0 0 0 0 0 0 0 0 0 0 0 0 0 0 0 0 0 0 0 0 0 0 0 0 0 0 
0 0 1 1 1 1 1 0 0 0 0 0 0 0 0 0 0 0 0 0 0 0 0 0 0 0 0 0 0 0 0 0 0 0 0 0 0 0 0 0 0 0 0 0 0 0 0 0 0 0 0 0 0 0 0 0 0 0 0 0 0 0 0 0 0 0 0 0 0 0 0 0 0 0 0 0 0 0 0 0 0 0 0 0 0 0 0 0 0 0 0 0 0 0 0 0 0 0 0 0 
0 0 0 1 1 1 1 1 0 0 0 0 0 0 0 0 0 0 0 0 0 0 0 0 0 0 0 0 0 0 0 0 0 0 0 0 0 0 0 0 0 0 0 0 0 0 0 0 0 0 0 0 0 0 0 0 0 0 0 0 0 0 0 0 0 0 0 0 0 0 0 0 0 0 0 0 0 0 0 0 0 0 0 0 0 0 0 0 0 0 0 0 0 0 0 0 0 0 0 0 
0 0 0 0 1 1 1 1 1 0 0 0 0 0 0 0 0 0 0 0 0 0 0 0 0 0 0 0 0 0 0 0 0 0 0 0 0 0 0 0 0 0 0 0 0 0 0 0 0 0 0 0 0 0 0 0 0 0 0 0 0 0 0 0 0 0 0 0 0 0 0 0 0 0 0 0 0 0 0 0 0 0 0 0 0 0 0 0 0 0 0 0 0 0 0 0 0 0 0 0 
0 0 0 0 0 1 1 1 1 1 0 0 0 0 0 0 0 0 0 0 0 0 0 0 0 0 0 0 0 0 0 0 0 0 0 0 0 0 0 0 0 0 0 0 0 0 0 0 0 0 0 0 0 0 0 0 0 0 0 0 0 0 0 0 0 0 0 0 0 0 0 0 0 0 0 0 0 0 0 0 0 0 0 0 0 0 0 0 0 0 0 0 0 0 0 0 0 0 0 0 
0 0 0 0 0 0 1 1 1 1 1 0 0 0 0 0 0 0 0 0 0 0 0 0 0 0 0 0 0 0 0 0 0 0 0 0 0 0 0 0 0 0 0 0 0 0 0 0 0 0 0 0 0 0 0 0 0 0 0 0 0 0 0 0 0 0 0 0 0 0 0 0 0 0 0 0 0 0 0 0 0 0 0 0 0 0 0 0 0 0 0 0 0 0 0 0 0 0 0 0 
0 0 0 0 0 0 0 1 1 1 1 1 0 0 0 0 0 0 0 0 0 0 0 0 0 0 0 0 0 0 0 0 0 0 0 0 0 0 0 0 0 0 0 0 0 0 0 0 0 0 0 0 0 0 0 0 0 0 0 0 0 0 0 0 0 0 0 0 0 0 0 0 0 0 0 0 0 0 0 0 0 0 0 0 0 0 0 0 0 0 0 0 0 0 0 0 0 0 0 0 
0 0 0 0 0 0 0 0 1 1 1 1 1 0 0 0 0 0 0 0 0 0 0 0 0 0 0 0 0 0 0 0 0 0 0 0 0 0 0 0 0 0 0 0 0 0 0 0 0 0 0 0 0 0 0 0 0 0 0 0 0 0 0 0 0 0 0 0 0 0 0 0 0 0 0 0 0 0 0 0 0 0 0 0 0 0 0 0 0 0 0 0 0 0 0 0 0 0 0 0 
0 0 0 0 0 0 0 0 0 1 1 1 1 1 0 0 0 0 0 0 0 0 0 0 0 0 0 0 0 0 0 0 0 0 0 0 0 0 0 0 0 0 0 0 0 0 0 0 0 0 0 0 0 0 0 0 0 0 0 0 0 0 0 0 0 0 0 0 0 0 0 0 0 0 0 0 0 0 0 0 0 0 0 0 0 0 0 0 0 0 0 0 0 0 0 0 0 0 0 0 
0 0 0 0 0 0 0 0 0 0 1 1 1 1 1 0 0 0 0 0 0 0 0 0 0 0 0 0 0 0 0 0 0 0 0 0 0 0 0 0 0 0 0 0 0 0 0 0 0 0 0 0 0 0 0 0 0 0 0 0 0 0 0 0 0 0 0 0 0 0 0 0 0 0 0 0 0 0 0 0 0 0 0 0 0 0 0 0 0 0 0 0 0 0 0 0 0 0 0 0 
0 0 0 0 0 0 0 0 0 0 0 1 1 1 1 1 0 0 0 0 0 0 0 0 0 0 0 0 0 0 0 0 0 0 0 0 0 0 0 0 0 0 0 0 0 0 0 0 0 0 0 0 0 0 0 0 0 0 0 0 0 0 0 0 0 0 0 0 0 0 0 0 0 0 0 0 0 0 0 0 0 0 0 0 0 0 0 0 0 0 0 0 0 0 0 0 0 0 0 0 
0 0 0 0 0 0 0 0 0 0 0 0 1 1 1 1 1 0 0 0 0 0 0 0 0 0 0 0 0 0 0 0 0 0 0 0 0 0 0 0 0 0 0 0 0 0 0 0 0 0 0 0 0 0 0 0 0 0 0 0 0 0 0 0 0 0 0 0 0 0 0 0 0 0 0 0 0 0 0 0 0 0 0 0 0 0 0 0 0 0 0 0 0 0 0 0 0 0 0 0 
0 0 0 0 0 0 0 0 0 0 0 0 0 1 1 1 1 1 0 0 0 0 0 0 0 0 0 0 0 0 0 0 0 0 0 0 0 0 0 0 0 0 0 0 0 0 0 0 0 0 0 0 0 0 0 0 0 0 0 0 0 0 0 0 0 0 0 0 0 0 0 0 0 0 0 0 0 0 0 0 0 0 0 0 0 0 0 0 0 0 0 0 0 0 0 0 0 0 0 0 
0 0 0 0 0 0 0 0 0 0 0 0 0 0 1 1 1 1 1 0 0 0 0 0 0 0 0 0 0 0 0 0 0 0 0 0 0 0 0 0 0 0 0 0 0 0 0 0 0 0 0 0 0 0 0 0 0 0 0 0 0 0 0 0 0 0 0 0 0 0 0 0 0 0 0 0 0 0 0 0 0 0 0 0 0 0 0 0 0 0 0 0 0 0 0 0 0 0 0 0 
0 0 0 0 0 0 0 0 0 0 0 0 0 0 0 1 1 1 1 1 0 0 0 0 0 0 0 0 0 0 0 0 0 0 0 0 0 0 0 0 0 0 0 0 0 0 0 0 0 0 0 0 0 0 0 0 0 0 0 0 0 0 0 0 0 0 0 0 0 0 0 0 0 0 0 0 0 0 0 0 0 0 0 0 0 0 0 0 0 0 0 0 0 0 0 0 0 0 0 0 
0 0 0 0 0 0 0 0 0 0 0 0 0 0 0 0 1 1 1 1 1 0 0 0 0 0 0 0 0 0 0 0 0 0 0 0 0 0 0 0 0 0 0 0 0 0 0 0 0 0 0 0 0 0 0 0 0 0 0 0 0 0 0 0 0 0 0 0 0 0 0 0 0 0 0 0 0 0 0 0 0 0 0 0 0 0 0 0 0 0 0 0 0 0 0 0 0 0 0 0 
0 0 0 0 0 0 0 0 0 0 0 0 0 0 0 0 0 1 1 1 1 1 0 0 0 0 0 0 0 0 0 0 0 0 0 0 0 0 0 0 0 0 0 0 0 0 0 0 0 0 0 0 0 0 0 0 0 0 0 0 0 0 0 0 0 0 0 0 0 0 0 0 0 0 0 0 0 0 0 0 0 0 0 0 0 0 0 0 0 0 0 0 0 0 0 0 0 0 0 0 
0 0 0 0 0 0 0 0 0 0 0 0 0 0 0 0 0 0 1 1 1 1 1 0 0 0 0 0 0 0 0 0 0 0 0 0 0 0 0 0 0 0 0 0 0 0 0 0 0 0 0 0 0 0 0 0 0 0 0 0 0 0 0 0 0 0 0 0 0 0 0 0 0 0 0 0 0 0 0 0 0 0 0 0 0 0 0 0 0 0 0 0 0 0 0 0 0 0 0 0 
0 0 0 0 0 0 0 0 0 0 0 0 0 0 0 0 0 0 0 1 1 1 1 1 0 0 0 0 0 0 0 0 0 0 0 0 0 0 0 0 0 0 0 0 0 0 0 0 0 0 0 0 0 0 0 0 0 0 0 0 0 0 0 0 0 0 0 0 0 0 0 0 0 0 0 0 0 0 0 0 0 0 0 0 0 0 0 0 0 0 0 0 0 0 0 0 0 0 0 0 
0 0 0 0 0 0 0 0 0 0 0 0 0 0 0 0 0 0 0 0 1 1 1 1 1 0 0 0 0 0 0 0 0 0 0 0 0 0 0 0 0 0 0 0 0 0 0 0 0 0 0 0 0 0 0 0 0 0 0 0 0 0 0 0 0 0 0 0 0 0 0 0 0 0 0 0 0 0 0 0 0 0 0 0 0 0 0 0 0 0 0 0 0 0 0 0 0 0 0 0 
0 0 0 0 0 0 0 0 0 0 0 0 0 0 0 0 0 0 0 0 0 1 1 1 1 1 0 0 0 0 0 0 0 0 0 0 0 0 0 0 0 0 0 0 0 0 0 0 0 0 0 0 0 0 0 0 0 0 0 0 0 0 0 0 0 0 0 0 0 0 0 0 0 0 0 0 0 0 0 0 0 0 0 0 0 0 0 0 0 0 0 0 0 0 0 0 0 0 0 0 
0 0 0 0 0 0 0 0 0 0 0 0 0 0 0 0 0 0 0 0 0 0 1 1 1 1 1 0 0 0 0 0 0 0 0 0 0 0 0 0 0 0 0 0 0 0 0 0 0 0 0 0 0 0 0 0 0 0 0 0 0 0 0 0 0 0 0 0 0 0 0 0 0 0 0 0 0 0 0 0 0 0 0 0 0 0 0 0 0 0 0 0 0 0 0 0 0 0 0 0 
0 0 0 0 0 0 0 0 0 0 0 0 0 0 0 0 0 0 0 0 0 0 0 1 1 1 1 1 0 0 0 0 0 0 0 0 0 0 0 0 0 0 0 0 0 0 0 0 0 0 0 0 0 0 0 0 0 0 0 0 0 0 0 0 0 0 0 0 0 0 0 0 0 0 0 0 0 0 0 0 0 0 0 0 0 0 0 0 0 0 0 0 0 0 0 0 0 0 0 0 
0 0 0 0 0 0 0 0 0 0 0 0 0 0 0 0 0 0 0 0 0 0 0 0 1 1 1 1 1 0 0 0 0 0 0 0 0 0 0 0 0 0 0 0 0 0 0 0 0 0 0 0 0 0 0 0 0 0 0 0 0 0 0 0 0 0 0 0 0 0 0 0 0 0 0 0 0 0 0 0 0 0 0 0 0 0 0 0 0 0 0 0 0 0 0 0 0 0 0 0 
0 0 0 0 0 0 0 0 0 0 0 0 0 0 0 0 0 0 0 0 0 0 0 0 0 1 1 1 1 1 0 0 0 0 0 0 0 0 0 0 0 0 0 0 0 0 0 0 0 0 0 0 0 0 0 0 0 0 0 0 0 0 0 0 0 0 0 0 0 0 0 0 0 0 0 0 0 0 0 0 0 0 0 0 0 0 0 0 0 0 0 0 0 0 0 0 0 0 0 0 
0 0 0 0 0 0 0 0 0 0 0 0 0 0 0 0 0 0 0 0 0 0 0 0 0 0 1 1 1 1 1 0 0 0 0 0 0 0 0 0 0 0 0 0 0 0 0 0 0 0 0 0 0 0 0 0 0 0 0 0 0 0 0 0 0 0 0 0 0 0 0 0 0 0 0 0 0 0 0 0 0 0 0 0 0 0 0 0 0 0 0 0 0 0 0 0 0 0 0 0 
0 0 0 0 0 0 0 0 0 0 0 0 0 0 0 0 0 0 0 0 0 0 0 0 0 0 0 1 1 1 1 1 0 0 0 0 0 0 0 0 0 0 0 0 0 0 0 0 0 0 0 0 0 0 0 0 0 0 0 0 0 0 0 0 0 0 0 0 0 0 0 0 0 0 0 0 0 0 0 0 0 0 0 0 0 0 0 0 0 0 0 0 0 0 0 0 0 0 0 0 
0 0 0 0 0 0 0 0 0 0 0 0 0 0 0 0 0 0 0 0 0 0 0 0 0 0 0 0 1 1 1 1 1 0 0 0 0 0 0 0 0 0 0 0 0 0 0 0 0 0 0 0 0 0 0 0 0 0 0 0 0 0 0 0 0 0 0 0 0 0 0 0 0 0 0 0 0 0 0 0 0 0 0 0 0 0 0 0 0 0 0 0 0 0 0 0 0 0 0 0 
0 0 0 0 0 0 0 0 0 0 0 0 0 0 0 0 0 0 0 0 0 0 0 0 0 0 0 0 0 1 1 1 1 1 0 0 0 0 0 0 0 0 0 0 0 0 0 0 0 0 0 0 0 0 0 0 0 0 0 0 0 0 0 0 0 0 0 0 0 0 0 0 0 0 0 0 0 0 0 0 0 0 0 0 0 0 0 0 0 0 0 0 0 0 0 0 0 0 0 0 
0 0 0 0 0 0 0 0 0 0 0 0 0 0 0 0 0 0 0 0 0 0 0 0 0 0 0 0 0 0 1 1 1 1 1 0 0 0 0 0 0 0 0 0 0 0 0 0 0 0 0 0 0 0 0 0 0 0 0 0 0 0 0 0 0 0 0 0 0 0 0 0 0 0 0 0 0 0 0 0 0 0 0 0 0 0 0 0 0 0 0 0 0 0 0 0 0 0 0 0 
0 0 0 0 0 0 0 0 0 0 0 0 0 0 0 0 0 0 0 0 0 0 0 0 0 0 0 0 0 0 0 1 1 1 1 1 0 0 0 0 0 0 0 0 0 0 0 0 0 0 0 0 0 0 0 0 0 0 0 0 0 0 0 0 0 0 0 0 0 0 0 0 0 0 0 0 0 0 0 0 0 0 0 0 0 0 0 0 0 0 0 0 0 0 0 0 0 0 0 0 
0 0 0 0 0 0 0 0 0 0 0 0 0 0 0 0 0 0 0 0 0 0 0 0 0 0 0 0 0 0 0 0 1 1 1 1 1 0 0 0 0 0 0 0 0 0 0 0 0 0 0 0 0 0 0 0 0 0 0 0 0 0 0 0 0 0 0 0 0 0 0 0 0 0 0 0 0 0 0 0 0 0 0 0 0 0 0 0 0 0 0 0 0 0 0 0 0 0 0 0 
0 0 0 0 0 0 0 0 0 0 0 0 0 0 0 0 0 0 0 0 0 0 0 0 0 0 0 0 0 0 0 0 0 1 1 1 1 1 0 0 0 0 0 0 0 0 0 0 0 0 0 0 0 0 0 0 0 0 0 0 0 0 0 0 0 0 0 0 0 0 0 0 0 0 0 0 0 0 0 0 0 0 0 0 0 0 0 0 0 0 0 0 0 0 0 0 0 0 0 0 
0 0 0 0 0 0 0 0 0 0 0 0 0 0 0 0 0 0 0 0 0 0 0 0 0 0 0 0 0 0 0 0 0 0 1 1 1 1 1 0 0 0 0 0 0 0 0 0 0 0 0 0 0 0 0 0 0 0 0 0 0 0 0 0 0 0 0 0 0 0 0 0 0 0 0 0 0 0 0 0 0 0 0 0 0 0 0 0 0 0 0 0 0 0 0 0 0 0 0 0 
0 0 0 0 0 0 0 0 0 0 0 0 0 0 0 0 0 0 0 0 0 0 0 0 0 0 0 0 0 0 0 0 0 0 0 1 1 1 1 1 0 0 0 0 0 0 0 0 0 0 0 0 0 0 0 0 0 0 0 0 0 0 0 0 0 0 0 0 0 0 0 0 0 0 0 0 0 0 0 0 0 0 0 0 0 0 0 0 0 0 0 0 0 0 0 0 0 0 0 0 
0 0 0 0 0 0 0 0 0 0 0 0 0 0 0 0 0 0 0 0 0 0 0 0 0 0 0 0 0 0 0 0 0 0 0 0 1 1 1 1 1 0 0 0 0 0 0 0 0 0 0 0 0 0 0 0 0 0 0 0 0 0 0 0 0 0 0 0 0 0 0 0 0 0 0 0 0 0 0 0 0 0 0 0 0 0 0 0 0 0 0 0 0 0 0 0 0 0 0 0 
0 0 0 0 0 0 0 0 0 0 0 0 0 0 0 0 0 0 0 0 0 0 0 0 0 0 0 0 0 0 0 0 0 0 0 0 0 1 1 1 1 1 0 0 0 0 0 0 0 0 0 0 0 0 0 0 0 0 0 0 0 0 0 0 0 0 0 0 0 0 0 0 0 0 0 0 0 0 0 0 0 0 0 0 0 0 0 0 0 0 0 0 0 0 0 0 0 0 0 0 
0 0 0 0 0 0 0 0 0 0 0 0 0 0 0 0 0 0 0 0 0 0 0 0 0 0 0 0 0 0 0 0 0 0 0 0 0 0 1 1 1 1 1 0 0 0 0 0 0 0 0 0 0 0 0 0 0 0 0 0 0 0 0 0 0 0 0 0 0 0 0 0 0 0 0 0 0 0 0 0 0 0 0 0 0 0 0 0 0 0 0 0 0 0 0 0 0 0 0 0 
0 0 0 0 0 0 0 0 0 0 0 0 0 0 0 0 0 0 0 0 0 0 0 0 0 0 0 0 0 0 0 0 0 0 0 0 0 0 0 1 1 1 1 1 0 0 0 0 0 0 0 0 0 0 0 0 0 0 0 0 0 0 0 0 0 0 0 0 0 0 0 0 0 0 0 0 0 0 0 0 0 0 0 0 0 0 0 0 0 0 0 0 0 0 0 0 0 0 0 0 
0 0 0 0 0 0 0 0 0 0 0 0 0 0 0 0 0 0 0 0 0 0 0 0 0 0 0 0 0 0 0 0 0 0 0 0 0 0 0 0 1 1 1 1 1 0 0 0 0 0 0 0 0 0 0 0 0 0 0 0 0 0 0 0 0 0 0 0 0 0 0 0 0 0 0 0 0 0 0 0 0 0 0 0 0 0 0 0 0 0 0 0 0 0 0 0 0 0 0 0 
0 0 0 0 0 0 0 0 0 0 0 0 0 0 0 0 0 0 0 0 0 0 0 0 0 0 0 0 0 0 0 0 0 0 0 0 0 0 0 0 0 1 1 1 1 1 0 0 0 0 0 0 0 0 0 0 0 0 0 0 0 0 0 0 0 0 0 0 0 0 0 0 0 0 0 0 0 0 0 0 0 0 0 0 0 0 0 0 0 0 0 0 0 0 0 0 0 0 0 0 
0 0 0 0 0 0 0 0 0 0 0 0 0 0 0 0 0 0 0 0 0 0 0 0 0 0 0 0 0 0 0 0 0 0 0 0 0 0 0 0 0 0 1 1 1 1 1 0 0 0 0 0 0 0 0 0 0 0 0 0 0 0 0 0 0 0 0 0 0 0 0 0 0 0 0 0 0 0 0 0 0 0 0 0 0 0 0 0 0 0 0 0 0 0 0 0 0 0 0 0 
0 0 0 0 0 0 0 0 0 0 0 0 0 0 0 0 0 0 0 0 0 0 0 0 0 0 0 0 0 0 0 0 0 0 0 0 0 0 0 0 0 0 0 1 1 1 1 1 0 0 0 0 0 0 0 0 0 0 0 0 0 0 0 0 0 0 0 0 0 0 0 0 0 0 0 0 0 0 0 0 0 0 0 0 0 0 0 0 0 0 0 0 0 0 0 0 0 0 0 0 
0 0 0 0 0 0 0 0 0 0 0 0 0 0 0 0 0 0 0 0 0 0 0 0 0 0 0 0 0 0 0 0 0 0 0 0 0 0 0 0 0 0 0 0 1 1 1 1 1 0 0 0 0 0 0 0 0 0 0 0 0 0 0 0 0 0 0 0 0 0 0 0 0 0 0 0 0 0 0 0 0 0 0 0 0 0 0 0 0 0 0 0 0 0 0 0 0 0 0 0 
0 0 0 0 0 0 0 0 0 0 0 0 0 0 0 0 0 0 0 0 0 0 0 0 0 0 0 0 0 0 0 0 0 0 0 0 0 0 0 0 0 0 0 0 0 1 1 1 1 1 0 0 0 0 0 0 0 0 0 0 0 0 0 0 0 0 0 0 0 0 0 0 0 0 0 0 0 0 0 0 0 0 0 0 0 0 0 0 0 0 0 0 0 0 0 0 0 0 0 0 
0 0 0 0 0 0 0 0 0 0 0 0 0 0 0 0 0 0 0 0 0 0 0 0 0 0 0 0 0 0 0 0 0 0 0 0 0 0 0 0 0 0 0 0 0 0 1 1 1 1 1 0 0 0 0 0 0 0 0 0 0 0 0 0 0 0 0 0 0 0 0 0 0 0 0 0 0 0 0 0 0 0 0 0 0 0 0 0 0 0 0 0 0 0 0 0 0 0 0 0 
0 0 0 0 0 0 0 0 0 0 0 0 0 0 0 0 0 0 0 0 0 0 0 0 0 0 0 0 0 0 0 0 0 0 0 0 0 0 0 0 0 0 0 0 0 0 0 1 1 1 1 1 0 0 0 0 0 0 0 0 0 0 0 0 0 0 0 0 0 0 0 0 0 0 0 0 0 0 0 0 0 0 0 0 0 0 0 0 0 0 0 0 0 0 0 0 0 0 0 0 
0 0 0 0 0 0 0 0 0 0 0 0 0 0 0 0 0 0 0 0 0 0 0 0 0 0 0 0 0 0 0 0 0 0 0 0 0 0 0 0 0 0 0 0 0 0 0 0 1 1 1 1 1 0 0 0 0 0 0 0 0 0 0 0 0 0 0 0 0 0 0 0 0 0 0 0 0 0 0 0 0 0 0 0 0 0 0 0 0 0 0 0 0 0 0 0 0 0 0 0 
0 0 0 0 0 0 0 0 0 0 0 0 0 0 0 0 0 0 0 0 0 0 0 0 0 0 0 0 0 0 0 0 0 0 0 0 0 0 0 0 0 0 0 0 0 0 0 0 0 1 1 1 1 1 0 0 0 0 0 0 0 0 0 0 0 0 0 0 0 0 0 0 0 0 0 0 0 0 0 0 0 0 0 0 0 0 0 0 0 0 0 0 0 0 0 0 0 0 0 0 
0 0 0 0 0 0 0 0 0 0 0 0 0 0 0 0 0 0 0 0 0 0 0 0 0 0 0 0 0 0 0 0 0 0 0 0 0 0 0 0 0 0 0 0 0 0 0 0 0 0 1 1 1 1 1 0 0 0 0 0 0 0 0 0 0 0 0 0 0 0 0 0 0 0 0 0 0 0 0 0 0 0 0 0 0 0 0 0 0 0 0 0 0 0 0 0 0 0 0 0 
0 0 0 0 0 0 0 0 0 0 0 0 0 0 0 0 0 0 0 0 0 0 0 0 0 0 0 0 0 0 0 0 0 0 0 0 0 0 0 0 0 0 0 0 0 0 0 0 0 0 0 1 1 1 1 1 0 0 0 0 0 0 0 0 0 0 0 0 0 0 0 0 0 0 0 0 0 0 0 0 0 0 0 0 0 0 0 0 0 0 0 0 0 0 0 0 0 0 0 0 
0 0 0 0 0 0 0 0 0 0 0 0 0 0 0 0 0 0 0 0 0 0 0 0 0 0 0 0 0 0 0 0 0 0 0 0 0 0 0 0 0 0 0 0 0 0 0 0 0 0 0 0 1 1 1 1 1 0 0 0 0 0 0 0 0 0 0 0 0 0 0 0 0 0 0 0 0 0 0 0 0 0 0 0 0 0 0 0 0 0 0 0 0 0 0 0 0 0 0 0 
0 0 0 0 0 0 0 0 0 0 0 0 0 0 0 0 0 0 0 0 0 0 0 0 0 0 0 0 0 0 0 0 0 0 0 0 0 0 0 0 0 0 0 0 0 0 0 0 0 0 0 0 0 1 1 1 1 1 0 0 0 0 0 0 0 0 0 0 0 0 0 0 0 0 0 0 0 0 0 0 0 0 0 0 0 0 0 0 0 0 0 0 0 0 0 0 0 0 0 0 
0 0 0 0 0 0 0 0 0 0 0 0 0 0 0 0 0 0 0 0 0 0 0 0 0 0 0 0 0 0 0 0 0 0 0 0 0 0 0 0 0 0 0 0 0 0 0 0 0 0 0 0 0 0 1 1 1 1 1 0 0 0 0 0 0 0 0 0 0 0 0 0 0 0 0 0 0 0 0 0 0 0 0 0 0 0 0 0 0 0 0 0 0 0 0 0 0 0 0 0 
0 0 0 0 0 0 0 0 0 0 0 0 0 0 0 0 0 0 0 0 0 0 0 0 0 0 0 0 0 0 0 0 0 0 0 0 0 0 0 0 0 0 0 0 0 0 0 0 0 0 0 0 0 0 0 1 1 1 1 1 0 0 0 0 0 0 0 0 0 0 0 0 0 0 0 0 0 0 0 0 0 0 0 0 0 0 0 0 0 0 0 0 0 0 0 0 0 0 0 0 
0 0 0 0 0 0 0 0 0 0 0 0 0 0 0 0 0 0 0 0 0 0 0 0 0 0 0 0 0 0 0 0 0 0 0 0 0 0 0 0 0 0 0 0 0 0 0 0 0 0 0 0 0 0 0 0 1 1 1 1 1 0 0 0 0 0 0 0 0 0 0 0 0 0 0 0 0 0 0 0 0 0 0 0 0 0 0 0 0 0 0 0 0 0 0 0 0 0 0 0 
0 0 0 0 0 0 0 0 0 0 0 0 0 0 0 0 0 0 0 0 0 0 0 0 0 0 0 0 0 0 0 0 0 0 0 0 0 0 0 0 0 0 0 0 0 0 0 0 0 0 0 0 0 0 0 0 0 1 1 1 1 1 0 0 0 0 0 0 0 0 0 0 0 0 0 0 0 0 0 0 0 0 0 0 0 0 0 0 0 0 0 0 0 0 0 0 0 0 0 0 
0 0 0 0 0 0 0 0 0 0 0 0 0 0 0 0 0 0 0 0 0 0 0 0 0 0 0 0 0 0 0 0 0 0 0 0 0 0 0 0 0 0 0 0 0 0 0 0 0 0 0 0 0 0 0 0 0 0 1 1 1 1 1 0 0 0 0 0 0 0 0 0 0 0 0 0 0 0 0 0 0 0 0 0 0 0 0 0 0 0 0 0 0 0 0 0 0 0 0 0 
0 0 0 0 0 0 0 0 0 0 0 0 0 0 0 0 0 0 0 0 0 0 0 0 0 0 0 0 0 0 0 0 0 0 0 0 0 0 0 0 0 0 0 0 0 0 0 0 0 0 0 0 0 0 0 0 0 0 0 1 1 1 1 1 0 0 0 0 0 0 0 0 0 0 0 0 0 0 0 0 0 0 0 0 0 0 0 0 0 0 0 0 0 0 0 0 0 0 0 0 
0 0 0 0 0 0 0 0 0 0 0 0 0 0 0 0 0 0 0 0 0 0 0 0 0 0 0 0 0 0 0 0 0 0 0 0 0 0 0 0 0 0 0 0 0 0 0 0 0 0 0 0 0 0 0 0 0 0 0 0 1 1 1 1 1 0 0 0 0 0 0 0 0 0 0 0 0 0 0 0 0 0 0 0 0 0 0 0 0 0 0 0 0 0 0 0 0 0 0 0 
0 0 0 0 0 0 0 0 0 0 0 0 0 0 0 0 0 0 0 0 0 0 0 0 0 0 0 0 0 0 0 0 0 0 0 0 0 0 0 0 0 0 0 0 0 0 0 0 0 0 0 0 0 0 0 0 0 0 0 0 0 1 1 1 1 1 0 0 0 0 0 0 0 0 0 0 0 0 0 0 0 0 0 0 0 0 0 0 0 0 0 0 0 0 0 0 0 0 0 0 
0 0 0 0 0 0 0 0 0 0 0 0 0 0 0 0 0 0 0 0 0 0 0 0 0 0 0 0 0 0 0 0 0 0 0 0 0 0 0 0 0 0 0 0 0 0 0 0 0 0 0 0 0 0 0 0 0 0 0 0 0 0 1 1 1 1 1 0 0 0 0 0 0 0 0 0 0 0 0 0 0 0 0 0 0 0 0 0 0 0 0 0 0 0 0 0 0 0 0 0 
0 0 0 0 0 0 0 0 0 0 0 0 0 0 0 0 0 0 0 0 0 0 0 0 0 0 0 0 0 0 0 0 0 0 0 0 0 0 0 0 0 0 0 0 0 0 0 0 0 0 0 0 0 0 0 0 0 0 0 0 0 0 0 1 1 1 1 1 0 0 0 0 0 0 0 0 0 0 0 0 0 0 0 0 0 0 0 0 0 0 0 0 0 0 0 0 0 0 0 0 
0 0 0 0 0 0 0 0 0 0 0 0 0 0 0 0 0 0 0 0 0 0 0 0 0 0 0 0 0 0 0 0 0 0 0 0 0 0 0 0 0 0 0 0 0 0 0 0 0 0 0 0 0 0 0 0 0 0 0 0 0 0 0 0 1 1 1 1 1 0 0 0 0 0 0 0 0 0 0 0 0 0 0 0 0 0 0 0 0 0 0 0 0 0 0 0 0 0 0 0 
0 0 0 0 0 0 0 0 0 0 0 0 0 0 0 0 0 0 0 0 0 0 0 0 0 0 0 0 0 0 0 0 0 0 0 0 0 0 0 0 0 0 0 0 0 0 0 0 0 0 0 0 0 0 0 0 0 0 0 0 0 0 0 0 0 1 1 1 1 1 0 0 0 0 0 0 0 0 0 0 0 0 0 0 0 0 0 0 0 0 0 0 0 0 0 0 0 0 0 0 
0 0 0 0 0 0 0 0 0 0 0 0 0 0 0 0 0 0 0 0 0 0 0 0 0 0 0 0 0 0 0 0 0 0 0 0 0 0 0 0 0 0 0 0 0 0 0 0 0 0 0 0 0 0 0 0 0 0 0 0 0 0 0 0 0 0 1 1 1 1 1 0 0 0 0 0 0 0 0 0 0 0 0 0 0 0 0 0 0 0 0 0 0 0 0 0 0 0 0 0 
0 0 0 0 0 0 0 0 0 0 0 0 0 0 0 0 0 0 0 0 0 0 0 0 0 0 0 0 0 0 0 0 0 0 0 0 0 0 0 0 0 0 0 0 0 0 0 0 0 0 0 0 0 0 0 0 0 0 0 0 0 0 0 0 0 0 0 1 1 1 1 1 0 0 0 0 0 0 0 0 0 0 0 0 0 0 0 0 0 0 0 0 0 0 0 0 0 0 0 0 
0 0 0 0 0 0 0 0 0 0 0 0 0 0 0 0 0 0 0 0 0 0 0 0 0 0 0 0 0 0 0 0 0 0 0 0 0 0 0 0 0 0 0 0 0 0 0 0 0 0 0 0 0 0 0 0 0 0 0 0 0 0 0 0 0 0 0 0 1 1 1 1 1 0 0 0 0 0 0 0 0 0 0 0 0 0 0 0 0 0 0 0 0 0 0 0 0 0 0 0 
0 0 0 0 0 0 0 0 0 0 0 0 0 0 0 0 0 0 0 0 0 0 0 0 0 0 0 0 0 0 0 0 0 0 0 0 0 0 0 0 0 0 0 0 0 0 0 0 0 0 0 0 0 0 0 0 0 0 0 0 0 0 0 0 0 0 0 0 0 1 1 1 1 1 0 0 0 0 0 0 0 0 0 0 0 0 0 0 0 0 0 0 0 0 0 0 0 0 0 0 
0 0 0 0 0 0 0 0 0 0 0 0 0 0 0 0 0 0 0 0 0 0 0 0 0 0 0 0 0 0 0 0 0 0 0 0 0 0 0 0 0 0 0 0 0 0 0 0 0 0 0 0 0 0 0 0 0 0 0 0 0 0 0 0 0 0 0 0 0 0 1 1 1 1 1 0 0 0 0 0 0 0 0 0 0 0 0 0 0 0 0 0 0 0 0 0 0 0 0 0 
0 0 0 0 0 0 0 0 0 0 0 0 0 0 0 0 0 0 0 0 0 0 0 0 0 0 0 0 0 0 0 0 0 0 0 0 0 0 0 0 0 0 0 0 0 0 0 0 0 0 0 0 0 0 0 0 0 0 0 0 0 0 0 0 0 0 0 0 0 0 0 1 1 1 1 1 0 0 0 0 0 0 0 0 0 0 0 0 0 0 0 0 0 0 0 0 0 0 0 0 
0 0 0 0 0 0 0 0 0 0 0 0 0 0 0 0 0 0 0 0 0 0 0 0 0 0 0 0 0 0 0 0 0 0 0 0 0 0 0 0 0 0 0 0 0 0 0 0 0 0 0 0 0 0 0 0 0 0 0 0 0 0 0 0 0 0 0 0 0 0 0 0 1 1 1 1 1 0 0 0 0 0 0 0 0 0 0 0 0 0 0 0 0 0 0 0 0 0 0 0 
0 0 0 0 0 0 0 0 0 0 0 0 0 0 0 0 0 0 0 0 0 0 0 0 0 0 0 0 0 0 0 0 0 0 0 0 0 0 0 0 0 0 0 0 0 0 0 0 0 0 0 0 0 0 0 0 0 0 0 0 0 0 0 0 0 0 0 0 0 0 0 0 0 1 1 1 1 1 0 0 0 0 0 0 0 0 0 0 0 0 0 0 0 0 0 0 0 0 0 0 
0 0 0 0 0 0 0 0 0 0 0 0 0 0 0 0 0 0 0 0 0 0 0 0 0 0 0 0 0 0 0 0 0 0 0 0 0 0 0 0 0 0 0 0 0 0 0 0 0 0 0 0 0 0 0 0 0 0 0 0 0 0 0 0 0 0 0 0 0 0 0 0 0 0 1 1 1 1 1 0 0 0 0 0 0 0 0 0 0 0 0 0 0 0 0 0 0 0 0 0 
0 0 0 0 0 0 0 0 0 0 0 0 0 0 0 0 0 0 0 0 0 0 0 0 0 0 0 0 0 0 0 0 0 0 0 0 0 0 0 0 0 0 0 0 0 0 0 0 0 0 0 0 0 0 0 0 0 0 0 0 0 0 0 0 0 0 0 0 0 0 0 0 0 0 0 1 1 1 1 1 0 0 0 0 0 0 0 0 0 0 0 0 0 0 0 0 0 0 0 0 
0 0 0 0 0 0 0 0 0 0 0 0 0 0 0 0 0 0 0 0 0 0 0 0 0 0 0 0 0 0 0 0 0 0 0 0 0 0 0 0 0 0 0 0 0 0 0 0 0 0 0 0 0 0 0 0 0 0 0 0 0 0 0 0 0 0 0 0 0 0 0 0 0 0 0 0 1 1 1 1 1 0 0 0 0 0 0 0 0 0 0 0 0 0 0 0 0 0 0 0 
0 0 0 0 0 0 0 0 0 0 0 0 0 0 0 0 0 0 0 0 0 0 0 0 0 0 0 0 0 0 0 0 0 0 0 0 0 0 0 0 0 0 0 0 0 0 0 0 0 0 0 0 0 0 0 0 0 0 0 0 0 0 0 0 0 0 0 0 0 0 0 0 0 0 0 0 0 1 1 1 1 1 0 0 0 0 0 0 0 0 0 0 0 0 0 0 0 0 0 0 
0 0 0 0 0 0 0 0 0 0 0 0 0 0 0 0 0 0 0 0 0 0 0 0 0 0 0 0 0 0 0 0 0 0 0 0 0 0 0 0 0 0 0 0 0 0 0 0 0 0 0 0 0 0 0 0 0 0 0 0 0 0 0 0 0 0 0 0 0 0 0 0 0 0 0 0 0 0 1 1 1 1 1 0 0 0 0 0 0 0 0 0 0 0 0 0 0 0 0 0 
0 0 0 0 0 0 0 0 0 0 0 0 0 0 0 0 0 0 0 0 0 0 0 0 0 0 0 0 0 0 0 0 0 0 0 0 0 0 0 0 0 0 0 0 0 0 0 0 0 0 0 0 0 0 0 0 0 0 0 0 0 0 0 0 0 0 0 0 0 0 0 0 0 0 0 0 0 0 0 1 1 1 1 1 0 0 0 0 0 0 0 0 0 0 0 0 0 0 0 0 
0 0 0 0 0 0 0 0 0 0 0 0 0 0 0 0 0 0 0 0 0 0 0 0 0 0 0 0 0 0 0 0 0 0 0 0 0 0 0 0 0 0 0 0 0 0 0 0 0 0 0 0 0 0 0 0 0 0 0 0 0 0 0 0 0 0 0 0 0 0 0 0 0 0 0 0 0 0 0 0 1 1 1 1 1 0 0 0 0 0 0 0 0 0 0 0 0 0 0 0 
0 0 0 0 0 0 0 0 0 0 0 0 0 0 0 0 0 0 0 0 0 0 0 0 0 0 0 0 0 0 0 0 0 0 0 0 0 0 0 0 0 0 0 0 0 0 0 0 0 0 0 0 0 0 0 0 0 0 0 0 0 0 0 0 0 0 0 0 0 0 0 0 0 0 0 0 0 0 0 0 0 1 1 1 1 1 0 0 0 0 0 0 0 0 0 0 0 0 0 0 
0 0 0 0 0 0 0 0 0 0 0 0 0 0 0 0 0 0 0 0 0 0 0 0 0 0 0 0 0 0 0 0 0 0 0 0 0 0 0 0 0 0 0 0 0 0 0 0 0 0 0 0 0 0 0 0 0 0 0 0 0 0 0 0 0 0 0 0 0 0 0 0 0 0 0 0 0 0 0 0 0 0 1 1 1 1 1 0 0 0 0 0 0 0 0 0 0 0 0 0 
0 0 0 0 0 0 0 0 0 0 0 0 0 0 0 0 0 0 0 0 0 0 0 0 0 0 0 0 0 0 0 0 0 0 0 0 0 0 0 0 0 0 0 0 0 0 0 0 0 0 0 0 0 0 0 0 0 0 0 0 0 0 0 0 0 0 0 0 0 0 0 0 0 0 0 0 0 0 0 0 0 0 0 1 1 1 1 1 0 0 0 0 0 0 0 0 0 0 0 0 
0 0 0 0 0 0 0 0 0 0 0 0 0 0 0 0 0 0 0 0 0 0 0 0 0 0 0 0 0 0 0 0 0 0 0 0 0 0 0 0 0 0 0 0 0 0 0 0 0 0 0 0 0 0 0 0 0 0 0 0 0 0 0 0 0 0 0 0 0 0 0 0 0 0 0 0 0 0 0 0 0 0 0 0 1 1 1 1 1 0 0 0 0 0 0 0 0 0 0 0 
0 0 0 0 0 0 0 0 0 0 0 0 0 0 0 0 0 0 0 0 0 0 0 0 0 0 0 0 0 0 0 0 0 0 0 0 0 0 0 0 0 0 0 0 0 0 0 0 0 0 0 0 0 0 0 0 0 0 0 0 0 0 0 0 0 0 0 0 0 0 0 0 0 0 0 0 0 0 0 0 0 0 0 0 0 1 1 1 1 1 0 0 0 0 0 0 0 0 0 0 
0 0 0 0 0 0 0 0 0 0 0 0 0 0 0 0 0 0 0 0 0 0 0 0 0 0 0 0 0 0 0 0 0 0 0 0 0 0 0 0 0 0 0 0 0 0 0 0 0 0 0 0 0 0 0 0 0 0 0 0 0 0 0 0 0 0 0 0 0 0 0 0 0 0 0 0 0 0 0 0 0 0 0 0 0 0 1 1 1 1 1 0 0 0 0 0 0 0 0 0 
0 0 0 0 0 0 0 0 0 0 0 0 0 0 0 0 0 0 0 0 0 0 0 0 0 0 0 0 0 0 0 0 0 0 0 0 0 0 0 0 0 0 0 0 0 0 0 0 0 0 0 0 0 0 0 0 0 0 0 0 0 0 0 0 0 0 0 0 0 0 0 0 0 0 0 0 0 0 0 0 0 0 0 0 0 0 0 1 1 1 1 1 0 0 0 0 0 0 0 0 
0 0 0 0 0 0 0 0 0 0 0 0 0 0 0 0 0 0 0 0 0 0 0 0 0 0 0 0 0 0 0 0 0 0 0 0 0 0 0 0 0 0 0 0 0 0 0 0 0 0 0 0 0 0 0 0 0 0 0 0 0 0 0 0 0 0 0 0 0 0 0 0 0 0 0 0 0 0 0 0 0 0 0 0 0 0 0 0 1 1 1 1 1 0 0 0 0 0 0 0 
0 0 0 0 0 0 0 0 0 0 0 0 0 0 0 0 0 0 0 0 0 0 0 0 0 0 0 0 0 0 0 0 0 0 0 0 0 0 0 0 0 0 0 0 0 0 0 0 0 0 0 0 0 0 0 0 0 0 0 0 0 0 0 0 0 0 0 0 0 0 0 0 0 0 0 0 0 0 0 0 0 0 0 0 0 0 0 0 0 1 1 1 1 1 0 0 0 0 0 0 
0 0 0 0 0 0 0 0 0 0 0 0 0 0 0 0 0 0 0 0 0 0 0 0 0 0 0 0 0 0 0 0 0 0 0 0 0 0 0 0 0 0 0 0 0 0 0 0 0 0 0 0 0 0 0 0 0 0 0 0 0 0 0 0 0 0 0 0 0 0 0 0 0 0 0 0 0 0 0 0 0 0 0 0 0 0 0 0 0 0 1 1 1 1 1 0 0 0 0 0 
0 0 0 0 0 0 0 0 0 0 0 0 0 0 0 0 0 0 0 0 0 0 0 0 0 0 0 0 0 0 0 0 0 0 0 0 0 0 0 0 0 0 0 0 0 0 0 0 0 0 0 0 0 0 0 0 0 0 0 0 0 0 0 0 0 0 0 0 0 0 0 0 0 0 0 0 0 0 0 0 0 0 0 0 0 0 0 0 0 0 0 1 1 1 1 1 0 0 0 0 
0 0 0 0 0 0 0 0 0 0 0 0 0 0 0 0 0 0 0 0 0 0 0 0 0 0 0 0 0 0 0 0 0 0 0 0 0 0 0 0 0 0 0 0 0 0 0 0 0 0 0 0 0 0 0 0 0 0 0 0 0 0 0 0 0 0 0 0 0 0 0 0 0 0 0 0 0 0 0 0 0 0 0 0 0 0 0 0 0 0 0 0 1 1 1 1 1 0 0 0 
0 0 0 0 0 0 0 0 0 0 0 0 0 0 0 0 0 0 0 0 0 0 0 0 0 0 0 0 0 0 0 0 0 0 0 0 0 0 0 0 0 0 0 0 0 0 0 0 0 0 0 0 0 0 0 0 0 0 0 0 0 0 0 0 0 0 0 0 0 0 0 0 0 0 0 0 0 0 0 0 0 0 0 0 0 0 0 0 0 0 0 0 0 1 1 1 1 1 0 0 
0 0 0 0 0 0 0 0 0 0 0 0 0 0 0 0 0 0 0 0 0 0 0 0 0 0 0 0 0 0 0 0 0 0 0 0 0 0 0 0 0 0 0 0 0 0 0 0 0 0 0 0 0 0 0 0 0 0 0 0 0 0 0 0 0 0 0 0 0 0 0 0 0 0 0 0 0 0 0 0 0 0 0 0 0 0 0 0 0 0 0 0 0 0 1 1 1 1 1 0 
0 0 0 0 0 0 0 0 0 0 0 0 0 0 0 0 0 0 0 0 0 0 0 0 0 0 0 0 0 0 0 0 0 0 0 0 0 0 0 0 0 0 0 0 0 0 0 0 0 0 0 0 0 0 0 0 0 0 0 0 0 0 0 0 0 0 0 0 0 0 0 0 0 0 0 0 0 0 0 0 0 0 0 0 0 0 0 0 0 0 0 0 0 0 0 1 1 1 1 1 
1 0 0 0 0 0 0 0 0 0 0 0 0 0 0 0 0 0 0 0 0 0 0 0 0 0 0 0 0 0 0 0 0 0 0 0 0 0 0 0 0 0 0 0 0 0 0 0 0 0 0 0 0 0 0 0 0 0 0 0 0 0 0 0 0 0 0 0 0 0 0 0 0 0 0 0 0 0 0 0 0 0 0 0 0 0 0 0 0 0 0 0 0 0 0 0 1 1 1 1 
1 1 0 0 0 0 0 0 0 0 0 0 0 0 0 0 0 0 0 0 0 0 0 0 0 0 0 0 0 0 0 0 0 0 0 0 0 0 0 0 0 0 0 0 0 0 0 0 0 0 0 0 0 0 0 0 0 0 0 0 0 0 0 0 0 0 0 0 0 0 0 0 0 0 0 0 0 0 0 0 0 0 0 0 0 0 0 0 0 0 0 0 0 0 0 0 0 1 1 1 
1 1 1 0 0 0 0 0 0 0 0 0 0 0 0 0 0 0 0 0 0 0 0 0 0 0 0 0 0 0 0 0 0 0 0 0 0 0 0 0 0 0 0 0 0 0 0 0 0 0 0 0 0 0 0 0 0 0 0 0 0 0 0 0 0 0 0 0 0 0 0 0 0 0 0 0 0 0 0 0 0 0 0 0 0 0 0 0 0 0 0 0 0 0 0 0 0 0 1 1 
1 1 1 1 0 0 0 0 0 0 0 0 0 0 0 0 0 0 0 0 0 0 0 0 0 0 0 0 0 0 0 0 0 0 0 0 0 0 0 0 0 0 0 0 0 0 0 0 0 0 0 0 0 0 0 0 0 0 0 0 0 0 0 0 0 0 0 0 0 0 0 0 0 0 0 0 0 0 0 0 0 0 0 0 0 0 0 0 0 0 0 0 0 0 0 0 0 0 0 1 
