Parameters
100 4
F_el
0.00230000000000 0.00740000000000 0.00190000000000 0.00210000000000 0.00140000000000 0.00150000000000 0.00130000000000 0.00140000000000 0.00190000000000 0.01515895861834 0.00160000000000 0.00180000000000 0.00130000000000 0.00140000000000 0.00130000000000 0.00130000000000 0.00220000000000 0.00730000000000 0.00180000000000 0.00200000000000 0.00140000000000 0.00140000000000 0.00130000000000 0.00140000000000 0.00180000000000 0.01506509140994 0.00160000000000 0.00180000000000 0.00130000000000 0.00130000000000 0.00120000000000 0.00130000000000 
0.00160000000000 0.04992775219965 0.02098622595293 0.01479652391941 0.00350000000000 0.00170000000000 0.00940000000000 0.00130000000000 0.00130000000000 0.02180033775248 0.01628320282115 0.03534448516159 0.00190000000000 0.01633887521473 0.03064010481766 0.00160000000000 0.00150000000000 0.02956964583393 0.01804547352543 0.01750581045994 0.00260000000000 0.00190000000000 0.01634656499260 0.00130000000000 0.00130000000000 0.01989637067796 0.01611553422532 0.10529644080662 0.00170000000000 0.01733259351719 0.00780000000000 0.00170000000000 
0.00180000000000 0.00120000000000 0.03320315161450 0.00160000000000 0.02152718662049 0.00140000000000 0.03351993792477 0.01662759707086 0.00180000000000 0.00120000000000 0.03331722040966 0.00160000000000 0.02162131028197 0.00140000000000 0.03194277006469 0.01663562515803 0.00120000000000 0.00100000000000 0.00200000000000 0.00120000000000 0.00150000000000 0.00110000000000 0.02109864547389 0.00140000000000 0.00120000000000 0.00100000000000 0.00200000000000 0.00120000000000 0.00150000000000 0.00110000000000 0.02110780831673 0.00140000000000 
0.00140000000000 0.00140000000000 0.00130000000000 0.00120000000000 0.00130000000000 0.00120000000000 0.00120000000000 0.00110000000000 0.00200000000000 0.00170000000000 0.00150000000000 0.00140000000000 0.00160000000000 0.00150000000000 0.00130000000000 0.00130000000000 0.00140000000000 0.00130000000000 0.00120000000000 0.00120000000000 0.00130000000000 0.00120000000000 0.00120000000000 0.00110000000000 0.00180000000000 0.00160000000000 0.00140000000000 0.00130000000000 0.00150000000000 0.00140000000000 0.00130000000000 0.00120000000000 
0.01606286597242 0.01820261307091 0.02544455985052 0.02168373475853 0.03899177962479 0.03101659361745 0.00210000000000 0.00190000000000 0.00140000000000 0.00150000000000 0.00190000000000 0.00220000000000 0.01511679182936 0.01682182994164 0.11046550968232 0.11677846303247 0.01809451606471 0.02079587729340 0.07036007049913 0.03203323579703 0.04628529904731 0.03525232131463 0.00220000000000 0.00200000000000 0.00140000000000 0.00150000000000 0.00210000000000 0.00660000000000 0.01673340654059 0.01874704870280 0.11101927838252 0.10743838047368 
0.01503456767717 0.01959594314206 0.00140000000000 0.00150000000000 0.00140000000000 0.00160000000000 0.00110000000000 0.00120000000000 0.01739351352040 0.02250808307359 0.00140000000000 0.00160000000000 0.00140000000000 0.00160000000000 0.00110000000000 0.00120000000000 0.08903811366614 0.02275800037020 0.00210000000000 0.01565002865660 0.00690000000000 0.01827494339697 0.00130000000000 0.00150000000000 0.08684692121611 0.02848020223902 0.01431114354702 0.02095268996147 0.01644359226997 0.02075471036850 0.00130000000000 0.00150000000000 
0.01566742645425 0.02351189775255 0.00130000000000 0.00160000000000 0.00250000000000 0.01750878041703 0.00130000000000 0.00160000000000 0.03306205318981 0.02132415629066 0.00170000000000 0.01512720446535 0.01494589596004 0.00210000000000 0.00170000000000 0.00250000000000 0.00850000000000 0.01829586641406 0.00140000000000 0.00500000000000 0.00700000000000 0.01668535881143 0.00140000000000 0.00180000000000 0.01923586851068 0.03242000849177 0.00520000000000 0.00850000000000 0.01877830383903 0.01408200750478 0.00190000000000 0.00700000000000 
0.01842866178293 0.02308219319881 0.00170000000000 0.00200000000000 0.01488835519221 0.01683374737624 0.00150000000000 0.00160000000000 0.01659337743071 0.01987573834367 0.00160000000000 0.00170000000000 0.00190000000000 0.00230000000000 0.00140000000000 0.00150000000000 0.01903678418168 0.02452815971455 0.00170000000000 0.00200000000000 0.01509389017318 0.01724507679938 0.00150000000000 0.00160000000000 0.01699402691272 0.02120757012302 0.00160000000000 0.00170000000000 0.00190000000000 0.00230000000000 0.00140000000000 0.00150000000000 
0.02839795339275 0.12184825331238 0.00150000000000 0.00180000000000 0.04158125937520 0.04713228162841 0.00180000000000 0.01000000000000 0.01598374784283 0.02026380957223 0.00130000000000 0.00140000000000 0.01643638115184 0.02273342965829 0.00140000000000 0.00550000000000 0.03048907693641 0.03795973670780 0.01305600720167 0.01659931873839 0.02287939802134 0.02103197680712 0.00960000000000 0.01807789415166 0.02146910700605 0.02706409236487 0.00160000000000 0.00970000000000 0.02426507960417 0.03160559685250 0.00560000000000 0.00860000000000 
0.01606531896850 0.00150000000000 0.00240000000000 0.00140000000000 0.01627762783952 0.00150000000000 0.00240000000000 0.00140000000000 0.00150000000000 0.00120000000000 0.00140000000000 0.00120000000000 0.00150000000000 0.00120000000000 0.00140000000000 0.00120000000000 0.00160000000000 0.00120000000000 0.00150000000000 0.00120000000000 0.00160000000000 0.00120000000000 0.00150000000000 0.00120000000000 0.00120000000000 0.00110000000000 0.00120000000000 0.00110000000000 0.00120000000000 0.00110000000000 0.00120000000000 0.00110000000000 
0.00160000000000 0.00560000000000 0.01377298912551 0.00940000000000 0.00140000000000 0.00170000000000 0.01000000000000 0.00830000000000 0.00210000000000 0.00220000000000 0.00390000000000 0.00660000000000 0.00170000000000 0.00180000000000 0.00230000000000 0.00630000000000 0.01662436772964 0.00920000000000 0.02432632353187 0.01923676706570 0.00990000000000 0.00820000000000 0.01655963186495 0.01558416952245 0.00550000000000 0.00750000000000 0.01750942398807 0.02227142745081 0.00270000000000 0.00690000000000 0.01635225595922 0.01576777776122 
0.00150000000000 0.00140000000000 0.00150000000000 0.00140000000000 0.00120000000000 0.00110000000000 0.00120000000000 0.00120000000000 0.00160000000000 0.00150000000000 0.00170000000000 0.00150000000000 0.00130000000000 0.00120000000000 0.00130000000000 0.00120000000000 0.00130000000000 0.00120000000000 0.00130000000000 0.00120000000000 0.00110000000000 0.00110000000000 0.00110000000000 0.00110000000000 0.00130000000000 0.00130000000000 0.00140000000000 0.00130000000000 0.00120000000000 0.00110000000000 0.00120000000000 0.00110000000000 
0.00170000000000 0.02110900756167 0.00140000000000 0.01310259711940 0.00130000000000 0.00860000000000 0.00120000000000 0.00170000000000 0.00230000000000 0.02467022476108 0.00150000000000 0.01589068773694 0.00150000000000 0.00840000000000 0.00120000000000 0.00540000000000 0.00180000000000 0.02196395206477 0.00140000000000 0.01343974177420 0.00140000000000 0.00850000000000 0.00120000000000 0.00550000000000 0.01457433567025 0.02608600974314 0.00150000000000 0.01614877526172 0.00150000000000 0.00840000000000 0.00120000000000 0.00550000000000 
0.02574730233348 0.01798721091943 0.00210000000000 0.01740743575727 0.03316175921299 0.02466882443822 0.00230000000000 0.01374451221574 0.02563997083388 0.01775497780361 0.00220000000000 0.01649854479885 0.03088828296423 0.02422310657416 0.00240000000000 0.01741836842846 0.11304223714405 0.02601517701980 0.01664736735388 0.01720939600170 0.03536351529477 0.03329472455204 0.01743641724011 0.02614740259232 0.11102816275593 0.02388595722273 0.01667424639826 0.01666186683184 0.04238529641034 0.02901322015102 0.01749716440843 0.02629007029254 
0.02400465267902 0.01878603618957 0.00190000000000 0.00310000000000 0.08155805597401 0.02680366151711 0.01701759445259 0.05224448052111 0.03290355032653 0.00660000000000 0.00220000000000 0.00770000000000 0.03225364804480 0.01712944048579 0.01800506292561 0.01833602556111 0.02541335552667 0.11451920712055 0.01633367337828 0.01794546195385 0.03576014551447 0.10835632985498 0.02088470488337 0.03089727580213 0.02735069762175 0.10540322482663 0.01656718683943 0.01922796546952 0.04311238403988 0.04115931099729 0.02171529916188 0.03910206661601 
0.00150000000000 0.00140000000000 0.00160000000000 0.00150000000000 0.00190000000000 0.00170000000000 0.01478888524598 0.00850000000000 0.02039863042635 0.01955482768843 0.01701500476314 0.01647483143954 0.03027272131954 0.02305261073335 0.01784311772298 0.01692382815871 0.02187064103266 0.01765396385553 0.01912604194736 0.01545566750957 0.10104045216159 0.03088066456185 0.02407733919884 0.01912226017119 0.04297733801154 0.04351792655870 0.03010715011986 0.02158260868166 0.03441257190197 0.04822616306560 0.03238579667073 0.02546780914875 
0.00140000000000 0.00150000000000 0.00150000000000 0.00170000000000 0.00140000000000 0.00150000000000 0.00150000000000 0.00170000000000 0.00120000000000 0.00120000000000 0.00120000000000 0.00120000000000 0.00120000000000 0.00120000000000 0.00120000000000 0.00120000000000 0.00160000000000 0.00180000000000 0.00170000000000 0.00200000000000 0.00150000000000 0.00180000000000 0.00170000000000 0.00200000000000 0.00120000000000 0.00130000000000 0.00130000000000 0.00130000000000 0.00120000000000 0.00130000000000 0.00120000000000 0.00130000000000 
0.01852935850301 0.01979658468149 0.02110839443672 0.02225332688919 0.01532557707572 0.01569690093517 0.01811898284954 0.01865571929560 0.01595100753891 0.01643052889272 0.01893209544955 0.01957411535887 0.00220000000000 0.01398947633138 0.01651714475100 0.01685676223829 0.00210000000000 0.01395848626170 0.01649416192806 0.01674636083336 0.00170000000000 0.00190000000000 0.00190000000000 0.01344171011505 0.00180000000000 0.00210000000000 0.01508259426173 0.01523351376836 0.00150000000000 0.00170000000000 0.00160000000000 0.00180000000000 
0.00170000000000 0.00170000000000 0.00190000000000 0.00170000000000 0.02244022327860 0.00970000000000 0.02448977011606 0.03080689450868 0.00150000000000 0.00140000000000 0.00150000000000 0.00150000000000 0.01716687324166 0.00250000000000 0.01813109036237 0.00280000000000 0.02513535959833 0.00210000000000 0.02266144485716 0.00190000000000 0.01559500551654 0.00150000000000 0.01538448879524 0.00140000000000 0.10844967207810 0.00310000000000 0.10549291080201 0.00270000000000 0.02243990384795 0.00170000000000 0.02141119384464 0.00170000000000 
0.01588746439037 0.00130000000000 0.01579152475715 0.00120000000000 0.04095879495499 0.00150000000000 0.02027116176364 0.00130000000000 0.03202960140403 0.00180000000000 0.02625299531435 0.00150000000000 0.01538112179590 0.00820000000000 0.03278015439475 0.01533263287620 0.02027764644249 0.00140000000000 0.01340761692292 0.00120000000000 0.02432997654385 0.00180000000000 0.02534797097984 0.00150000000000 0.01912380378743 0.01518967277721 0.03997834462159 0.00180000000000 0.00200000000000 0.02300360324816 0.01993674291881 0.01862937028447 
0.00690000000000 0.00180000000000 0.00160000000000 0.00140000000000 0.02083147636839 0.01845578112284 0.01580868335524 0.01590791385617 0.00690000000000 0.00180000000000 0.00160000000000 0.00140000000000 0.02092039535671 0.01845814993143 0.01581122522373 0.01590973671555 0.00220000000000 0.00180000000000 0.00160000000000 0.00140000000000 0.01640038780851 0.01606601702740 0.00680000000000 0.00720000000000 0.00220000000000 0.00180000000000 0.00160000000000 0.00140000000000 0.01640413245210 0.01606820667029 0.00680000000000 0.00720000000000 
0.02564034484883 0.02491892221283 0.01771965594914 0.01751202405750 0.07881167877138 0.04723331063086 0.02150025749214 0.02119364953481 0.00700000000000 0.00690000000000 0.00580000000000 0.00570000000000 0.00980000000000 0.00950000000000 0.00680000000000 0.00670000000000 0.06097372856605 0.05194800967357 0.02184775661979 0.02144071060931 0.02586502118740 0.02655671710361 0.03018289502945 0.02902868618332 0.00890000000000 0.00870000000000 0.00650000000000 0.00640000000000 0.03292394624290 0.02484061588745 0.00830000000000 0.00820000000000 
0.04466657746173 0.01856684495793 0.01828641463401 0.00640000000000 0.04200856650428 0.02893951690583 0.10335580862675 0.02238857173556 0.00190000000000 0.01713055786981 0.01444677468118 0.05635652647389 0.01388014085777 0.02049108973118 0.01957360750875 0.03047831976020 0.02358599551065 0.01838626005219 0.02060770925798 0.01525337172865 0.02923218366460 0.01732572244060 0.03148108095632 0.02041023820185 0.01895784855723 0.03401944960241 0.08895075745179 0.10368157077259 0.02109998879002 0.02981889828267 0.03219664036274 0.09964454513435 
0.03634784486640 0.01860938200708 0.08695611794296 0.01488746151184 0.00170000000000 0.00140000000000 0.00160000000000 0.00140000000000 0.02399213078156 0.02020227853938 0.02028870273990 0.01831333464890 0.03889855455830 0.02026110011901 0.06269519770270 0.01998143476531 0.00200000000000 0.00160000000000 0.00190000000000 0.00160000000000 0.00120000000000 0.00120000000000 0.00120000000000 0.00120000000000 0.04300636655115 0.03117365591758 0.03086878651425 0.04340865994162 0.01538068212005 0.00180000000000 0.00220000000000 0.00170000000000 
0.00150000000000 0.00150000000000 0.02450215493306 0.03792658432380 0.00190000000000 0.00200000000000 0.02023804851825 0.02316499240926 0.00150000000000 0.00150000000000 0.02194311988304 0.02808553419849 0.00180000000000 0.00190000000000 0.02360487917581 0.02512543908287 0.00120000000000 0.00130000000000 0.01442864500220 0.01463275151117 0.00140000000000 0.00140000000000 0.00640000000000 0.01436170309669 0.00120000000000 0.00120000000000 0.01379415526094 0.01431641184208 0.00140000000000 0.00140000000000 0.00610000000000 0.01386228509974 
0.00160000000000 0.00120000000000 0.00150000000000 0.00120000000000 0.00140000000000 0.00120000000000 0.00140000000000 0.00120000000000 0.00110000000000 0.00110000000000 0.00110000000000 0.00100000000000 0.00110000000000 0.00100000000000 0.00110000000000 0.00100000000000 0.00780000000000 0.00180000000000 0.00790000000000 0.00170000000000 0.00650000000000 0.00160000000000 0.00630000000000 0.00150000000000 0.00140000000000 0.00120000000000 0.00140000000000 0.00120000000000 0.00130000000000 0.00110000000000 0.00130000000000 0.00110000000000 
0.02071229723923 0.02030764296353 0.01878995622649 0.01869420658723 0.00210000000000 0.01393668273148 0.01477162058030 0.01541551710377 0.04067582531659 0.06010497483108 0.03092375462718 0.02679758145681 0.00150000000000 0.00160000000000 0.00160000000000 0.00170000000000 0.01780909300595 0.01772576576767 0.01664719238326 0.01675464453790 0.00210000000000 0.01341520544656 0.01415929926514 0.01487517449189 0.03393430425603 0.02677741464665 0.02170862202757 0.02070425565379 0.00150000000000 0.00160000000000 0.00170000000000 0.00170000000000 
0.02308027083221 0.01719353691371 0.00170000000000 0.00150000000000 0.02235577653030 0.01708351183188 0.00170000000000 0.00150000000000 0.00180000000000 0.00150000000000 0.00130000000000 0.00120000000000 0.00180000000000 0.00150000000000 0.00130000000000 0.00120000000000 0.02575078244171 0.02635415935293 0.01623934315939 0.00210000000000 0.02830144538254 0.02533429444945 0.00250000000000 0.00200000000000 0.00270000000000 0.00200000000000 0.00150000000000 0.00130000000000 0.00260000000000 0.00190000000000 0.00140000000000 0.00130000000000 
0.00690000000000 0.00710000000000 0.01876489794884 0.01949325674716 0.00140000000000 0.00140000000000 0.00200000000000 0.00200000000000 0.00200000000000 0.00210000000000 0.01577761397982 0.01610055091064 0.00140000000000 0.00140000000000 0.00180000000000 0.00190000000000 0.00160000000000 0.00160000000000 0.00560000000000 0.00570000000000 0.00130000000000 0.00130000000000 0.00160000000000 0.00160000000000 0.00150000000000 0.00150000000000 0.00280000000000 0.00300000000000 0.00120000000000 0.00120000000000 0.00150000000000 0.00150000000000 
0.00150000000000 0.00130000000000 0.00160000000000 0.00140000000000 0.00230000000000 0.00180000000000 0.01568759849692 0.00200000000000 0.00200000000000 0.00160000000000 0.01455830444311 0.00170000000000 0.02738640931898 0.00530000000000 0.03737601168191 0.01875862372125 0.01631519256627 0.00180000000000 0.01804003810608 0.01716336078576 0.02960231808819 0.02228364034103 0.03715199946585 0.02644365937790 0.02604910400747 0.02254638655588 0.03010569730962 0.02523547806452 0.10716083360164 0.06442022268678 0.11148396838255 0.07436855471377 
0.02399641615518 0.00190000000000 0.01557704384659 0.00150000000000 0.03740561404309 0.02331033227047 0.10644349255029 0.01502187370429 0.03620322196871 0.00220000000000 0.01866168227547 0.00160000000000 0.03804392840089 0.06322812327030 0.10860338817137 0.01872979976285 0.02566422535820 0.00200000000000 0.01790756470910 0.00150000000000 0.03483967571937 0.02368166284550 0.04210815394262 0.01725450321256 0.03333661746248 0.01493076538539 0.02043014474694 0.00170000000000 0.03498588670652 0.03215370902041 0.05880234564797 0.01977628877729 
0.00150000000000 0.00270000000000 0.00140000000000 0.00220000000000 0.00160000000000 0.01558083336088 0.00150000000000 0.00270000000000 0.00150000000000 0.00260000000000 0.00140000000000 0.00220000000000 0.00150000000000 0.00310000000000 0.00150000000000 0.00250000000000 0.00190000000000 0.05284061726970 0.00170000000000 0.00550000000000 0.00210000000000 0.10907201291439 0.00190000000000 0.02257853507991 0.00180000000000 0.00830000000000 0.00170000000000 0.00950000000000 0.00200000000000 0.01440593383682 0.00180000000000 0.01724336995682 
0.00200000000000 0.00180000000000 0.00190000000000 0.00180000000000 0.00190000000000 0.00180000000000 0.00190000000000 0.00180000000000 0.02631466150060 0.02292062001136 0.02565332340012 0.02231869089405 0.01951353907445 0.02097498853533 0.01920640888622 0.01923624278825 0.00630000000000 0.00210000000000 0.00220000000000 0.00200000000000 0.00220000000000 0.00200000000000 0.00210000000000 0.00190000000000 0.01980890907615 0.01934193716037 0.01847939841845 0.01808671436952 0.01693900909851 0.01644296289860 0.01588970566110 0.01549512077460 
0.01947102357170 0.00320000000000 0.02411053717964 0.02040975072132 0.00160000000000 0.00150000000000 0.01517813982877 0.00180000000000 0.00180000000000 0.00160000000000 0.01678625785454 0.01285499268891 0.00120000000000 0.00120000000000 0.00140000000000 0.00130000000000 0.01956870687614 0.00320000000000 0.02411233893299 0.02041374012667 0.00160000000000 0.00150000000000 0.01526487677821 0.00180000000000 0.00180000000000 0.00160000000000 0.01679560114340 0.01286401331766 0.00120000000000 0.00120000000000 0.00140000000000 0.00130000000000 
0.00140000000000 0.00130000000000 0.01811991939874 0.00220000000000 0.00140000000000 0.00130000000000 0.01641733377319 0.00190000000000 0.00150000000000 0.00130000000000 0.01699386610539 0.00240000000000 0.00140000000000 0.00130000000000 0.01538102445201 0.00200000000000 0.01923198717111 0.00250000000000 0.02581982457028 0.06469734332087 0.01691191668012 0.00210000000000 0.02937677083549 0.06516591676266 0.01773266549006 0.00270000000000 0.01966575856381 0.01881118750785 0.01554421803972 0.00230000000000 0.02069635406457 0.01960929577406 
0.02297352562594 0.02982170041363 0.00180000000000 0.01601112943451 0.00720000000000 0.01499239457945 0.00160000000000 0.00200000000000 0.01544454688172 0.01622492714777 0.00140000000000 0.00170000000000 0.00200000000000 0.00360000000000 0.00130000000000 0.00150000000000 0.07481491814638 0.01734582617197 0.01401758434343 0.02092891698190 0.01687085733922 0.01587890980380 0.00190000000000 0.00660000000000 0.01836726504638 0.11735284462135 0.00170000000000 0.00250000000000 0.00610000000000 0.00820000000000 0.00150000000000 0.00180000000000 
0.00140000000000 0.00130000000000 0.00150000000000 0.00130000000000 0.00160000000000 0.00140000000000 0.00170000000000 0.00140000000000 0.00130000000000 0.00120000000000 0.00130000000000 0.00120000000000 0.00130000000000 0.00120000000000 0.00140000000000 0.00120000000000 0.00180000000000 0.00150000000000 0.00210000000000 0.00160000000000 0.00250000000000 0.00170000000000 0.00820000000000 0.00180000000000 0.00150000000000 0.00130000000000 0.00150000000000 0.00130000000000 0.00160000000000 0.00140000000000 0.00180000000000 0.00140000000000 
0.00160000000000 0.00160000000000 0.01940811514100 0.02001387440017 0.00170000000000 0.00170000000000 0.02135927004723 0.02216661118380 0.00720000000000 0.00750000000000 0.01755822354913 0.01766477925548 0.00830000000000 0.00870000000000 0.01595617852776 0.01605748185154 0.03263051298220 0.03640427565700 0.01651106040758 0.01669723479972 0.07578643604059 0.10667258273089 0.01531800308126 0.01533520189230 0.00210000000000 0.00210000000000 0.00140000000000 0.00140000000000 0.00190000000000 0.00190000000000 0.00130000000000 0.00130000000000 
0.00150000000000 0.00150000000000 0.00230000000000 0.01498332542120 0.00110000000000 0.00120000000000 0.00130000000000 0.00130000000000 0.00130000000000 0.00130000000000 0.00160000000000 0.00170000000000 0.00110000000000 0.00110000000000 0.00120000000000 0.00120000000000 0.00160000000000 0.00170000000000 0.01533208169871 0.01631985733397 0.00120000000000 0.00120000000000 0.00130000000000 0.00130000000000 0.00140000000000 0.00140000000000 0.00180000000000 0.00190000000000 0.00110000000000 0.00110000000000 0.00120000000000 0.00120000000000 
0.02584665307668 0.01885340327176 0.05002474623525 0.02141629668602 0.01990355522023 0.01675102427996 0.02401349605313 0.01772369729949 0.10715179609514 0.10513752076490 0.06284229863252 0.11440450427909 0.11285037315482 0.02469570576709 0.10741854852354 0.10493807015627 0.01741027949556 0.00180000000000 0.01747087786006 0.00220000000000 0.00230000000000 0.00160000000000 0.01638955936919 0.00180000000000 0.01932792871955 0.01627994214036 0.03235346070067 0.01714690182700 0.01726842704874 0.00710000000000 0.01858820722208 0.00780000000000 
0.02930045776602 0.02182192330509 0.05550981731847 0.02007379821067 0.02940855342807 0.02181594460867 0.05662400260325 0.02006955395242 0.02000951755467 0.02429450942595 0.02377955635916 0.02143037670914 0.02002091232656 0.02419918641442 0.02387741667525 0.02142373985276 0.02348152088530 0.02678937317911 0.02724276243991 0.02378637424565 0.02349243911143 0.02669510004472 0.02733854899521 0.02377889743858 0.01992516479667 0.03331597224773 0.02184534203229 0.02716705937261 0.01993186981208 0.03312297179237 0.02185419161586 0.02707036518092 
0.00170000000000 0.00640000000000 0.00710000000000 0.02617444393563 0.00140000000000 0.00160000000000 0.00230000000000 0.00700000000000 0.00140000000000 0.00170000000000 0.00230000000000 0.00650000000000 0.00130000000000 0.00140000000000 0.00170000000000 0.00220000000000 0.00130000000000 0.00140000000000 0.00170000000000 0.00270000000000 0.00120000000000 0.00130000000000 0.00140000000000 0.00170000000000 0.00120000000000 0.00130000000000 0.00150000000000 0.00180000000000 0.00110000000000 0.00120000000000 0.00130000000000 0.00140000000000 
0.08719908518891 0.01726422856371 0.10404490428714 0.03053602999881 0.10696194166639 0.01633953171373 0.01606328269242 0.01883586712114 0.02451154769456 0.03664664816544 0.01911238570305 0.03208800383723 0.02089376978886 0.01816624554610 0.00220000000000 0.01576138153420 0.02049650632038 0.00190000000000 0.11119398661240 0.01654194239442 0.02275380460414 0.00180000000000 0.05979771602310 0.00270000000000 0.03615049266970 0.01520917288388 0.07341531515164 0.02201006839943 0.11686474775954 0.00240000000000 0.01671203460580 0.01565874021801 
0.01445393903187 0.00200000000000 0.01564685202351 0.00990000000000 0.02010446022570 0.02289772477976 0.02671023810841 0.03651124810320 0.01989037479363 0.01695792059301 0.01984300960220 0.01793038020089 0.00660000000000 0.01495630799966 0.01749298353170 0.01906525841421 0.01810194123793 0.01588899536840 0.01874336963605 0.01712050182223 0.01933290218136 0.02064901321030 0.02294996531859 0.02515158428684 0.03335807961047 0.02284367650702 0.02553054980499 0.02154644887218 0.01483794757655 0.01573499762623 0.01770469933440 0.01833634228374 
0.05444277653146 0.10276783108448 0.00160000000000 0.00150000000000 0.00230000000000 0.00170000000000 0.01937299596415 0.02031785595965 0.01710926725286 0.01469461946043 0.00130000000000 0.00130000000000 0.00290000000000 0.00210000000000 0.00190000000000 0.00180000000000 0.02786717229397 0.02690098023649 0.01779415247559 0.01765434818602 0.00170000000000 0.00140000000000 0.10377314785533 0.10708104867912 0.10671886388030 0.04054762971630 0.00160000000000 0.00150000000000 0.00190000000000 0.00160000000000 0.02365345337944 0.05550154456175 
0.00160000000000 0.00120000000000 0.00120000000000 0.00100000000000 0.00150000000000 0.00120000000000 0.00120000000000 0.00100000000000 0.00140000000000 0.00110000000000 0.00110000000000 0.00100000000000 0.00130000000000 0.00110000000000 0.00110000000000 0.00100000000000 0.01457175317366 0.00130000000000 0.00130000000000 0.00110000000000 0.00230000000000 0.00130000000000 0.00130000000000 0.00110000000000 0.00170000000000 0.00120000000000 0.00120000000000 0.00110000000000 0.00160000000000 0.00120000000000 0.00120000000000 0.00100000000000 
0.01756519580983 0.01915885304121 0.04455734466600 0.06280148885044 0.02340107830016 0.02729803157685 0.05639230756442 0.04351267521807 0.02826577586799 0.02308742495417 0.01986029897799 0.01627929673841 0.02569758413362 0.02254959324539 0.01622421144694 0.01586780487641 0.01758591374805 0.01916675644894 0.04275852647674 0.06350936129501 0.02319036019269 0.02668194760253 0.05048572724798 0.04408334463853 0.02785996681699 0.02300424590859 0.01973319514110 0.01617315857541 0.02549832757829 0.02245811051409 0.01620495136141 0.01583900779562 
0.00170000000000 0.01895869675510 0.00150000000000 0.01435174334336 0.00140000000000 0.00230000000000 0.00130000000000 0.00160000000000 0.00180000000000 0.01898643212370 0.00150000000000 0.01345745156476 0.00140000000000 0.01308923447024 0.00130000000000 0.00160000000000 0.00690000000000 0.02315336854756 0.00160000000000 0.01642216017530 0.00150000000000 0.01576551040526 0.00130000000000 0.00190000000000 0.00650000000000 0.02239801010068 0.00160000000000 0.01673622396667 0.00150000000000 0.01615541551782 0.00130000000000 0.00620000000000 
0.01898268329859 0.02675918648840 0.00140000000000 0.00170000000000 0.01853590768640 0.02320769503097 0.00140000000000 0.00160000000000 0.02385000286754 0.01710579250624 0.00140000000000 0.00170000000000 0.02645451281758 0.01682440085190 0.00140000000000 0.00170000000000 0.01990528494703 0.01882022169020 0.00140000000000 0.00170000000000 0.01964936781860 0.01812738633121 0.00140000000000 0.00170000000000 0.02610631722557 0.01506886942693 0.00140000000000 0.00180000000000 0.03044592155838 0.01482382260790 0.00140000000000 0.00170000000000 
0.00220000000000 0.02716042304643 0.00950000000000 0.02587043337519 0.00240000000000 0.06519161460074 0.01000000000000 0.02758403708860 0.00180000000000 0.02101398308340 0.00530000000000 0.01769308153716 0.00190000000000 0.03011034793971 0.00570000000000 0.02236797465671 0.00660000000000 0.02258859663288 0.00900000000000 0.02213434184248 0.01413751100341 0.03621944915875 0.00940000000000 0.03018507006740 0.00590000000000 0.01930520568003 0.00500000000000 0.01686107208976 0.00650000000000 0.02462135062613 0.00540000000000 0.02000578457159 
0.00150000000000 0.00140000000000 0.00130000000000 0.00130000000000 0.01326230769539 0.00200000000000 0.00180000000000 0.00160000000000 0.00610000000000 0.00170000000000 0.00160000000000 0.00150000000000 0.01563832301879 0.01828665419085 0.00960000000000 0.01560226878354 0.00160000000000 0.00150000000000 0.00140000000000 0.00140000000000 0.01646852979423 0.01577378451137 0.00220000000000 0.00180000000000 0.00980000000000 0.00200000000000 0.00180000000000 0.00170000000000 0.01816069964887 0.02035374950689 0.01562268823361 0.01682890350496 
0.01729328896160 0.00740000000000 0.02389861336428 0.01614920530377 0.00890000000000 0.00810000000000 0.01720862504251 0.01297553978820 0.01824217591474 0.00790000000000 0.03186149826348 0.01711036921302 0.01467911870987 0.00820000000000 0.01775991689393 0.01469021409997 0.01807701628516 0.00770000000000 0.01820985646023 0.01859461701977 0.01474676945604 0.00820000000000 0.01851635468239 0.01341727155318 0.02031374556678 0.00820000000000 0.01674739064145 0.02174271288031 0.01515325047326 0.00830000000000 0.01982849752886 0.01405932640105 
0.05241566583323 0.02553964219284 0.02142038870386 0.02347941014088 0.01319072215181 0.01584861833196 0.00790000000000 0.00810000000000 0.01524023305477 0.00220000000000 0.02684691752165 0.02019170585709 0.00910000000000 0.01393534200138 0.00830000000000 0.00970000000000 0.03387442656665 0.09859033303005 0.01889184193197 0.01991435054382 0.01252508729719 0.01299653627613 0.00780000000000 0.00800000000000 0.01813231940964 0.01484042044077 0.02668615954437 0.03027003592082 0.00750000000000 0.00790000000000 0.00800000000000 0.00830000000000 
0.02277412528449 0.02615103247628 0.04382866877496 0.03710412977717 0.03516768274585 0.04951404616649 0.02995114676122 0.02458147038596 0.00150000000000 0.00160000000000 0.00170000000000 0.00190000000000 0.00170000000000 0.00200000000000 0.00210000000000 0.01353354195608 0.02722500074483 0.02300668745888 0.02145510985764 0.01955734047551 0.02251470291016 0.02069597716931 0.01434686390009 0.01658688496718 0.01757890108287 0.01883559279954 0.02096648831016 0.02379111064219 0.02158159175382 0.02399397698416 0.02931181740184 0.03691905088297 
0.00170000000000 0.02401061577070 0.00160000000000 0.02071413202382 0.00140000000000 0.00210000000000 0.00130000000000 0.00190000000000 0.00600000000000 0.11161509074940 0.00220000000000 0.04667381500086 0.00160000000000 0.00680000000000 0.00150000000000 0.00650000000000 0.00210000000000 0.11758512641617 0.00190000000000 0.03992540936300 0.00150000000000 0.00570000000000 0.00140000000000 0.00260000000000 0.00630000000000 0.01921330567028 0.00610000000000 0.02387112814177 0.00180000000000 0.00840000000000 0.00170000000000 0.00760000000000 
0.01987363224930 0.01631290896946 0.01987330825050 0.02151296372944 0.03007529668556 0.08294648074292 0.00170000000000 0.01817247171879 0.00210000000000 0.00170000000000 0.12359256085876 0.02737004925842 0.03869021557180 0.03176700126128 0.01796499065139 0.01825644575920 0.02558292449592 0.02152016521583 0.03398494253940 0.10404854602543 0.11027108563724 0.10874204872352 0.02098064275418 0.02313563083425 0.01601327520088 0.00190000000000 0.11192983440876 0.10214386549080 0.10515877806266 0.10320717191734 0.02674441917723 0.10227425002517 
0.02676229999819 0.03721030572336 0.01628873227614 0.00220000000000 0.04390280302877 0.02401018622225 0.01458257737338 0.00180000000000 0.01716432680880 0.03342521712304 0.01395467177282 0.00190000000000 0.01849950048818 0.01876031725546 0.00240000000000 0.00170000000000 0.01790188264614 0.10230979969215 0.01455160890931 0.00210000000000 0.01825634892132 0.10483675619663 0.00280000000000 0.00180000000000 0.00630000000000 0.01667602945721 0.00320000000000 0.00200000000000 0.00650000000000 0.02538437261292 0.00230000000000 0.00180000000000 
0.01671519371297 0.00150000000000 0.02531713986485 0.07639261191698 0.01362421229647 0.00150000000000 0.01657503087781 0.02939830638788 0.01526234931177 0.00510000000000 0.04119525809133 0.02085490272039 0.01499973033803 0.00150000000000 0.03888117487734 0.02101489905146 0.00130000000000 0.00110000000000 0.02347329302150 0.00180000000000 0.00130000000000 0.00110000000000 0.01975161967746 0.00160000000000 0.00130000000000 0.00110000000000 0.01750829374485 0.00820000000000 0.00130000000000 0.00110000000000 0.01768006424685 0.00870000000000 
0.00170000000000 0.00140000000000 0.00200000000000 0.00150000000000 0.00140000000000 0.00130000000000 0.00140000000000 0.00130000000000 0.01481636705908 0.00170000000000 0.01843409911185 0.01675661871280 0.00160000000000 0.00140000000000 0.00170000000000 0.00140000000000 0.00640000000000 0.00170000000000 0.01676045430998 0.01297118392036 0.00160000000000 0.00140000000000 0.00170000000000 0.00140000000000 0.01805754389913 0.01721821492058 0.02450980689986 0.02007133921155 0.00200000000000 0.00160000000000 0.01572803866813 0.00170000000000 
0.02473177781264 0.02504592258251 0.02421036034435 0.02451649495795 0.00200000000000 0.00200000000000 0.00200000000000 0.00210000000000 0.03587197250839 0.03769818807289 0.04096434488355 0.04364569387235 0.01942280269653 0.01962415545286 0.01952514402984 0.01963879301191 0.00180000000000 0.00190000000000 0.00180000000000 0.00190000000000 0.00130000000000 0.00130000000000 0.00130000000000 0.00130000000000 0.01470851710204 0.01646782270381 0.01674637233348 0.01678493422407 0.00150000000000 0.00150000000000 0.00150000000000 0.00150000000000 
0.02637730682245 0.02369943590401 0.00200000000000 0.01605249911278 0.04406046867789 0.05025475037973 0.01837076723575 0.01883539041636 0.02540680898275 0.03615310154044 0.02026706342577 0.02036870054113 0.02033326536050 0.02379069432233 0.02898701110607 0.02586874943093 0.02991594223564 0.02521256513572 0.00220000000000 0.01638258366880 0.03447788643238 0.08239362710205 0.01900448490999 0.01936142296068 0.02408587702889 0.03212584225416 0.02108512950672 0.02098650805806 0.01982509635147 0.02287322603074 0.03168522022826 0.02727705475282 
0.00150000000000 0.00180000000000 0.00120000000000 0.00130000000000 0.01586079691285 0.02055705709748 0.00150000000000 0.00630000000000 0.01832040238175 0.03966968243685 0.00170000000000 0.00680000000000 0.02953382350647 0.01644632664701 0.01860796626357 0.03286522228217 0.00180000000000 0.00730000000000 0.00130000000000 0.00150000000000 0.01992708501911 0.03052936026634 0.00630000000000 0.01316221913666 0.03895838745275 0.01847692016234 0.00690000000000 0.01608337043405 0.01604816634865 0.00900000000000 0.03424802349631 0.01968730078243 
0.01403802112867 0.02349021451005 0.00130000000000 0.00150000000000 0.00140000000000 0.00190000000000 0.00110000000000 0.00120000000000 0.01414265572075 0.02431762654305 0.00130000000000 0.00150000000000 0.00140000000000 0.00190000000000 0.00110000000000 0.00120000000000 0.03390528927635 0.01779674649193 0.01947693643106 0.10500944715289 0.02171274921496 0.04611913668832 0.00150000000000 0.00250000000000 0.03224669101506 0.01761619008138 0.01959077064995 0.10513182604989 0.02212451645045 0.04682291397623 0.00150000000000 0.01302767078549 
0.01414453978395 0.00170000000000 0.00170000000000 0.00140000000000 0.00150000000000 0.00130000000000 0.00130000000000 0.00120000000000 0.00170000000000 0.00140000000000 0.00140000000000 0.00130000000000 0.00130000000000 0.00120000000000 0.00120000000000 0.00120000000000 0.00150000000000 0.00130000000000 0.00130000000000 0.00120000000000 0.00120000000000 0.00120000000000 0.00120000000000 0.00110000000000 0.00130000000000 0.00120000000000 0.00120000000000 0.00110000000000 0.00120000000000 0.00110000000000 0.00110000000000 0.00110000000000 
0.04287855811661 0.00180000000000 0.05203921222497 0.00180000000000 0.00920000000000 0.03662531460176 0.00920000000000 0.03522686098852 0.01771051201672 0.01337412166936 0.01804105939729 0.01327086760490 0.00840000000000 0.02500270486880 0.00840000000000 0.02674869806824 0.01775175723874 0.01974992418886 0.01797876710882 0.01945830859100 0.00660000000000 0.02090807321545 0.00660000000000 0.02119371157849 0.00900000000000 0.02605690109567 0.00900000000000 0.02536191329306 0.00450000000000 0.00970000000000 0.00450000000000 0.00970000000000 
0.01434608935280 0.01600924390656 0.01705776703851 0.02151339085320 0.00150000000000 0.00180000000000 0.00170000000000 0.00230000000000 0.01684569292761 0.02069895826661 0.02080226193779 0.03171876672263 0.00170000000000 0.00230000000000 0.00210000000000 0.02007029148223 0.01589650905638 0.11424774283111 0.02674900647680 0.02834977712640 0.00190000000000 0.00300000000000 0.00260000000000 0.01624001185440 0.02417223622722 0.02932352474605 0.05858291625223 0.02400420948148 0.00250000000000 0.01568035741093 0.02025347479219 0.09180115612796 
0.02605863416425 0.12861342170771 0.02666107814748 0.12535194685606 0.02849434793580 0.10508343448290 0.02948340311027 0.10378463939777 0.02327647660751 0.03900232178845 0.02359476060044 0.05047195422053 0.02428691581908 0.09333884088259 0.02480449700949 0.10842141498946 0.02943044672375 0.09333038092441 0.02994955988048 0.07281263155251 0.03233598951279 0.04548633923030 0.03306626171512 0.04469436362341 0.02662552553188 0.04312365983751 0.02701731748017 0.04550624728956 0.02842011101182 0.08806997420046 0.02892323487933 0.10318184611218 
0.01665138486184 0.01486550144403 0.01713254813309 0.01321329570245 0.02578029453667 0.01934689180143 0.02327199409001 0.01799457297191 0.00200000000000 0.00190000000000 0.00190000000000 0.00170000000000 0.00290000000000 0.00240000000000 0.00240000000000 0.00220000000000 0.01725003253597 0.01905977114065 0.01990819771338 0.02266109616966 0.01629685853766 0.01685374613763 0.01759503557689 0.01874750394350 0.00190000000000 0.00230000000000 0.00220000000000 0.01418035428478 0.00160000000000 0.00180000000000 0.00180000000000 0.00210000000000 
0.01471477789726 0.00830000000000 0.00230000000000 0.00540000000000 0.01608377835598 0.03588704531696 0.01558145530883 0.02103558652150 0.00120000000000 0.00150000000000 0.00120000000000 0.00150000000000 0.00130000000000 0.00180000000000 0.00130000000000 0.00170000000000 0.01863108521554 0.00150000000000 0.02038850468754 0.00160000000000 0.02464853469935 0.01257919285740 0.02732477026250 0.01277821794211 0.00920000000000 0.01748077723883 0.00210000000000 0.00650000000000 0.01693937678003 0.08111269475613 0.01636549037813 0.03580006046139 
0.00180000000000 0.00180000000000 0.01535334792570 0.01543896346563 0.01508474806335 0.01519146105957 0.01855874203754 0.02093895141319 0.00180000000000 0.00190000000000 0.01550108589517 0.01565129248226 0.01564027739466 0.01583790465918 0.02094847260552 0.02098372948717 0.00110000000000 0.00120000000000 0.00130000000000 0.00130000000000 0.00120000000000 0.00120000000000 0.00150000000000 0.00150000000000 0.00120000000000 0.00120000000000 0.00130000000000 0.00130000000000 0.00120000000000 0.00120000000000 0.00150000000000 0.00150000000000 
0.02606438712527 0.01833556575154 0.01339730870864 0.00160000000000 0.01652806462531 0.00220000000000 0.04683503985647 0.01973323197950 0.00180000000000 0.00150000000000 0.00130000000000 0.00120000000000 0.02565961935814 0.01787540693856 0.01312213483299 0.00170000000000 0.01646176629697 0.00230000000000 0.03010025665854 0.00750000000000 0.00150000000000 0.00140000000000 0.00700000000000 0.00210000000000 0.01888127874667 0.00250000000000 0.00170000000000 0.00150000000000 0.01680092722448 0.00240000000000 0.02875669657097 0.00860000000000 
0.00140000000000 0.00170000000000 0.00150000000000 0.00200000000000 0.00140000000000 0.00160000000000 0.00150000000000 0.00190000000000 0.00110000000000 0.00120000000000 0.00120000000000 0.00130000000000 0.00110000000000 0.00120000000000 0.00120000000000 0.00130000000000 0.00130000000000 0.00160000000000 0.00140000000000 0.00950000000000 0.00130000000000 0.00150000000000 0.00140000000000 0.00940000000000 0.00110000000000 0.00120000000000 0.00110000000000 0.00120000000000 0.00110000000000 0.00110000000000 0.00110000000000 0.00120000000000 
0.00170000000000 0.00160000000000 0.00200000000000 0.00190000000000 0.00210000000000 0.00190000000000 0.01482556008484 0.00680000000000 0.00200000000000 0.00180000000000 0.00230000000000 0.00210000000000 0.00230000000000 0.00210000000000 0.00590000000000 0.00260000000000 0.00160000000000 0.00150000000000 0.00180000000000 0.00170000000000 0.00180000000000 0.00170000000000 0.00220000000000 0.00200000000000 0.00180000000000 0.00170000000000 0.00210000000000 0.00190000000000 0.00210000000000 0.00190000000000 0.00250000000000 0.00220000000000 
0.05885824511705 0.00150000000000 0.05792527104884 0.00140000000000 0.02619943701279 0.00140000000000 0.02460395496788 0.00130000000000 0.01472990956153 0.00120000000000 0.00670000000000 0.00120000000000 0.01495932009621 0.00120000000000 0.01485942477611 0.00110000000000 0.04177983429759 0.00150000000000 0.10435405107357 0.00150000000000 0.02699623828213 0.00140000000000 0.02512550251677 0.00130000000000 0.01505565403455 0.00120000000000 0.00700000000000 0.00120000000000 0.01502768833846 0.00120000000000 0.01491832037743 0.00110000000000 
0.00150000000000 0.01505414123662 0.00140000000000 0.01442755398204 0.00120000000000 0.00130000000000 0.00110000000000 0.00120000000000 0.00120000000000 0.00130000000000 0.00110000000000 0.00120000000000 0.00100000000000 0.00110000000000 0.00100000000000 0.00110000000000 0.00160000000000 0.01569317884903 0.00140000000000 0.01453237202732 0.00120000000000 0.00140000000000 0.00110000000000 0.00120000000000 0.00120000000000 0.00130000000000 0.00110000000000 0.00130000000000 0.00110000000000 0.00110000000000 0.00100000000000 0.00110000000000 
0.00150000000000 0.00160000000000 0.00130000000000 0.00130000000000 0.01448948331201 0.00660000000000 0.00170000000000 0.00180000000000 0.01449874856244 0.01462978767555 0.00160000000000 0.00170000000000 0.03216649782461 0.01919369174766 0.01489011772499 0.00790000000000 0.00600000000000 0.00610000000000 0.00160000000000 0.00170000000000 0.02338125429923 0.02219699182095 0.00640000000000 0.00650000000000 0.02333437531707 0.02838723252938 0.00630000000000 0.00660000000000 0.01869557923984 0.00680000000000 0.03797568806193 0.01691875617468 
0.00140000000000 0.00120000000000 0.00160000000000 0.00130000000000 0.00150000000000 0.00130000000000 0.00180000000000 0.00140000000000 0.00130000000000 0.00120000000000 0.00150000000000 0.00120000000000 0.00140000000000 0.00120000000000 0.00160000000000 0.00130000000000 0.00120000000000 0.00110000000000 0.00130000000000 0.00120000000000 0.00130000000000 0.00110000000000 0.00140000000000 0.00120000000000 0.00120000000000 0.00110000000000 0.00130000000000 0.00110000000000 0.00120000000000 0.00110000000000 0.00130000000000 0.00120000000000 
0.01682207597086 0.01757696165560 0.10893600492999 0.12859626755973 0.02132003128474 0.02284674123093 0.02468583323158 0.02322270259913 0.00150000000000 0.00150000000000 0.00210000000000 0.00240000000000 0.00180000000000 0.00190000000000 0.00890000000000 0.00910000000000 0.00120000000000 0.00130000000000 0.00140000000000 0.00150000000000 0.00140000000000 0.00140000000000 0.00170000000000 0.00180000000000 0.00110000000000 0.00110000000000 0.00120000000000 0.00120000000000 0.00110000000000 0.00110000000000 0.00130000000000 0.00130000000000 
0.01660230118042 0.01533588649675 0.00190000000000 0.00180000000000 0.00170000000000 0.00160000000000 0.00140000000000 0.00130000000000 0.00180000000000 0.00170000000000 0.00140000000000 0.00140000000000 0.00130000000000 0.00130000000000 0.00120000000000 0.00120000000000 0.01658889467569 0.00320000000000 0.00200000000000 0.00190000000000 0.00180000000000 0.00170000000000 0.00140000000000 0.00140000000000 0.00190000000000 0.00180000000000 0.00150000000000 0.00140000000000 0.00140000000000 0.00140000000000 0.00120000000000 0.00120000000000 
0.01736271738846 0.01503442502070 0.01713506554234 0.01491411876992 0.00160000000000 0.00150000000000 0.00160000000000 0.00140000000000 0.01853277119581 0.00290000000000 0.01811295463369 0.00260000000000 0.00170000000000 0.00150000000000 0.00170000000000 0.00150000000000 0.01945682697931 0.01639117985315 0.01903866915771 0.01617298787145 0.00180000000000 0.00150000000000 0.00170000000000 0.00150000000000 0.05744779520840 0.01543454626841 0.05710659044710 0.01522235999485 0.00190000000000 0.00160000000000 0.00180000000000 0.00160000000000 
0.01513423255196 0.00160000000000 0.00130000000000 0.00120000000000 0.02777810343432 0.01604116472682 0.01259719369868 0.00150000000000 0.00180000000000 0.00140000000000 0.00120000000000 0.00110000000000 0.01764425340192 0.01270522391372 0.00170000000000 0.00130000000000 0.00150000000000 0.00130000000000 0.00110000000000 0.00110000000000 0.01738131202420 0.00180000000000 0.00140000000000 0.00120000000000 0.00130000000000 0.00120000000000 0.00110000000000 0.00100000000000 0.01318523097975 0.00150000000000 0.00130000000000 0.00110000000000 
0.00150000000000 0.00190000000000 0.00120000000000 0.00140000000000 0.00130000000000 0.00150000000000 0.00110000000000 0.00120000000000 0.00190000000000 0.01326474721631 0.00140000000000 0.00160000000000 0.00140000000000 0.00180000000000 0.00120000000000 0.00140000000000 0.00210000000000 0.01959432284448 0.00140000000000 0.00180000000000 0.00150000000000 0.00210000000000 0.00130000000000 0.00140000000000 0.01609826801746 0.02395549807904 0.00170000000000 0.00630000000000 0.00210000000000 0.01661117953419 0.00140000000000 0.00170000000000 
0.02687065674010 0.00200000000000 0.01728040401346 0.00150000000000 0.10162722451098 0.00170000000000 0.01649021940941 0.00140000000000 0.10622856120401 0.01475925149907 0.11327878887626 0.00660000000000 0.10568981954858 0.00820000000000 0.10600319301394 0.00200000000000 0.02979829797183 0.01314881598680 0.03037560906931 0.00190000000000 0.11177368285459 0.00220000000000 0.03276256208607 0.00160000000000 0.01817261614161 0.00280000000000 0.10679428780413 0.00900000000000 0.09054069938366 0.00420000000000 0.10554803534968 0.00680000000000 
0.01947583646665 0.02574627719695 0.01389850626988 0.05170481595794 0.02153592726264 0.02122147583274 0.01626213203293 0.02755304178332 0.00150000000000 0.01887266198475 0.00140000000000 0.00770000000000 0.00160000000000 0.01993097008012 0.00150000000000 0.01471752988420 0.00140000000000 0.00240000000000 0.00130000000000 0.00180000000000 0.00140000000000 0.01448333402640 0.00130000000000 0.00210000000000 0.00110000000000 0.00130000000000 0.00110000000000 0.00120000000000 0.00110000000000 0.00130000000000 0.00110000000000 0.00130000000000 
0.01866703471750 0.01772808524531 0.01527150561037 0.00720000000000 0.02838473010253 0.10711391962133 0.06605517011215 0.05167501822925 0.00210000000000 0.00180000000000 0.00170000000000 0.00160000000000 0.02850646621224 0.02681164639617 0.01934653727826 0.01530252725105 0.01579421755709 0.01509256111525 0.00690000000000 0.00210000000000 0.06471300825603 0.10574331268579 0.02820147299028 0.02601188677469 0.00190000000000 0.00170000000000 0.00160000000000 0.00150000000000 0.02089902561208 0.01978376480876 0.01666962389775 0.01594653210129 
0.02000161892462 0.01688876435665 0.00190000000000 0.00170000000000 0.02440144977585 0.01922086214364 0.00610000000000 0.00190000000000 0.02880152045676 0.02078550048853 0.00220000000000 0.00180000000000 0.05705316866713 0.02628404179881 0.00690000000000 0.00220000000000 0.01573834155602 0.01540181357602 0.00160000000000 0.00140000000000 0.01619646824449 0.01569176829129 0.00570000000000 0.00150000000000 0.01673764003025 0.01616826134226 0.00170000000000 0.00150000000000 0.01747735181269 0.01658827201576 0.00990000000000 0.00170000000000 
0.03242572575770 0.01894683601668 0.03771455040515 0.02595515521881 0.05327262355576 0.02298540644878 0.02268711434742 0.04923025613679 0.01627425791642 0.00200000000000 0.02184440724718 0.01618702596354 0.01900829852699 0.01487752712199 0.05550674399872 0.01809254579332 0.01903706365945 0.01532690158741 0.03014146220535 0.01820968261519 0.02484670772483 0.01671371253327 0.10362105378771 0.02174170418990 0.00210000000000 0.00160000000000 0.01551728156974 0.00190000000000 0.01445344759180 0.00180000000000 0.01773289329055 0.01433652179188 
0.03644843541906 0.01425924600424 0.02950832664838 0.00220000000000 0.00210000000000 0.00140000000000 0.00190000000000 0.00130000000000 0.05867575535659 0.01596421118681 0.06767745441901 0.01543363373287 0.01444792439505 0.00140000000000 0.01411458418724 0.00140000000000 0.03881627286519 0.01736830417001 0.05472751423820 0.01672025636280 0.01550958895470 0.00150000000000 0.01506961801562 0.00150000000000 0.02810700730977 0.02049571822429 0.03172329231981 0.01926658299522 0.01806985127241 0.00170000000000 0.01713972992706 0.00160000000000 
0.00180000000000 0.01701914490635 0.00150000000000 0.00630000000000 0.02561533125500 0.02414343382525 0.01747900661931 0.03697237924074 0.01564128141497 0.03923407050438 0.00180000000000 0.01773898865099 0.05393662550707 0.02126408531440 0.02846808178698 0.02340895660134 0.00140000000000 0.00220000000000 0.00130000000000 0.00160000000000 0.01878927094833 0.11171688239125 0.00190000000000 0.10188909960018 0.00170000000000 0.01840755066340 0.00140000000000 0.00680000000000 0.03550332088449 0.03536646743405 0.02000038459538 0.13477589410978 
0.00150000000000 0.00120000000000 0.00240000000000 0.00150000000000 0.00130000000000 0.00110000000000 0.00180000000000 0.00130000000000 0.00130000000000 0.00110000000000 0.00170000000000 0.00130000000000 0.00120000000000 0.00110000000000 0.00140000000000 0.00120000000000 0.00210000000000 0.00140000000000 0.02142859614672 0.01510947707103 0.00160000000000 0.00130000000000 0.00620000000000 0.01000000000000 0.00160000000000 0.00130000000000 0.00540000000000 0.00540000000000 0.00130000000000 0.00120000000000 0.00210000000000 0.00140000000000 
0.00150000000000 0.00120000000000 0.00120000000000 0.00110000000000 0.00190000000000 0.00140000000000 0.00130000000000 0.00120000000000 0.00130000000000 0.00110000000000 0.00110000000000 0.00100000000000 0.00140000000000 0.00120000000000 0.00120000000000 0.00110000000000 0.00150000000000 0.00120000000000 0.00120000000000 0.00110000000000 0.00190000000000 0.00140000000000 0.00130000000000 0.00120000000000 0.00130000000000 0.00110000000000 0.00110000000000 0.00100000000000 0.00140000000000 0.00120000000000 0.00120000000000 0.00110000000000 
0.00150000000000 0.00120000000000 0.00120000000000 0.00110000000000 0.00130000000000 0.00120000000000 0.00110000000000 0.00110000000000 0.00160000000000 0.00130000000000 0.00120000000000 0.00110000000000 0.00140000000000 0.00120000000000 0.00120000000000 0.00110000000000 0.00150000000000 0.00120000000000 0.00120000000000 0.00110000000000 0.00140000000000 0.00120000000000 0.00110000000000 0.00110000000000 0.00170000000000 0.00130000000000 0.00120000000000 0.00110000000000 0.00150000000000 0.00120000000000 0.00120000000000 0.00110000000000 
0.00140000000000 0.00180000000000 0.00210000000000 0.00450000000000 0.00140000000000 0.00180000000000 0.00210000000000 0.00620000000000 0.00130000000000 0.00150000000000 0.00160000000000 0.00220000000000 0.00130000000000 0.00150000000000 0.00160000000000 0.00220000000000 0.00160000000000 0.00240000000000 0.00310000000000 0.01672943074383 0.00160000000000 0.00230000000000 0.00330000000000 0.02045706365650 0.00140000000000 0.00170000000000 0.00190000000000 0.00350000000000 0.00140000000000 0.00170000000000 0.00190000000000 0.00330000000000 
0.00190000000000 0.00690000000000 0.00190000000000 0.01609391079618 0.00200000000000 0.00760000000000 0.01608545089523 0.01697072539178 0.00160000000000 0.00620000000000 0.00160000000000 0.01488047178611 0.00160000000000 0.00650000000000 0.00160000000000 0.01540063312198 0.00710000000000 0.01431028578258 0.01317757300895 0.01816741123376 0.01315530337709 0.01611628426064 0.01339629121667 0.01937380622867 0.00170000000000 0.00760000000000 0.00180000000000 0.01621714177063 0.00190000000000 0.00840000000000 0.00990000000000 0.01660369427187 
0.00210000000000 0.00180000000000 0.01734885279841 0.01455659011261 0.00150000000000 0.00140000000000 0.00180000000000 0.00160000000000 0.00190000000000 0.00160000000000 0.00640000000000 0.00610000000000 0.00140000000000 0.00130000000000 0.00160000000000 0.00150000000000 0.01443769317411 0.01356669926829 0.02094677735930 0.01792659185823 0.00170000000000 0.00150000000000 0.01415099029110 0.00210000000000 0.00600000000000 0.00590000000000 0.01000000000000 0.01323285685341 0.00150000000000 0.00140000000000 0.00610000000000 0.00180000000000 
0.00150000000000 0.02771502765711 0.00190000000000 0.10407885451508 0.00160000000000 0.10637749097393 0.00210000000000 0.10437300552080 0.00170000000000 0.03045843599141 0.01350873125911 0.03867930336149 0.00180000000000 0.10520287414786 0.01706641943181 0.10428950952793 0.00130000000000 0.01704323167593 0.00140000000000 0.02214248511218 0.00130000000000 0.02035552488425 0.00150000000000 0.10439924206131 0.00130000000000 0.01850540779036 0.00150000000000 0.02416312529417 0.00140000000000 0.02571474111260 0.00160000000000 0.10333207373277 
0.01557686489344 0.00160000000000 0.01501775176330 0.00150000000000 0.01638635426374 0.00170000000000 0.01311035652391 0.00150000000000 0.00680000000000 0.00170000000000 0.00640000000000 0.00150000000000 0.00830000000000 0.00180000000000 0.00710000000000 0.00160000000000 0.04721928450303 0.01539985428163 0.02592691849912 0.01401065061012 0.07472301488166 0.01540572355619 0.02645380052474 0.01400541091245 0.12402175810079 0.01594135538580 0.02754764784534 0.01432195019739 0.11952326608841 0.01615571476962 0.02778965276683 0.01419677258469 
0.00160000000000 0.00130000000000 0.00120000000000 0.00110000000000 0.00150000000000 0.00130000000000 0.00120000000000 0.00110000000000 0.00200000000000 0.00150000000000 0.00130000000000 0.00120000000000 0.00180000000000 0.00140000000000 0.00120000000000 0.00110000000000 0.00180000000000 0.00140000000000 0.00120000000000 0.00110000000000 0.00160000000000 0.00130000000000 0.00120000000000 0.00110000000000 0.01334461080669 0.00150000000000 0.00130000000000 0.00120000000000 0.00590000000000 0.00150000000000 0.00130000000000 0.00120000000000 
0.00230000000000 0.01585126926260 0.03984585348534 0.02586077964518 0.00200000000000 0.01529847739953 0.08266558222342 0.03076079076214 0.00160000000000 0.00180000000000 0.01955152876086 0.01793689921963 0.00150000000000 0.00170000000000 0.01845315311657 0.01996963530249 0.00160000000000 0.00180000000000 0.02461715764955 0.04537032905998 0.00150000000000 0.00170000000000 0.02226083386196 0.03352861814672 0.00140000000000 0.00150000000000 0.01609452890858 0.01742680985215 0.00130000000000 0.00140000000000 0.01590790270672 0.01684801882987 
0.00160000000000 0.00130000000000 0.00200000000000 0.00140000000000 0.01478039088939 0.00160000000000 0.01857922007245 0.00190000000000 0.00150000000000 0.00130000000000 0.00180000000000 0.00130000000000 0.01382013120303 0.00150000000000 0.01645180897131 0.00180000000000 0.00190000000000 0.00140000000000 0.01414271244704 0.00150000000000 0.01657315388612 0.00180000000000 0.02451598636935 0.00660000000000 0.00170000000000 0.00130000000000 0.00220000000000 0.00140000000000 0.01500533110184 0.00170000000000 0.01970918856801 0.00210000000000 
M_out
1 1 1 1 1 0 0 0 0 0 0 0 0 0 0 0 0 0 0 0 0 0 0 0 0 0 0 0 0 0 0 0 0 0 0 0 0 0 0 0 0 0 0 0 0 0 0 0 0 0 0 0 0 0 0 0 0 0 0 0 0 0 0 0 0 0 0 0 0 0 0 0 0 0 0 0 0 0 0 0 0 0 0 0 0 0 0 0 0 0 0 0 0 0 0 0 0 0 0 0 
0 1 1 1 1 1 0 0 0 0 0 0 0 0 0 0 0 0 0 0 0 0 0 0 0 0 0 0 0 0 0 0 0 0 0 0 0 0 0 0 0 0 0 0 0 0 0 0 0 0 0 0 0 0 0 0 0 0 0 0 0 0 0 0 0 0 0 0 0 0 0 0 0 0 0 0 0 0 0 0 0 0 0 0 0 0 0 0 0 0 0 0 0 0 0 0 0 0 0 0 
0 0 1 1 1 1 1 0 0 0 0 0 0 0 0 0 0 0 0 0 0 0 0 0 0 0 0 0 0 0 0 0 0 0 0 0 0 0 0 0 0 0 0 0 0 0 0 0 0 0 0 0 0 0 0 0 0 0 0 0 0 0 0 0 0 0 0 0 0 0 0 0 0 0 0 0 0 0 0 0 0 0 0 0 0 0 0 0 0 0 0 0 0 0 0 0 0 0 0 0 
0 0 0 1 1 1 1 1 0 0 0 0 0 0 0 0 0 0 0 0 0 0 0 0 0 0 0 0 0 0 0 0 0 0 0 0 0 0 0 0 0 0 0 0 0 0 0 0 0 0 0 0 0 0 0 0 0 0 0 0 0 0 0 0 0 0 0 0 0 0 0 0 0 0 0 0 0 0 0 0 0 0 0 0 0 0 0 0 0 0 0 0 0 0 0 0 0 0 0 0 
0 0 0 0 1 1 1 1 1 0 0 0 0 0 0 0 0 0 0 0 0 0 0 0 0 0 0 0 0 0 0 0 0 0 0 0 0 0 0 0 0 0 0 0 0 0 0 0 0 0 0 0 0 0 0 0 0 0 0 0 0 0 0 0 0 0 0 0 0 0 0 0 0 0 0 0 0 0 0 0 0 0 0 0 0 0 0 0 0 0 0 0 0 0 0 0 0 0 0 0 
0 0 0 0 0 1 1 1 1 1 0 0 0 0 0 0 0 0 0 0 0 0 0 0 0 0 0 0 0 0 0 0 0 0 0 0 0 0 0 0 0 0 0 0 0 0 0 0 0 0 0 0 0 0 0 0 0 0 0 0 0 0 0 0 0 0 0 0 0 0 0 0 0 0 0 0 0 0 0 0 0 0 0 0 0 0 0 0 0 0 0 0 0 0 0 0 0 0 0 0 
0 0 0 0 0 0 1 1 1 1 1 0 0 0 0 0 0 0 0 0 0 0 0 0 0 0 0 0 0 0 0 0 0 0 0 0 0 0 0 0 0 0 0 0 0 0 0 0 0 0 0 0 0 0 0 0 0 0 0 0 0 0 0 0 0 0 0 0 0 0 0 0 0 0 0 0 0 0 0 0 0 0 0 0 0 0 0 0 0 0 0 0 0 0 0 0 0 0 0 0 
0 0 0 0 0 0 0 1 1 1 1 1 0 0 0 0 0 0 0 0 0 0 0 0 0 0 0 0 0 0 0 0 0 0 0 0 0 0 0 0 0 0 0 0 0 0 0 0 0 0 0 0 0 0 0 0 0 0 0 0 0 0 0 0 0 0 0 0 0 0 0 0 0 0 0 0 0 0 0 0 0 0 0 0 0 0 0 0 0 0 0 0 0 0 0 0 0 0 0 0 
0 0 0 0 0 0 0 0 1 1 1 1 1 0 0 0 0 0 0 0 0 0 0 0 0 0 0 0 0 0 0 0 0 0 0 0 0 0 0 0 0 0 0 0 0 0 0 0 0 0 0 0 0 0 0 0 0 0 0 0 0 0 0 0 0 0 0 0 0 0 0 0 0 0 0 0 0 0 0 0 0 0 0 0 0 0 0 0 0 0 0 0 0 0 0 0 0 0 0 0 
0 0 0 0 0 0 0 0 0 1 1 1 1 1 0 0 0 0 0 0 0 0 0 0 0 0 0 0 0 0 0 0 0 0 0 0 0 0 0 0 0 0 0 0 0 0 0 0 0 0 0 0 0 0 0 0 0 0 0 0 0 0 0 0 0 0 0 0 0 0 0 0 0 0 0 0 0 0 0 0 0 0 0 0 0 0 0 0 0 0 0 0 0 0 0 0 0 0 0 0 
0 0 0 0 0 0 0 0 0 0 1 1 1 1 1 0 0 0 0 0 0 0 0 0 0 0 0 0 0 0 0 0 0 0 0 0 0 0 0 0 0 0 0 0 0 0 0 0 0 0 0 0 0 0 0 0 0 0 0 0 0 0 0 0 0 0 0 0 0 0 0 0 0 0 0 0 0 0 0 0 0 0 0 0 0 0 0 0 0 0 0 0 0 0 0 0 0 0 0 0 
0 0 0 0 0 0 0 0 0 0 0 1 1 1 1 1 0 0 0 0 0 0 0 0 0 0 0 0 0 0 0 0 0 0 0 0 0 0 0 0 0 0 0 0 0 0 0 0 0 0 0 0 0 0 0 0 0 0 0 0 0 0 0 0 0 0 0 0 0 0 0 0 0 0 0 0 0 0 0 0 0 0 0 0 0 0 0 0 0 0 0 0 0 0 0 0 0 0 0 0 
0 0 0 0 0 0 0 0 0 0 0 0 1 1 1 1 1 0 0 0 0 0 0 0 0 0 0 0 0 0 0 0 0 0 0 0 0 0 0 0 0 0 0 0 0 0 0 0 0 0 0 0 0 0 0 0 0 0 0 0 0 0 0 0 0 0 0 0 0 0 0 0 0 0 0 0 0 0 0 0 0 0 0 0 0 0 0 0 0 0 0 0 0 0 0 0 0 0 0 0 
0 0 0 0 0 0 0 0 0 0 0 0 0 1 1 1 1 1 0 0 0 0 0 0 0 0 0 0 0 0 0 0 0 0 0 0 0 0 0 0 0 0 0 0 0 0 0 0 0 0 0 0 0 0 0 0 0 0 0 0 0 0 0 0 0 0 0 0 0 0 0 0 0 0 0 0 0 0 0 0 0 0 0 0 0 0 0 0 0 0 0 0 0 0 0 0 0 0 0 0 
0 0 0 0 0 0 0 0 0 0 0 0 0 0 1 1 1 1 1 0 0 0 0 0 0 0 0 0 0 0 0 0 0 0 0 0 0 0 0 0 0 0 0 0 0 0 0 0 0 0 0 0 0 0 0 0 0 0 0 0 0 0 0 0 0 0 0 0 0 0 0 0 0 0 0 0 0 0 0 0 0 0 0 0 0 0 0 0 0 0 0 0 0 0 0 0 0 0 0 0 
0 0 0 0 0 0 0 0 0 0 0 0 0 0 0 1 1 1 1 1 0 0 0 0 0 0 0 0 0 0 0 0 0 0 0 0 0 0 0 0 0 0 0 0 0 0 0 0 0 0 0 0 0 0 0 0 0 0 0 0 0 0 0 0 0 0 0 0 0 0 0 0 0 0 0 0 0 0 0 0 0 0 0 0 0 0 0 0 0 0 0 0 0 0 0 0 0 0 0 0 
0 0 0 0 0 0 0 0 0 0 0 0 0 0 0 0 1 1 1 1 1 0 0 0 0 0 0 0 0 0 0 0 0 0 0 0 0 0 0 0 0 0 0 0 0 0 0 0 0 0 0 0 0 0 0 0 0 0 0 0 0 0 0 0 0 0 0 0 0 0 0 0 0 0 0 0 0 0 0 0 0 0 0 0 0 0 0 0 0 0 0 0 0 0 0 0 0 0 0 0 
0 0 0 0 0 0 0 0 0 0 0 0 0 0 0 0 0 1 1 1 1 1 0 0 0 0 0 0 0 0 0 0 0 0 0 0 0 0 0 0 0 0 0 0 0 0 0 0 0 0 0 0 0 0 0 0 0 0 0 0 0 0 0 0 0 0 0 0 0 0 0 0 0 0 0 0 0 0 0 0 0 0 0 0 0 0 0 0 0 0 0 0 0 0 0 0 0 0 0 0 
0 0 0 0 0 0 0 0 0 0 0 0 0 0 0 0 0 0 1 1 1 1 1 0 0 0 0 0 0 0 0 0 0 0 0 0 0 0 0 0 0 0 0 0 0 0 0 0 0 0 0 0 0 0 0 0 0 0 0 0 0 0 0 0 0 0 0 0 0 0 0 0 0 0 0 0 0 0 0 0 0 0 0 0 0 0 0 0 0 0 0 0 0 0 0 0 0 0 0 0 
0 0 0 0 0 0 0 0 0 0 0 0 0 0 0 0 0 0 0 1 1 1 1 1 0 0 0 0 0 0 0 0 0 0 0 0 0 0 0 0 0 0 0 0 0 0 0 0 0 0 0 0 0 0 0 0 0 0 0 0 0 0 0 0 0 0 0 0 0 0 0 0 0 0 0 0 0 0 0 0 0 0 0 0 0 0 0 0 0 0 0 0 0 0 0 0 0 0 0 0 
0 0 0 0 0 0 0 0 0 0 0 0 0 0 0 0 0 0 0 0 1 1 1 1 1 0 0 0 0 0 0 0 0 0 0 0 0 0 0 0 0 0 0 0 0 0 0 0 0 0 0 0 0 0 0 0 0 0 0 0 0 0 0 0 0 0 0 0 0 0 0 0 0 0 0 0 0 0 0 0 0 0 0 0 0 0 0 0 0 0 0 0 0 0 0 0 0 0 0 0 
0 0 0 0 0 0 0 0 0 0 0 0 0 0 0 0 0 0 0 0 0 1 1 1 1 1 0 0 0 0 0 0 0 0 0 0 0 0 0 0 0 0 0 0 0 0 0 0 0 0 0 0 0 0 0 0 0 0 0 0 0 0 0 0 0 0 0 0 0 0 0 0 0 0 0 0 0 0 0 0 0 0 0 0 0 0 0 0 0 0 0 0 0 0 0 0 0 0 0 0 
0 0 0 0 0 0 0 0 0 0 0 0 0 0 0 0 0 0 0 0 0 0 1 1 1 1 1 0 0 0 0 0 0 0 0 0 0 0 0 0 0 0 0 0 0 0 0 0 0 0 0 0 0 0 0 0 0 0 0 0 0 0 0 0 0 0 0 0 0 0 0 0 0 0 0 0 0 0 0 0 0 0 0 0 0 0 0 0 0 0 0 0 0 0 0 0 0 0 0 0 
0 0 0 0 0 0 0 0 0 0 0 0 0 0 0 0 0 0 0 0 0 0 0 1 1 1 1 1 0 0 0 0 0 0 0 0 0 0 0 0 0 0 0 0 0 0 0 0 0 0 0 0 0 0 0 0 0 0 0 0 0 0 0 0 0 0 0 0 0 0 0 0 0 0 0 0 0 0 0 0 0 0 0 0 0 0 0 0 0 0 0 0 0 0 0 0 0 0 0 0 
0 0 0 0 0 0 0 0 0 0 0 0 0 0 0 0 0 0 0 0 0 0 0 0 1 1 1 1 1 0 0 0 0 0 0 0 0 0 0 0 0 0 0 0 0 0 0 0 0 0 0 0 0 0 0 0 0 0 0 0 0 0 0 0 0 0 0 0 0 0 0 0 0 0 0 0 0 0 0 0 0 0 0 0 0 0 0 0 0 0 0 0 0 0 0 0 0 0 0 0 
0 0 0 0 0 0 0 0 0 0 0 0 0 0 0 0 0 0 0 0 0 0 0 0 0 1 1 1 1 1 0 0 0 0 0 0 0 0 0 0 0 0 0 0 0 0 0 0 0 0 0 0 0 0 0 0 0 0 0 0 0 0 0 0 0 0 0 0 0 0 0 0 0 0 0 0 0 0 0 0 0 0 0 0 0 0 0 0 0 0 0 0 0 0 0 0 0 0 0 0 
0 0 0 0 0 0 0 0 0 0 0 0 0 0 0 0 0 0 0 0 0 0 0 0 0 0 1 1 1 1 1 0 0 0 0 0 0 0 0 0 0 0 0 0 0 0 0 0 0 0 0 0 0 0 0 0 0 0 0 0 0 0 0 0 0 0 0 0 0 0 0 0 0 0 0 0 0 0 0 0 0 0 0 0 0 0 0 0 0 0 0 0 0 0 0 0 0 0 0 0 
0 0 0 0 0 0 0 0 0 0 0 0 0 0 0 0 0 0 0 0 0 0 0 0 0 0 0 1 1 1 1 1 0 0 0 0 0 0 0 0 0 0 0 0 0 0 0 0 0 0 0 0 0 0 0 0 0 0 0 0 0 0 0 0 0 0 0 0 0 0 0 0 0 0 0 0 0 0 0 0 0 0 0 0 0 0 0 0 0 0 0 0 0 0 0 0 0 0 0 0 
0 0 0 0 0 0 0 0 0 0 0 0 0 0 0 0 0 0 0 0 0 0 0 0 0 0 0 0 1 1 1 1 1 0 0 0 0 0 0 0 0 0 0 0 0 0 0 0 0 0 0 0 0 0 0 0 0 0 0 0 0 0 0 0 0 0 0 0 0 0 0 0 0 0 0 0 0 0 0 0 0 0 0 0 0 0 0 0 0 0 0 0 0 0 0 0 0 0 0 0 
0 0 0 0 0 0 0 0 0 0 0 0 0 0 0 0 0 0 0 0 0 0 0 0 0 0 0 0 0 1 1 1 1 1 0 0 0 0 0 0 0 0 0 0 0 0 0 0 0 0 0 0 0 0 0 0 0 0 0 0 0 0 0 0 0 0 0 0 0 0 0 0 0 0 0 0 0 0 0 0 0 0 0 0 0 0 0 0 0 0 0 0 0 0 0 0 0 0 0 0 
0 0 0 0 0 0 0 0 0 0 0 0 0 0 0 0 0 0 0 0 0 0 0 0 0 0 0 0 0 0 1 1 1 1 1 0 0 0 0 0 0 0 0 0 0 0 0 0 0 0 0 0 0 0 0 0 0 0 0 0 0 0 0 0 0 0 0 0 0 0 0 0 0 0 0 0 0 0 0 0 0 0 0 0 0 0 0 0 0 0 0 0 0 0 0 0 0 0 0 0 
0 0 0 0 0 0 0 0 0 0 0 0 0 0 0 0 0 0 0 0 0 0 0 0 0 0 0 0 0 0 0 1 1 1 1 1 0 0 0 0 0 0 0 0 0 0 0 0 0 0 0 0 0 0 0 0 0 0 0 0 0 0 0 0 0 0 0 0 0 0 0 0 0 0 0 0 0 0 0 0 0 0 0 0 0 0 0 0 0 0 0 0 0 0 0 0 0 0 0 0 
0 0 0 0 0 0 0 0 0 0 0 0 0 0 0 0 0 0 0 0 0 0 0 0 0 0 0 0 0 0 0 0 1 1 1 1 1 0 0 0 0 0 0 0 0 0 0 0 0 0 0 0 0 0 0 0 0 0 0 0 0 0 0 0 0 0 0 0 0 0 0 0 0 0 0 0 0 0 0 0 0 0 0 0 0 0 0 0 0 0 0 0 0 0 0 0 0 0 0 0 
0 0 0 0 0 0 0 0 0 0 0 0 0 0 0 0 0 0 0 0 0 0 0 0 0 0 0 0 0 0 0 0 0 1 1 1 1 1 0 0 0 0 0 0 0 0 0 0 0 0 0 0 0 0 0 0 0 0 0 0 0 0 0 0 0 0 0 0 0 0 0 0 0 0 0 0 0 0 0 0 0 0 0 0 0 0 0 0 0 0 0 0 0 0 0 0 0 0 0 0 
0 0 0 0 0 0 0 0 0 0 0 0 0 0 0 0 0 0 0 0 0 0 0 0 0 0 0 0 0 0 0 0 0 0 1 1 1 1 1 0 0 0 0 0 0 0 0 0 0 0 0 0 0 0 0 0 0 0 0 0 0 0 0 0 0 0 0 0 0 0 0 0 0 0 0 0 0 0 0 0 0 0 0 0 0 0 0 0 0 0 0 0 0 0 0 0 0 0 0 0 
0 0 0 0 0 0 0 0 0 0 0 0 0 0 0 0 0 0 0 0 0 0 0 0 0 0 0 0 0 0 0 0 0 0 0 1 1 1 1 1 0 0 0 0 0 0 0 0 0 0 0 0 0 0 0 0 0 0 0 0 0 0 0 0 0 0 0 0 0 0 0 0 0 0 0 0 0 0 0 0 0 0 0 0 0 0 0 0 0 0 0 0 0 0 0 0 0 0 0 0 
0 0 0 0 0 0 0 0 0 0 0 0 0 0 0 0 0 0 0 0 0 0 0 0 0 0 0 0 0 0 0 0 0 0 0 0 1 1 1 1 1 0 0 0 0 0 0 0 0 0 0 0 0 0 0 0 0 0 0 0 0 0 0 0 0 0 0 0 0 0 0 0 0 0 0 0 0 0 0 0 0 0 0 0 0 0 0 0 0 0 0 0 0 0 0 0 0 0 0 0 
0 0 0 0 0 0 0 0 0 0 0 0 0 0 0 0 0 0 0 0 0 0 0 0 0 0 0 0 0 0 0 0 0 0 0 0 0 1 1 1 1 1 0 0 0 0 0 0 0 0 0 0 0 0 0 0 0 0 0 0 0 0 0 0 0 0 0 0 0 0 0 0 0 0 0 0 0 0 0 0 0 0 0 0 0 0 0 0 0 0 0 0 0 0 0 0 0 0 0 0 
0 0 0 0 0 0 0 0 0 0 0 0 0 0 0 0 0 0 0 0 0 0 0 0 0 0 0 0 0 0 0 0 0 0 0 0 0 0 1 1 1 1 1 0 0 0 0 0 0 0 0 0 0 0 0 0 0 0 0 0 0 0 0 0 0 0 0 0 0 0 0 0 0 0 0 0 0 0 0 0 0 0 0 0 0 0 0 0 0 0 0 0 0 0 0 0 0 0 0 0 
0 0 0 0 0 0 0 0 0 0 0 0 0 0 0 0 0 0 0 0 0 0 0 0 0 0 0 0 0 0 0 0 0 0 0 0 0 0 0 1 1 1 1 1 0 0 0 0 0 0 0 0 0 0 0 0 0 0 0 0 0 0 0 0 0 0 0 0 0 0 0 0 0 0 0 0 0 0 0 0 0 0 0 0 0 0 0 0 0 0 0 0 0 0 0 0 0 0 0 0 
0 0 0 0 0 0 0 0 0 0 0 0 0 0 0 0 0 0 0 0 0 0 0 0 0 0 0 0 0 0 0 0 0 0 0 0 0 0 0 0 1 1 1 1 1 0 0 0 0 0 0 0 0 0 0 0 0 0 0 0 0 0 0 0 0 0 0 0 0 0 0 0 0 0 0 0 0 0 0 0 0 0 0 0 0 0 0 0 0 0 0 0 0 0 0 0 0 0 0 0 
0 0 0 0 0 0 0 0 0 0 0 0 0 0 0 0 0 0 0 0 0 0 0 0 0 0 0 0 0 0 0 0 0 0 0 0 0 0 0 0 0 1 1 1 1 1 0 0 0 0 0 0 0 0 0 0 0 0 0 0 0 0 0 0 0 0 0 0 0 0 0 0 0 0 0 0 0 0 0 0 0 0 0 0 0 0 0 0 0 0 0 0 0 0 0 0 0 0 0 0 
0 0 0 0 0 0 0 0 0 0 0 0 0 0 0 0 0 0 0 0 0 0 0 0 0 0 0 0 0 0 0 0 0 0 0 0 0 0 0 0 0 0 1 1 1 1 1 0 0 0 0 0 0 0 0 0 0 0 0 0 0 0 0 0 0 0 0 0 0 0 0 0 0 0 0 0 0 0 0 0 0 0 0 0 0 0 0 0 0 0 0 0 0 0 0 0 0 0 0 0 
0 0 0 0 0 0 0 0 0 0 0 0 0 0 0 0 0 0 0 0 0 0 0 0 0 0 0 0 0 0 0 0 0 0 0 0 0 0 0 0 0 0 0 1 1 1 1 1 0 0 0 0 0 0 0 0 0 0 0 0 0 0 0 0 0 0 0 0 0 0 0 0 0 0 0 0 0 0 0 0 0 0 0 0 0 0 0 0 0 0 0 0 0 0 0 0 0 0 0 0 
0 0 0 0 0 0 0 0 0 0 0 0 0 0 0 0 0 0 0 0 0 0 0 0 0 0 0 0 0 0 0 0 0 0 0 0 0 0 0 0 0 0 0 0 1 1 1 1 1 0 0 0 0 0 0 0 0 0 0 0 0 0 0 0 0 0 0 0 0 0 0 0 0 0 0 0 0 0 0 0 0 0 0 0 0 0 0 0 0 0 0 0 0 0 0 0 0 0 0 0 
0 0 0 0 0 0 0 0 0 0 0 0 0 0 0 0 0 0 0 0 0 0 0 0 0 0 0 0 0 0 0 0 0 0 0 0 0 0 0 0 0 0 0 0 0 1 1 1 1 1 0 0 0 0 0 0 0 0 0 0 0 0 0 0 0 0 0 0 0 0 0 0 0 0 0 0 0 0 0 0 0 0 0 0 0 0 0 0 0 0 0 0 0 0 0 0 0 0 0 0 
0 0 0 0 0 0 0 0 0 0 0 0 0 0 0 0 0 0 0 0 0 0 0 0 0 0 0 0 0 0 0 0 0 0 0 0 0 0 0 0 0 0 0 0 0 0 1 1 1 1 1 0 0 0 0 0 0 0 0 0 0 0 0 0 0 0 0 0 0 0 0 0 0 0 0 0 0 0 0 0 0 0 0 0 0 0 0 0 0 0 0 0 0 0 0 0 0 0 0 0 
0 0 0 0 0 0 0 0 0 0 0 0 0 0 0 0 0 0 0 0 0 0 0 0 0 0 0 0 0 0 0 0 0 0 0 0 0 0 0 0 0 0 0 0 0 0 0 1 1 1 1 1 0 0 0 0 0 0 0 0 0 0 0 0 0 0 0 0 0 0 0 0 0 0 0 0 0 0 0 0 0 0 0 0 0 0 0 0 0 0 0 0 0 0 0 0 0 0 0 0 
0 0 0 0 0 0 0 0 0 0 0 0 0 0 0 0 0 0 0 0 0 0 0 0 0 0 0 0 0 0 0 0 0 0 0 0 0 0 0 0 0 0 0 0 0 0 0 0 1 1 1 1 1 0 0 0 0 0 0 0 0 0 0 0 0 0 0 0 0 0 0 0 0 0 0 0 0 0 0 0 0 0 0 0 0 0 0 0 0 0 0 0 0 0 0 0 0 0 0 0 
0 0 0 0 0 0 0 0 0 0 0 0 0 0 0 0 0 0 0 0 0 0 0 0 0 0 0 0 0 0 0 0 0 0 0 0 0 0 0 0 0 0 0 0 0 0 0 0 0 1 1 1 1 1 0 0 0 0 0 0 0 0 0 0 0 0 0 0 0 0 0 0 0 0 0 0 0 0 0 0 0 0 0 0 0 0 0 0 0 0 0 0 0 0 0 0 0 0 0 0 
0 0 0 0 0 0 0 0 0 0 0 0 0 0 0 0 0 0 0 0 0 0 0 0 0 0 0 0 0 0 0 0 0 0 0 0 0 0 0 0 0 0 0 0 0 0 0 0 0 0 1 1 1 1 1 0 0 0 0 0 0 0 0 0 0 0 0 0 0 0 0 0 0 0 0 0 0 0 0 0 0 0 0 0 0 0 0 0 0 0 0 0 0 0 0 0 0 0 0 0 
0 0 0 0 0 0 0 0 0 0 0 0 0 0 0 0 0 0 0 0 0 0 0 0 0 0 0 0 0 0 0 0 0 0 0 0 0 0 0 0 0 0 0 0 0 0 0 0 0 0 0 1 1 1 1 1 0 0 0 0 0 0 0 0 0 0 0 0 0 0 0 0 0 0 0 0 0 0 0 0 0 0 0 0 0 0 0 0 0 0 0 0 0 0 0 0 0 0 0 0 
0 0 0 0 0 0 0 0 0 0 0 0 0 0 0 0 0 0 0 0 0 0 0 0 0 0 0 0 0 0 0 0 0 0 0 0 0 0 0 0 0 0 0 0 0 0 0 0 0 0 0 0 1 1 1 1 1 0 0 0 0 0 0 0 0 0 0 0 0 0 0 0 0 0 0 0 0 0 0 0 0 0 0 0 0 0 0 0 0 0 0 0 0 0 0 0 0 0 0 0 
0 0 0 0 0 0 0 0 0 0 0 0 0 0 0 0 0 0 0 0 0 0 0 0 0 0 0 0 0 0 0 0 0 0 0 0 0 0 0 0 0 0 0 0 0 0 0 0 0 0 0 0 0 1 1 1 1 1 0 0 0 0 0 0 0 0 0 0 0 0 0 0 0 0 0 0 0 0 0 0 0 0 0 0 0 0 0 0 0 0 0 0 0 0 0 0 0 0 0 0 
0 0 0 0 0 0 0 0 0 0 0 0 0 0 0 0 0 0 0 0 0 0 0 0 0 0 0 0 0 0 0 0 0 0 0 0 0 0 0 0 0 0 0 0 0 0 0 0 0 0 0 0 0 0 1 1 1 1 1 0 0 0 0 0 0 0 0 0 0 0 0 0 0 0 0 0 0 0 0 0 0 0 0 0 0 0 0 0 0 0 0 0 0 0 0 0 0 0 0 0 
0 0 0 0 0 0 0 0 0 0 0 0 0 0 0 0 0 0 0 0 0 0 0 0 0 0 0 0 0 0 0 0 0 0 0 0 0 0 0 0 0 0 0 0 0 0 0 0 0 0 0 0 0 0 0 1 1 1 1 1 0 0 0 0 0 0 0 0 0 0 0 0 0 0 0 0 0 0 0 0 0 0 0 0 0 0 0 0 0 0 0 0 0 0 0 0 0 0 0 0 
0 0 0 0 0 0 0 0 0 0 0 0 0 0 0 0 0 0 0 0 0 0 0 0 0 0 0 0 0 0 0 0 0 0 0 0 0 0 0 0 0 0 0 0 0 0 0 0 0 0 0 0 0 0 0 0 1 1 1 1 1 0 0 0 0 0 0 0 0 0 0 0 0 0 0 0 0 0 0 0 0 0 0 0 0 0 0 0 0 0 0 0 0 0 0 0 0 0 0 0 
0 0 0 0 0 0 0 0 0 0 0 0 0 0 0 0 0 0 0 0 0 0 0 0 0 0 0 0 0 0 0 0 0 0 0 0 0 0 0 0 0 0 0 0 0 0 0 0 0 0 0 0 0 0 0 0 0 1 1 1 1 1 0 0 0 0 0 0 0 0 0 0 0 0 0 0 0 0 0 0 0 0 0 0 0 0 0 0 0 0 0 0 0 0 0 0 0 0 0 0 
0 0 0 0 0 0 0 0 0 0 0 0 0 0 0 0 0 0 0 0 0 0 0 0 0 0 0 0 0 0 0 0 0 0 0 0 0 0 0 0 0 0 0 0 0 0 0 0 0 0 0 0 0 0 0 0 0 0 1 1 1 1 1 0 0 0 0 0 0 0 0 0 0 0 0 0 0 0 0 0 0 0 0 0 0 0 0 0 0 0 0 0 0 0 0 0 0 0 0 0 
0 0 0 0 0 0 0 0 0 0 0 0 0 0 0 0 0 0 0 0 0 0 0 0 0 0 0 0 0 0 0 0 0 0 0 0 0 0 0 0 0 0 0 0 0 0 0 0 0 0 0 0 0 0 0 0 0 0 0 1 1 1 1 1 0 0 0 0 0 0 0 0 0 0 0 0 0 0 0 0 0 0 0 0 0 0 0 0 0 0 0 0 0 0 0 0 0 0 0 0 
0 0 0 0 0 0 0 0 0 0 0 0 0 0 0 0 0 0 0 0 0 0 0 0 0 0 0 0 0 0 0 0 0 0 0 0 0 0 0 0 0 0 0 0 0 0 0 0 0 0 0 0 0 0 0 0 0 0 0 0 1 1 1 1 1 0 0 0 0 0 0 0 0 0 0 0 0 0 0 0 0 0 0 0 0 0 0 0 0 0 0 0 0 0 0 0 0 0 0 0 
0 0 0 0 0 0 0 0 0 0 0 0 0 0 0 0 0 0 0 0 0 0 0 0 0 0 0 0 0 0 0 0 0 0 0 0 0 0 0 0 0 0 0 0 0 0 0 0 0 0 0 0 0 0 0 0 0 0 0 0 0 1 1 1 1 1 0 0 0 0 0 0 0 0 0 0 0 0 0 0 0 0 0 0 0 0 0 0 0 0 0 0 0 0 0 0 0 0 0 0 
0 0 0 0 0 0 0 0 0 0 0 0 0 0 0 0 0 0 0 0 0 0 0 0 0 0 0 0 0 0 0 0 0 0 0 0 0 0 0 0 0 0 0 0 0 0 0 0 0 0 0 0 0 0 0 0 0 0 0 0 0 0 1 1 1 1 1 0 0 0 0 0 0 0 0 0 0 0 0 0 0 0 0 0 0 0 0 0 0 0 0 0 0 0 0 0 0 0 0 0 
0 0 0 0 0 0 0 0 0 0 0 0 0 0 0 0 0 0 0 0 0 0 0 0 0 0 0 0 0 0 0 0 0 0 0 0 0 0 0 0 0 0 0 0 0 0 0 0 0 0 0 0 0 0 0 0 0 0 0 0 0 0 0 1 1 1 1 1 0 0 0 0 0 0 0 0 0 0 0 0 0 0 0 0 0 0 0 0 0 0 0 0 0 0 0 0 0 0 0 0 
0 0 0 0 0 0 0 0 0 0 0 0 0 0 0 0 0 0 0 0 0 0 0 0 0 0 0 0 0 0 0 0 0 0 0 0 0 0 0 0 0 0 0 0 0 0 0 0 0 0 0 0 0 0 0 0 0 0 0 0 0 0 0 0 1 1 1 1 1 0 0 0 0 0 0 0 0 0 0 0 0 0 0 0 0 0 0 0 0 0 0 0 0 0 0 0 0 0 0 0 
0 0 0 0 0 0 0 0 0 0 0 0 0 0 0 0 0 0 0 0 0 0 0 0 0 0 0 0 0 0 0 0 0 0 0 0 0 0 0 0 0 0 0 0 0 0 0 0 0 0 0 0 0 0 0 0 0 0 0 0 0 0 0 0 0 1 1 1 1 1 0 0 0 0 0 0 0 0 0 0 0 0 0 0 0 0 0 0 0 0 0 0 0 0 0 0 0 0 0 0 
0 0 0 0 0 0 0 0 0 0 0 0 0 0 0 0 0 0 0 0 0 0 0 0 0 0 0 0 0 0 0 0 0 0 0 0 0 0 0 0 0 0 0 0 0 0 0 0 0 0 0 0 0 0 0 0 0 0 0 0 0 0 0 0 0 0 1 1 1 1 1 0 0 0 0 0 0 0 0 0 0 0 0 0 0 0 0 0 0 0 0 0 0 0 0 0 0 0 0 0 
0 0 0 0 0 0 0 0 0 0 0 0 0 0 0 0 0 0 0 0 0 0 0 0 0 0 0 0 0 0 0 0 0 0 0 0 0 0 0 0 0 0 0 0 0 0 0 0 0 0 0 0 0 0 0 0 0 0 0 0 0 0 0 0 0 0 0 1 1 1 1 1 0 0 0 0 0 0 0 0 0 0 0 0 0 0 0 0 0 0 0 0 0 0 0 0 0 0 0 0 
0 0 0 0 0 0 0 0 0 0 0 0 0 0 0 0 0 0 0 0 0 0 0 0 0 0 0 0 0 0 0 0 0 0 0 0 0 0 0 0 0 0 0 0 0 0 0 0 0 0 0 0 0 0 0 0 0 0 0 0 0 0 0 0 0 0 0 0 1 1 1 1 1 0 0 0 0 0 0 0 0 0 0 0 0 0 0 0 0 0 0 0 0 0 0 0 0 0 0 0 
0 0 0 0 0 0 0 0 0 0 0 0 0 0 0 0 0 0 0 0 0 0 0 0 0 0 0 0 0 0 0 0 0 0 0 0 0 0 0 0 0 0 0 0 0 0 0 0 0 0 0 0 0 0 0 0 0 0 0 0 0 0 0 0 0 0 0 0 0 1 1 1 1 1 0 0 0 0 0 0 0 0 0 0 0 0 0 0 0 0 0 0 0 0 0 0 0 0 0 0 
0 0 0 0 0 0 0 0 0 0 0 0 0 0 0 0 0 0 0 0 0 0 0 0 0 0 0 0 0 0 0 0 0 0 0 0 0 0 0 0 0 0 0 0 0 0 0 0 0 0 0 0 0 0 0 0 0 0 0 0 0 0 0 0 0 0 0 0 0 0 1 1 1 1 1 0 0 0 0 0 0 0 0 0 0 0 0 0 0 0 0 0 0 0 0 0 0 0 0 0 
0 0 0 0 0 0 0 0 0 0 0 0 0 0 0 0 0 0 0 0 0 0 0 0 0 0 0 0 0 0 0 0 0 0 0 0 0 0 0 0 0 0 0 0 0 0 0 0 0 0 0 0 0 0 0 0 0 0 0 0 0 0 0 0 0 0 0 0 0 0 0 1 1 1 1 1 0 0 0 0 0 0 0 0 0 0 0 0 0 0 0 0 0 0 0 0 0 0 0 0 
0 0 0 0 0 0 0 0 0 0 0 0 0 0 0 0 0 0 0 0 0 0 0 0 0 0 0 0 0 0 0 0 0 0 0 0 0 0 0 0 0 0 0 0 0 0 0 0 0 0 0 0 0 0 0 0 0 0 0 0 0 0 0 0 0 0 0 0 0 0 0 0 1 1 1 1 1 0 0 0 0 0 0 0 0 0 0 0 0 0 0 0 0 0 0 0 0 0 0 0 
0 0 0 0 0 0 0 0 0 0 0 0 0 0 0 0 0 0 0 0 0 0 0 0 0 0 0 0 0 0 0 0 0 0 0 0 0 0 0 0 0 0 0 0 0 0 0 0 0 0 0 0 0 0 0 0 0 0 0 0 0 0 0 0 0 0 0 0 0 0 0 0 0 1 1 1 1 1 0 0 0 0 0 0 0 0 0 0 0 0 0 0 0 0 0 0 0 0 0 0 
0 0 0 0 0 0 0 0 0 0 0 0 0 0 0 0 0 0 0 0 0 0 0 0 0 0 0 0 0 0 0 0 0 0 0 0 0 0 0 0 0 0 0 0 0 0 0 0 0 0 0 0 0 0 0 0 0 0 0 0 0 0 0 0 0 0 0 0 0 0 0 0 0 0 1 1 1 1 1 0 0 0 0 0 0 0 0 0 0 0 0 0 0 0 0 0 0 0 0 0 
0 0 0 0 0 0 0 0 0 0 0 0 0 0 0 0 0 0 0 0 0 0 0 0 0 0 0 0 0 0 0 0 0 0 0 0 0 0 0 0 0 0 0 0 0 0 0 0 0 0 0 0 0 0 0 0 0 0 0 0 0 0 0 0 0 0 0 0 0 0 0 0 0 0 0 1 1 1 1 1 0 0 0 0 0 0 0 0 0 0 0 0 0 0 0 0 0 0 0 0 
0 0 0 0 0 0 0 0 0 0 0 0 0 0 0 0 0 0 0 0 0 0 0 0 0 0 0 0 0 0 0 0 0 0 0 0 0 0 0 0 0 0 0 0 0 0 0 0 0 0 0 0 0 0 0 0 0 0 0 0 0 0 0 0 0 0 0 0 0 0 0 0 0 0 0 0 1 1 1 1 1 0 0 0 0 0 0 0 0 0 0 0 0 0 0 0 0 0 0 0 
0 0 0 0 0 0 0 0 0 0 0 0 0 0 0 0 0 0 0 0 0 0 0 0 0 0 0 0 0 0 0 0 0 0 0 0 0 0 0 0 0 0 0 0 0 0 0 0 0 0 0 0 0 0 0 0 0 0 0 0 0 0 0 0 0 0 0 0 0 0 0 0 0 0 0 0 0 1 1 1 1 1 0 0 0 0 0 0 0 0 0 0 0 0 0 0 0 0 0 0 
0 0 0 0 0 0 0 0 0 0 0 0 0 0 0 0 0 0 0 0 0 0 0 0 0 0 0 0 0 0 0 0 0 0 0 0 0 0 0 0 0 0 0 0 0 0 0 0 0 0 0 0 0 0 0 0 0 0 0 0 0 0 0 0 0 0 0 0 0 0 0 0 0 0 0 0 0 0 1 1 1 1 1 0 0 0 0 0 0 0 0 0 0 0 0 0 0 0 0 0 
0 0 0 0 0 0 0 0 0 0 0 0 0 0 0 0 0 0 0 0 0 0 0 0 0 0 0 0 0 0 0 0 0 0 0 0 0 0 0 0 0 0 0 0 0 0 0 0 0 0 0 0 0 0 0 0 0 0 0 0 0 0 0 0 0 0 0 0 0 0 0 0 0 0 0 0 0 0 0 1 1 1 1 1 0 0 0 0 0 0 0 0 0 0 0 0 0 0 0 0 
0 0 0 0 0 0 0 0 0 0 0 0 0 0 0 0 0 0 0 0 0 0 0 0 0 0 0 0 0 0 0 0 0 0 0 0 0 0 0 0 0 0 0 0 0 0 0 0 0 0 0 0 0 0 0 0 0 0 0 0 0 0 0 0 0 0 0 0 0 0 0 0 0 0 0 0 0 0 0 0 1 1 1 1 1 0 0 0 0 0 0 0 0 0 0 0 0 0 0 0 
0 0 0 0 0 0 0 0 0 0 0 0 0 0 0 0 0 0 0 0 0 0 0 0 0 0 0 0 0 0 0 0 0 0 0 0 0 0 0 0 0 0 0 0 0 0 0 0 0 0 0 0 0 0 0 0 0 0 0 0 0 0 0 0 0 0 0 0 0 0 0 0 0 0 0 0 0 0 0 0 0 1 1 1 1 1 0 0 0 0 0 0 0 0 0 0 0 0 0 0 
0 0 0 0 0 0 0 0 0 0 0 0 0 0 0 0 0 0 0 0 0 0 0 0 0 0 0 0 0 0 0 0 0 0 0 0 0 0 0 0 0 0 0 0 0 0 0 0 0 0 0 0 0 0 0 0 0 0 0 0 0 0 0 0 0 0 0 0 0 0 0 0 0 0 0 0 0 0 0 0 0 0 1 1 1 1 1 0 0 0 0 0 0 0 0 0 0 0 0 0 
0 0 0 0 0 0 0 0 0 0 0 0 0 0 0 0 0 0 0 0 0 0 0 0 0 0 0 0 0 0 0 0 0 0 0 0 0 0 0 0 0 0 0 0 0 0 0 0 0 0 0 0 0 0 0 0 0 0 0 0 0 0 0 0 0 0 0 0 0 0 0 0 0 0 0 0 0 0 0 0 0 0 0 1 1 1 1 1 0 0 0 0 0 0 0 0 0 0 0 0 
0 0 0 0 0 0 0 0 0 0 0 0 0 0 0 0 0 0 0 0 0 0 0 0 0 0 0 0 0 0 0 0 0 0 0 0 0 0 0 0 0 0 0 0 0 0 0 0 0 0 0 0 0 0 0 0 0 0 0 0 0 0 0 0 0 0 0 0 0 0 0 0 0 0 0 0 0 0 0 0 0 0 0 0 1 1 1 1 1 0 0 0 0 0 0 0 0 0 0 0 
0 0 0 0 0 0 0 0 0 0 0 0 0 0 0 0 0 0 0 0 0 0 0 0 0 0 0 0 0 0 0 0 0 0 0 0 0 0 0 0 0 0 0 0 0 0 0 0 0 0 0 0 0 0 0 0 0 0 0 0 0 0 0 0 0 0 0 0 0 0 0 0 0 0 0 0 0 0 0 0 0 0 0 0 0 1 1 1 1 1 0 0 0 0 0 0 0 0 0 0 
0 0 0 0 0 0 0 0 0 0 0 0 0 0 0 0 0 0 0 0 0 0 0 0 0 0 0 0 0 0 0 0 0 0 0 0 0 0 0 0 0 0 0 0 0 0 0 0 0 0 0 0 0 0 0 0 0 0 0 0 0 0 0 0 0 0 0 0 0 0 0 0 0 0 0 0 0 0 0 0 0 0 0 0 0 0 1 1 1 1 1 0 0 0 0 0 0 0 0 0 
0 0 0 0 0 0 0 0 0 0 0 0 0 0 0 0 0 0 0 0 0 0 0 0 0 0 0 0 0 0 0 0 0 0 0 0 0 0 0 0 0 0 0 0 0 0 0 0 0 0 0 0 0 0 0 0 0 0 0 0 0 0 0 0 0 0 0 0 0 0 0 0 0 0 0 0 0 0 0 0 0 0 0 0 0 0 0 1 1 1 1 1 0 0 0 0 0 0 0 0 
0 0 0 0 0 0 0 0 0 0 0 0 0 0 0 0 0 0 0 0 0 0 0 0 0 0 0 0 0 0 0 0 0 0 0 0 0 0 0 0 0 0 0 0 0 0 0 0 0 0 0 0 0 0 0 0 0 0 0 0 0 0 0 0 0 0 0 0 0 0 0 0 0 0 0 0 0 0 0 0 0 0 0 0 0 0 0 0 1 1 1 1 1 0 0 0 0 0 0 0 
0 0 0 0 0 0 0 0 0 0 0 0 0 0 0 0 0 0 0 0 0 0 0 0 0 0 0 0 0 0 0 0 0 0 0 0 0 0 0 0 0 0 0 0 0 0 0 0 0 0 0 0 0 0 0 0 0 0 0 0 0 0 0 0 0 0 0 0 0 0 0 0 0 0 0 0 0 0 0 0 0 0 0 0 0 0 0 0 0 1 1 1 1 1 0 0 0 0 0 0 
0 0 0 0 0 0 0 0 0 0 0 0 0 0 0 0 0 0 0 0 0 0 0 0 0 0 0 0 0 0 0 0 0 0 0 0 0 0 0 0 0 0 0 0 0 0 0 0 0 0 0 0 0 0 0 0 0 0 0 0 0 0 0 0 0 0 0 0 0 0 0 0 0 0 0 0 0 0 0 0 0 0 0 0 0 0 0 0 0 0 1 1 1 1 1 0 0 0 0 0 
0 0 0 0 0 0 0 0 0 0 0 0 0 0 0 0 0 0 0 0 0 0 0 0 0 0 0 0 0 0 0 0 0 0 0 0 0 0 0 0 0 0 0 0 0 0 0 0 0 0 0 0 0 0 0 0 0 0 0 0 0 0 0 0 0 0 0 0 0 0 0 0 0 0 0 0 0 0 0 0 0 0 0 0 0 0 0 0 0 0 0 1 1 1 1 1 0 0 0 0 
0 0 0 0 0 0 0 0 0 0 0 0 0 0 0 0 0 0 0 0 0 0 0 0 0 0 0 0 0 0 0 0 0 0 0 0 0 0 0 0 0 0 0 0 0 0 0 0 0 0 0 0 0 0 0 0 0 0 0 0 0 0 0 0 0 0 0 0 0 0 0 0 0 0 0 0 0 0 0 0 0 0 0 0 0 0 0 0 0 0 0 0 1 1 1 1 1 0 0 0 
0 0 0 0 0 0 0 0 0 0 0 0 0 0 0 0 0 0 0 0 0 0 0 0 0 0 0 0 0 0 0 0 0 0 0 0 0 0 0 0 0 0 0 0 0 0 0 0 0 0 0 0 0 0 0 0 0 0 0 0 0 0 0 0 0 0 0 0 0 0 0 0 0 0 0 0 0 0 0 0 0 0 0 0 0 0 0 0 0 0 0 0 0 1 1 1 1 1 0 0 
0 0 0 0 0 0 0 0 0 0 0 0 0 0 0 0 0 0 0 0 0 0 0 0 0 0 0 0 0 0 0 0 0 0 0 0 0 0 0 0 0 0 0 0 0 0 0 0 0 0 0 0 0 0 0 0 0 0 0 0 0 0 0 0 0 0 0 0 0 0 0 0 0 0 0 0 0 0 0 0 0 0 0 0 0 0 0 0 0 0 0 0 0 0 1 1 1 1 1 0 
0 0 0 0 0 0 0 0 0 0 0 0 0 0 0 0 0 0 0 0 0 0 0 0 0 0 0 0 0 0 0 0 0 0 0 0 0 0 0 0 0 0 0 0 0 0 0 0 0 0 0 0 0 0 0 0 0 0 0 0 0 0 0 0 0 0 0 0 0 0 0 0 0 0 0 0 0 0 0 0 0 0 0 0 0 0 0 0 0 0 0 0 0 0 0 1 1 1 1 1 
1 0 0 0 0 0 0 0 0 0 0 0 0 0 0 0 0 0 0 0 0 0 0 0 0 0 0 0 0 0 0 0 0 0 0 0 0 0 0 0 0 0 0 0 0 0 0 0 0 0 0 0 0 0 0 0 0 0 0 0 0 0 0 0 0 0 0 0 0 0 0 0 0 0 0 0 0 0 0 0 0 0 0 0 0 0 0 0 0 0 0 0 0 0 0 0 1 1 1 1 
1 1 0 0 0 0 0 0 0 0 0 0 0 0 0 0 0 0 0 0 0 0 0 0 0 0 0 0 0 0 0 0 0 0 0 0 0 0 0 0 0 0 0 0 0 0 0 0 0 0 0 0 0 0 0 0 0 0 0 0 0 0 0 0 0 0 0 0 0 0 0 0 0 0 0 0 0 0 0 0 0 0 0 0 0 0 0 0 0 0 0 0 0 0 0 0 0 1 1 1 
1 1 1 0 0 0 0 0 0 0 0 0 0 0 0 0 0 0 0 0 0 0 0 0 0 0 0 0 0 0 0 0 0 0 0 0 0 0 0 0 0 0 0 0 0 0 0 0 0 0 0 0 0 0 0 0 0 0 0 0 0 0 0 0 0 0 0 0 0 0 0 0 0 0 0 0 0 0 0 0 0 0 0 0 0 0 0 0 0 0 0 0 0 0 0 0 0 0 1 1 
1 1 1 1 0 0 0 0 0 0 0 0 0 0 0 0 0 0 0 0 0 0 0 0 0 0 0 0 0 0 0 0 0 0 0 0 0 0 0 0 0 0 0 0 0 0 0 0 0 0 0 0 0 0 0 0 0 0 0 0 0 0 0 0 0 0 0 0 0 0 0 0 0 0 0 0 0 0 0 0 0 0 0 0 0 0 0 0 0 0 0 0 0 0 0 0 0 0 0 1 
